QPF/QPF_202208082200-20.txt
ncols 525
nrows 625
xllcorner -31082
yllcorner 11395
cellsize 1000.0
NODATA_value -9999.0
[rows 152 to 189 of 625, columns 420 to 503 of 525]
1.53 1.57 1.68 1.70 1.77 1.79 1.77 1.87 1.96 2.12 2.04 2.12 2.15 2.21 1.93 2.07 2.10 2.07 2.01 1.85 1.85 1.89 1.85 1.83 1.88 1.88 1.83 1.83 1.76 1.80 1.76 1.74 1.76 1.72 1.66 1.55 1.67 1.70 1.72 1.70 1.62 1.65 1.44 1.41 1.30 1.21 1.10 0.99 0.93 0.88 0.79 0.74 0.65 0.59 0.55 0.55 0.54 0.54 0.55 0.56 0.51 0.41 0.31 0.23 0.21 0.14 0.07 0.02 0.00 0.00 0.00 0.00 0.00 0.00 0.00 0.00 0.00 0.00 0.00 0.00 0.00 0.00 0.00 0.00
1.56 1.52 1.67 1.70 1.78 1.76 1.82 1.84 1.97 2.08 2.04 2.12 2.12 2.17 1.89 1.92 1.97 1.93 1.94 1.77 1.71 1.66 1.69 1.72 1.71 1.76 1.66 1.68 1.63 1.64 1.71 1.63 1.62 1.64 1.66 1.53 1.58 1.69 1.66 1.69 1.59 1.51 1.46 1.32 1.23 1.13 1.01 0.87 0.82 0.81 0.76 0.71 0.62 0.57 0.54 0.52 0.52 0.53 0.53 0.50 0.45 0.34 0.27 0.20 0.18 0.13 0.04 0.01 0.00 0.00 0.00 0.00 0.00 0.00 0.00 0.00 0.00 0.00 0.00 0.00 0.00 0.00 0.00 0.00
1.55 1.53 1.66 1.70 1.75 1.82 1.77 1.79 1.89 1.94 2.02 2.03 2.09 1.97 1.91 1.82 1.93 1.90 1.73 1.72 1.64 1.58 1.59 1.59 1.62 1.64 1.62 1.60 1.57 1.59 1.58 1.59 1.54 1.58 1.59 1.54 1.54 1.68 1.61 1.59 1.61 1.48 1.46 1.31 1.15 0.99 0.89 0.81 0.77 0.80 0.73 0.70 0.62 0.55 0.52 0.48 0.48 0.50 0.47 0.42 0.38 0.29 0.23 0.17 0.15 0.09 0.02 0.00 0.00 0.00 0.00 0.00 0.00 0.00 0.00 0.00 0.00 0.00 0.00 0.00 0.00 0.00 0.00 0.00
1.49 1.67 1.68 1.67 1.78 1.84 1.82 1.83 1.95 1.96 1.95 2.01 2.11 1.93 1.77 1.76 1.77 1.79 1.69 1.58 1.56 1.47 1.44 1.41 1.45 1.51 1.47 1.50 1.43 1.49 1.49 1.46 1.42 1.41 1.46 1.49 1.49 1.48 1.55 1.55 1.47 1.41 1.34 1.30 0.97 0.84 0.77 0.71 0.73 0.77 0.71 0.71 0.64 0.52 0.48 0.43 0.42 0.43 0.41 0.35 0.32 0.27 0.21 0.16 0.12 0.06 0.02 0.00 0.00 0.00 0.00 0.00 0.00 0.00 0.00 0.00 0.00 0.00 0.00 0.00 0.00 0.00 0.00 0.00
1.52 1.61 1.70 1.71 1.82 1.84 1.79 1.83 1.90 1.98 1.99 2.03 2.02 1.98 1.75 1.73 1.71 1.64 1.60 1.56 1.49 1.39 1.37 1.31 1.32 1.36 1.40 1.38 1.38 1.42 1.43 1.43 1.29 1.25 1.35 1.41 1.51 1.54 1.48 1.47 1.43 1.26 1.26 1.23 0.93 0.78 0.70 0.68 0.73 0.74 0.71 0.69 0.60 0.50 0.44 0.40 0.39 0.37 0.34 0.31 0.29 0.24 0.19 0.14 0.10 0.06 0.02 0.00 0.00 0.00 0.00 0.00 0.00 0.00 0.00 0.00 0.00 0.00 0.00 0.00 0.00 0.00 0.00 0.00
1.52 1.65 1.71 1.76 1.77 1.87 1.90 1.88 1.92 1.99 1.99 1.93 1.80 1.95 1.81 1.65 1.66 1.55 1.49 1.44 1.45 1.29 1.25 1.23 1.19 1.21 1.25 1.28 1.31 1.34 1.33 1.34 1.22 1.07 1.24 1.39 1.40 1.47 1.45 1.41 1.35 1.32 1.21 1.16 0.98 0.81 0.73 0.69 0.73 0.72 0.71 0.64 0.54 0.51 0.44 0.41 0.38 0.37 0.33 0.30 0.29 0.25 0.20 0.14 0.10 0.07 0.03 0.01 0.00 0.00 0.00 0.00 0.00 0.00 0.00 0.00 0.00 0.00 0.00 0.00 0.00 0.00 0.00 0.00
1.55 1.64 1.74 1.75 1.84 1.88 1.97 1.91 2.02 1.98 1.93 1.92 1.82 1.82 1.84 1.63 1.50 1.46 1.40 1.35 1.26 1.21 1.17 1.11 1.13 1.12 1.14 1.17 1.21 1.25 1.27 1.22 1.06 1.07 1.17 1.18 1.37 1.39 1.42 1.34 1.27 1.30 1.23 1.25 1.02 0.87 0.80 0.78 0.72 0.69 0.72 0.59 0.50 0.49 0.46 0.43 0.41 0.39 0.35 0.31 0.30 0.26 0.20 0.14 0.12 0.10 0.05 0.02 0.00 0.00 0.00 0.00 0.00 0.00 0.00 0.00 0.00 0.00 0.00 0.00 0.00 0.00 0.00 0.00
1.53 1.67 1.69 1.82 1.83 1.90 1.98 1.95 1.88 1.93 1.88 1.77 1.73 1.77 1.76 1.55 1.44 1.36 1.34 1.27 1.17 1.10 1.11 1.02 1.07 1.05 1.04 1.07 1.11 1.14 1.21 1.23 1.07 1.03 1.20 1.17 1.19 1.22 1.21 1.20 1.13 1.19 1.16 1.18 1.02 0.88 0.83 0.80 0.74 0.67 0.71 0.56 0.55 0.52 0.50 0.49 0.47 0.45 0.41 0.36 0.33 0.27 0.21 0.17 0.15 0.13 0.07 0.03 0.01 0.00 0.00 0.00 0.00 0.00 0.00 0.00 0.00 0.00 0.00 0.00 0.00 0.00 0.00 0.00
1.59 1.65 1.73 1.81 1.88 1.86 1.87 1.94 1.91 1.88 1.89 1.73 1.72 1.71 1.57 1.48 1.38 1.27 1.22 1.17 1.08 1.04 1.02 0.98 1.01 0.98 0.97 1.00 1.02 1.01 1.09 1.12 0.99 1.00 1.03 1.03 1.05 1.03 0.86 0.91 1.03 1.07 1.05 0.90 0.89 0.91 0.84 0.78 0.72 0.67 0.66 0.61 0.65 0.57 0.56 0.55 0.53 0.50 0.45 0.41 0.37 0.29 0.22 0.19 0.17 0.15 0.09 0.04 0.01 0.00 0.00 0.00 0.00 0.00 0.00 0.00 0.00 0.00 0.00 0.00 0.00 0.00 0.00 0.00
1.65 1.62 1.72 1.83 1.90 1.90 1.79 1.80 1.81 1.93 1.80 1.64 1.66 1.71 1.51 1.40 1.28 1.16 1.11 1.04 1.02 0.96 0.91 0.95 0.92 0.91 0.92 0.92 0.94 0.93 0.87 0.95 0.93 0.92 0.98 0.93 0.95 0.91 0.76 0.88 0.91 1.00 1.01 0.92 0.93 0.93 0.87 0.77 0.70 0.63 0.64 0.68 0.70 0.60 0.58 0.59 0.56 0.53 0.49 0.45 0.41 0.34 0.29 0.24 0.20 0.16 0.10 0.06 0.02 0.00 0.00 0.00 0.00 0.00 0.00 0.00 0.00 0.00 0.00 0.00 0.00 0.00 0.00 0.00
1.63 1.67 1.68 1.78 1.82 1.86 1.82 1.69 1.68 1.82 1.78 1.67 1.62 1.62 1.46 1.37 1.20 1.12 1.11 0.96 0.91 0.87 0.87 0.89 0.86 0.86 0.84 0.88 0.87 0.83 0.79 0.81 0.82 0.82 0.88 0.88 0.85 0.85 0.80 0.85 0.95 1.01 0.98 0.94 0.99 0.97 0.89 0.78 0.66 0.62 0.64 0.75 0.73 0.60 0.59 0.61 0.60 0.56 0.52 0.48 0.43 0.38 0.34 0.30 0.26 0.22 0.16 0.10 0.03 0.01 0.00 0.00 0.00 0.00 0.00 0.00 0.00 0.00 0.00 0.00 0.00 0.00 0.00 0.00
1.64 1.68 1.69 1.71 1.81 1.79 1.80 1.67 1.69 1.70 1.73 1.67 1.62 1.61 1.41 1.34 1.19 1.07 1.03 0.88 0.85 0.81 0.80 0.81 0.82 0.79 0.79 0.82 0.80 0.82 0.77 0.74 0.78 0.80 0.77 0.78 0.80 0.88 0.79 0.87 1.01 1.00 0.99 0.95 0.91 0.92 0.84 0.80 0.68 0.65 0.66 0.74 0.67 0.59 0.65 0.63 0.63 0.58 0.55 0.50 0.47 0.42 0.38 0.34 0.30 0.25 0.20 0.14 0.06 0.02 0.01 0.00 0.01 0.00 0.00 0.00 0.00 0.00 0.00 0.00 0.00 0.00 0.00 0.00
1.59 1.68 1.61 1.67 1.66 1.70 1.63 1.64 1.65 1.67 1.59 1.65 1.54 1.55 1.39 1.29 1.15 1.07 0.98 0.89 0.82 0.77 0.77 0.76 0.78 0.74 0.75 0.76 0.77 0.80 0.77 0.76 0.76 0.78 0.82 0.84 0.84 0.86 0.92 0.88 0.97 1.01 0.95 0.97 0.93 0.96 0.94 0.82 0.76 0.76 0.66 0.54 0.58 0.61 0.69 0.64 0.65 0.60 0.59 0.53 0.48 0.43 0.40 0.38 0.34 0.31 0.26 0.16 0.10 0.04 0.03 0.02 0.01 0.01 0.00 0.00 0.00 0.00 0.00 0.00 0.00 0.00 0.00 0.00
1.64 1.60 1.55 1.52 1.65 1.60 1.45 1.55 1.61 1.62 1.55 1.51 1.50 1.44 1.36 1.26 1.11 1.03 0.95 0.86 0.82 0.75 0.75 0.72 0.73 0.67 0.70 0.72 0.74 0.74 0.75 0.74 0.77 0.80 0.82 0.83 0.89 0.89 0.91 0.87 0.91 0.94 0.91 0.92 0.92 0.95 0.93 0.89 0.80 0.72 0.64 0.59 0.57 0.70 0.72 0.70 0.69 0.66 0.61 0.58 0.54 0.49 0.45 0.42 0.39 0.36 0.30 0.21 0.13 0.08 0.07 0.04 0.03 0.02 0.01 0.01 0.00 0.00 0.00 0.00 0.00 0.00 0.00 0.00
1.64 1.60 1.44 1.36 1.47 1.52 1.55 1.48 1.56 1.62 1.51 1.43 1.42 1.44 1.28 1.22 1.05 1.01 0.88 0.83 0.76 0.74 0.69 0.72 0.66 0.62 0.67 0.68 0.70 0.70 0.71 0.74 0.77 0.81 0.82 0.84 0.92 0.97 0.90 0.88 0.88 0.96 0.98 0.93 0.89 0.87 0.84 0.92 0.87 0.81 0.74 0.61 0.63 0.75 0.76 0.80 0.74 0.70 0.62 0.59 0.57 0.55 0.59 0.53 0.50 0.42 0.34 0.26 0.17 0.11 0.08 0.06 0.04 0.04 0.03 0.02 0.00 0.00 0.00 0.00 0.00 0.00 0.00 0.00
1.58 1.51 1.40 1.33 1.31 1.45 1.51 1.48 1.49 1.49 1.43 1.42 1.34 1.25 1.24 1.14 1.03 0.95 0.85 0.81 0.74 0.71 0.69 0.66 0.63 0.63 0.61 0.63 0.69 0.63 0.68 0.73 0.73 0.77 0.78 0.79 0.86 0.95 0.87 0.87 0.86 0.92 0.95 0.93 0.90 0.93 0.83 0.91 0.92 0.88 0.77 0.78 0.81 0.83 0.84 0.85 0.79 0.74 0.68 0.56 0.55 0.57 0.61 0.61 0.59 0.47 0.41 0.28 0.19 0.13 0.10 0.07 0.07 0.07 0.05 0.03 0.01 0.00 0.00 0.00 0.00 0.00 0.00 0.00
1.59 1.60 1.38 1.27 1.30 1.39 1.40 1.48 1.46 1.43 1.39 1.28 1.26 1.21 1.16 1.05 0.97 0.88 0.80 0.77 0.73 0.70 0.68 0.64 0.63 0.59 0.62 0.64 0.68 0.64 0.66 0.68 0.67 0.72 0.74 0.77 0.78 0.88 0.85 0.85 0.88 0.89 0.87 0.93 0.94 0.91 0.87 0.93 0.95 0.92 0.76 0.80 0.86 0.90 0.85 0.89 0.83 0.80 0.68 0.61 0.58 0.63 0.63 0.66 0.59 0.58 0.47 0.34 0.24 0.15 0.13 0.10 0.10 0.10 0.07 0.05 0.03 0.01 0.01 0.00 0.00 0.00 0.00 0.00
1.55 1.49 1.41 1.34 1.32 1.38 1.31 1.37 1.38 1.33 1.28 1.22 1.19 1.17 1.06 0.98 0.89 0.82 0.79 0.75 0.72 0.68 0.63 0.65 0.59 0.60 0.63 0.60 0.63 0.62 0.65 0.65 0.64 0.68 0.68 0.72 0.75 0.80 0.81 0.79 0.83 0.90 0.83 0.92 0.89 0.93 0.86 0.87 0.92 0.93 0.87 0.84 0.89 0.90 0.90 0.87 0.87 0.79 0.70 0.65 0.61 0.67 0.67 0.68 0.62 0.58 0.51 0.40 0.29 0.19 0.15 0.15 0.13 0.14 0.10 0.06 0.02 0.02 0.02 0.00 0.00 0.00 0.00 0.00
1.49 1.41 1.35 1.38 1.31 1.38 1.32 1.31 1.29 1.21 1.20 1.14 1.19 1.11 0.97 0.91 0.80 0.79 0.73 0.72 0.68 0.66 0.59 0.63 0.59 0.59 0.59 0.59 0.61 0.58 0.65 0.61 0.64 0.64 0.67 0.70 0.71 0.76 0.73 0.79 0.80 0.85 0.86 0.81 0.83 0.78 0.94 0.88 0.89 0.92 0.94 0.90 0.90 0.87 0.92 0.89 0.86 0.82 0.71 0.64 0.69 0.71 0.68 0.67 0.68 0.62 0.57 0.41 0.32 0.23 0.18 0.21 0.17 0.17 0.13 0.06 0.04 0.02 0.02 0.01 0.00 0.00 0.00 0.00
1.42 1.38 1.31 1.37 1.31 1.34 1.32 1.25 1.18 1.14 1.10 1.10 1.08 1.08 0.97 0.87 0.76 0.72 0.70 0.69 0.67 0.60 0.58 0.58 0.57 0.53 0.55 0.58 0.57 0.56 0.59 0.60 0.61 0.60 0.63 0.65 0.67 0.73 0.72 0.70 0.77 0.83 0.83 0.80 0.86 0.85 0.89 0.83 0.89 0.91 0.95 0.90 0.85 0.87 0.92 0.89 0.87 0.84 0.72 0.69 0.73 0.70 0.73 0.70 0.70 0.61 0.61 0.47 0.39 0.29 0.26 0.23 0.23 0.20 0.14 0.08 0.08 0.03 0.02 0.01 0.00 0.00 0.00 0.01
1.38 1.33 1.29 1.32 1.32 1.30 1.26 1.15 1.10 1.04 1.07 0.99 1.06 1.00 0.95 0.77 0.70 0.70 0.71 0.65 0.63 0.57 0.57 0.52 0.55 0.51 0.53 0.54 0.55 0.53 0.51 0.59 0.58 0.58 0.60 0.62 0.64 0.69 0.68 0.68 0.71 0.76 0.80 0.75 0.79 0.77 0.69 0.72 0.86 0.92 0.92 0.98 0.89 0.90 0.93 0.94 0.93 0.87 0.78 0.74 0.71 0.72 0.74 0.71 0.70 0.67 0.59 0.48 0.40 0.36 0.32 0.28 0.27 0.23 0.17 0.12 0.09 0.06 0.03 0.02 0.01 0.02 0.03 0.03
1.41 1.34 1.23 1.25 1.27 1.30 1.25 1.10 1.04 1.01 1.02 0.98 1.02 0.96 0.83 0.72 0.69 0.68 0.68 0.61 0.60 0.59 0.55 0.51 0.52 0.48 0.49 0.48 0.51 0.49 0.51 0.52 0.56 0.57 0.58 0.60 0.60 0.63 0.65 0.65 0.65 0.70 0.73 0.72 0.76 0.68 0.69 0.73 0.82 0.89 0.92 0.94 0.92 0.89 0.91 0.96 0.91 0.93 0.83 0.78 0.74 0.73 0.72 0.73 0.71 0.66 0.59 0.53 0.41 0.36 0.36 0.31 0.28 0.25 0.18 0.15 0.10 0.07 0.04 0.03 0.03 0.07 0.09 0.08
1.42 1.33 1.23 1.22 1.23 1.19 1.14 1.06 1.03 1.02 0.99 1.01 0.93 0.89 0.80 0.71 0.70 0.64 0.64 0.56 0.58 0.57 0.53 0.51 0.48 0.45 0.42 0.41 0.39 0.43 0.51 0.52 0.53 0.57 0.55 0.57 0.57 0.61 0.61 0.63 0.63 0.65 0.66 0.67 0.71 0.69 0.72 0.72 0.79 0.89 0.89 0.93 0.92 0.90 0.88 0.93 0.90 0.96 0.83 0.81 0.74 0.73 0.72 0.73 0.68 0.63 0.63 0.53 0.52 0.44 0.38 0.39 0.35 0.27 0.19 0.18 0.12 0.09 0.06 0.06 0.09 0.14 0.14 0.14
1.35 1.33 1.24 1.22 1.17 1.21 1.16 1.09 1.09 1.01 0.97 0.92 0.87 0.85 0.79 0.66 0.68 0.58 0.60 0.58 0.55 0.56 0.51 0.51 0.43 0.39 0.39 0.39 0.36 0.40 0.47 0.51 0.49 0.51 0.51 0.53 0.55 0.58 0.60 0.57 0.60 0.58 0.62 0.61 0.65 0.71 0.70 0.73 0.76 0.83 0.84 0.88 0.89 0.86 0.85 0.88 0.86 0.90 0.88 0.79 0.76 0.70 0.70 0.70 0.67 0.62 0.61 0.52 0.54 0.48 0.47 0.44 0.37 0.29 0.26 0.21 0.18 0.15 0.08 0.10 0.16 0.18 0.19 0.17
1.21 1.23 1.19 1.20 1.20 1.20 1.22 1.18 1.06 1.02 0.90 0.92 0.83 0.79 0.72 0.62 0.62 0.56 0.59 0.59 0.53 0.52 0.47 0.46 0.40 0.37 0.34 0.38 0.40 0.36 0.37 0.41 0.45 0.46 0.49 0.51 0.53 0.53 0.55 0.49 0.60 0.55 0.59 0.58 0.59 0.63 0.68 0.70 0.73 0.79 0.84 0.83 0.86 0.82 0.81 0.85 0.81 0.90 0.82 0.82 0.73 0.74 0.69 0.69 0.66 0.58 0.62 0.58 0.53 0.51 0.48 0.43 0.37 0.33 0.29 0.28 0.25 0.23 0.21 0.20 0.22 0.23 0.24 0.20
1.20 1.16 1.16 1.17 1.14 1.22 1.21 1.18 1.11 0.97 0.91 0.85 0.82 0.72 0.64 0.60 0.59 0.60 0.55 0.55 0.53 0.49 0.43 0.41 0.37 0.35 0.35 0.32 0.33 0.32 0.34 0.36 0.39 0.40 0.44 0.44 0.46 0.50 0.51 0.49 0.50 0.51 0.55 0.55 0.58 0.60 0.63 0.66 0.71 0.73 0.80 0.78 0.81 0.81 0.78 0.82 0.80 0.85 0.79 0.78 0.72 0.72 0.67 0.66 0.67 0.58 0.61 0.58 0.52 0.54 0.49 0.46 0.43 0.34 0.32 0.32 0.28 0.24 0.26 0.25 0.24 0.26 0.26 0.21
1.20 1.16 1.15 1.21 1.13 1.18 1.19 1.23 1.12 1.04 0.90 0.79 0.76 0.62 0.62 0.61 0.61 0.56 0.52 0.54 0.47 0.41 0.39 0.35 0.32 0.30 0.33 0.29 0.31 0.29 0.30 0.35 0.34 0.33 0.37 0.39 0.40 0.43 0.41 0.39 0.43 0.46 0.50 0.51 0.56 0.56 0.57 0.62 0.66 0.68 0.74 0.74 0.78 0.78 0.77 0.79 0.78 0.82 0.76 0.75 0.70 0.69 0.65 0.58 0.63 0.54 0.55 0.57 0.55 0.52 0.47 0.47 0.45 0.40 0.36 0.35 0.34 0.29 0.29 0.27 0.24 0.24 0.26 0.24
1.19 1.16 1.10 1.10 1.13 1.14 1.13 1.14 1.12 1.01 0.88 0.74 0.64 0.58 0.64 0.57 0.56 0.52 0.49 0.49 0.39 0.36 0.36 0.32 0.31 0.28 0.29 0.32 0.30 0.25 0.26 0.30 0.27 0.27 0.26 0.31 0.32 0.30 0.30 0.31 0.34 0.39 0.46 0.47 0.47 0.53 0.53 0.58 0.58 0.62 0.68 0.71 0.74 0.75 0.74 0.75 0.70 0.74 0.73 0.68 0.65 0.63 0.58 0.58 0.55 0.52 0.51 0.54 0.51 0.49 0.54 0.49 0.46 0.44 0.40 0.33 0.31 0.28 0.29 0.27 0.28 0.26 0.25 0.28
1.15 1.17 1.09 1.10 1.08 1.12 1.07 1.06 1.03 1.02 0.86 0.70 0.60 0.61 0.58 0.52 0.50 0.46 0.39 0.40 0.39 0.35 0.32 0.31 0.29 0.26 0.27 0.28 0.25 0.25 0.24 0.24 0.22 0.20 0.21 0.23 0.22 0.22 0.23 0.26 0.31 0.33 0.37 0.39 0.37 0.45 0.46 0.55 0.51 0.57 0.62 0.65 0.68 0.67 0.68 0.66 0.65 0.70 0.67 0.59 0.61 0.57 0.57 0.56 0.50 0.47 0.48 0.45 0.50 0.46 0.49 0.46 0.45 0.42 0.38 0.33 0.31 0.26 0.26 0.26 0.29 0.29 0.29 0.32
1.09 1.05 1.08 1.06 1.07 1.04 1.02 0.98 0.97 0.93 0.86 0.72 0.63 0.60 0.54 0.50 0.42 0.38 0.40 0.40 0.37 0.33 0.34 0.28 0.25 0.28 0.25 0.25 0.23 0.22 0.22 0.21 0.19 0.18 0.18 0.15 0.16 0.16 0.18 0.20 0.23 0.23 0.23 0.24 0.30 0.36 0.37 0.42 0.44 0.51 0.55 0.58 0.60 0.57 0.60 0.60 0.63 0.63 0.60 0.57 0.56 0.50 0.55 0.45 0.43 0.38 0.37 0.40 0.45 0.41 0.46 0.47 0.41 0.39 0.35 0.31 0.29 0.26 0.25 0.26 0.26 0.28 0.31 0.32
1.02 1.13 1.07 1.05 1.02 0.98 0.92 0.83 0.86 0.94 0.86 0.73 0.65 0.54 0.49 0.38 0.34 0.35 0.38 0.36 0.34 0.31 0.30 0.25 0.22 0.21 0.20 0.20 0.21 0.20 0.20 0.17 0.16 0.12 0.11 0.09 0.10 0.10 0.11 0.11 0.12 0.13 0.14 0.16 0.20 0.23 0.28 0.30 0.34 0.40 0.46 0.52 0.49 0.52 0.56 0.56 0.54 0.56 0.55 0.48 0.47 0.43 0.45 0.37 0.34 0.28 0.29 0.32 0.35 0.38 0.41 0.36 0.37 0.35 0.36 0.34 0.29 0.25 0.24 0.27 0.28 0.27 0.28 0.30
0.86 1.00 1.10 1.07 1.03 0.91 0.87 0.77 0.77 0.81 0.80 0.76 0.61 0.53 0.39 0.38 0.35 0.30 0.32 0.34 0.36 0.28 0.23 0.20 0.18 0.19 0.17 0.20 0.17 0.16 0.16 0.15 0.12 0.07 0.08 0.06 0.05 0.04 0.06 0.07 0.08 0.06 0.09 0.10 0.12 0.13 0.16 0.16 0.23 0.31 0.37 0.38 0.38 0.42 0.48 0.47 0.44 0.47 0.44 0.36 0.36 0.30 0.29 0.31 0.24 0.22 0.21 0.26 0.31 0.31 0.36 0.36 0.36 0.34 0.34 0.35 0.32 0.28 0.26 0.24 0.26 0.27 0.29 0.29
0.81 0.93 0.90 1.02 0.98 0.95 0.83 0.83 0.74 0.70 0.67 0.59 0.59 0.50 0.39 0.31 0.31 0.32 0.31 0.31 0.27 0.23 0.19 0.17 0.15 0.13 0.12 0.13 0.13 0.10 0.12 0.09 0.07 0.05 0.05 0.04 0.03 0.02 0.02 0.03 0.03 0.02 0.04 0.05 0.05 0.06 0.08 0.10 0.14 0.20 0.21 0.22 0.26 0.31 0.32 0.35 0.34 0.32 0.30 0.24 0.19 0.20 0.20 0.21 0.19 0.18 0.18 0.21 0.24 0.27 0.34 0.35 0.35 0.35 0.36 0.36 0.31 0.30 0.30 0.25 0.25 0.27 0.30 0.30
0.86 0.96 0.93 0.99 0.99 0.95 0.89 0.85 0.75 0.72 0.67 0.57 0.59 0.44 0.33 0.28 0.29 0.27 0.27 0.26 0.25 0.18 0.19 0.17 0.15 0.14 0.11 0.08 0.08 0.05 0.06 0.04 0.05 0.03 0.03 0.02 0.02 0.01 0.01 0.02 0.01 0.01 0.02 0.02 0.02 0.02 0.02 0.03 0.06 0.11 0.10 0.11 0.13 0.20 0.19 0.20 0.19 0.21 0.21 0.16 0.10 0.12 0.11 0.15 0.13 0.12 0.13 0.15 0.19 0.25 0.33 0.34 0.34 0.39 0.38 0.36 0.32 0.37 0.33 0.28 0.28 0.30 0.33 0.30
0.94 0.95 0.92 0.93 0.92 1.00 0.92 0.86 0.79 0.73 0.62 0.58 0.51 0.37 0.33 0.34 0.30 0.28 0.23 0.24 0.20 0.20 0.18 0.15 0.17 0.14 0.10 0.06 0.05 0.03 0.03 0.03 0.02 0.02 0.01 0.01 0.00 0.00 0.01 0.01 0.01 0.01 0.00 0.01 0.01 0.01 0.01 0.01 0.02 0.04 0.05 0.04 0.04 0.06 0.06 0.10 0.13 0.15 0.11 0.07 0.05 0.06 0.09 0.11 0.09 0.07 0.10 0.16 0.21 0.24 0.30 0.34 0.37 0.40 0.39 0.37 0.38 0.42 0.37 0.32 0.31 0.32 0.33 0.29
0.88 0.96 0.89 0.86 0.87 0.99 0.92 0.78 0.64 0.57 0.61 0.56 0.47 0.34 0.33 0.35 0.31 0.28 0.24 0.23 0.21 0.19 0.15 0.13 0.13 0.12 0.11 0.06 0.04 0.02 0.02 0.02 0.01 0.01 0.00 0.00 0.00 0.00 0.00 0.00 0.00 0.00 0.00 0.00 0.00 0.00 0.00 0.00 0.00 0.02 0.01 0.01 0.01 0.02 0.02 0.02 0.04 0.05 0.04 0.03 0.03 0.04 0.07 0.06 0.04 0.05 0.11 0.16 0.25 0.29 0.33 0.36 0.40 0.39 0.39 0.38 0.41 0.43 0.40 0.37 0.36 0.34 0.32 0.28
0.90 0.90 0.82 0.82 0.87 0.86 0.83 0.66 0.57 0.56 0.60 0.49 0.44 0.34 0.34 0.36 0.31 0.25 0.20 0.23 0.22 0.15 0.10 0.08 0.09 0.07 0.06 0.05 0.03 0.01 0.01 0.01 0.00 0.00 0.00 0.00 0.00 0.00 0.00 0.00 0.00 0.00 0.00 0.00 0.00 0.00 0.00 0.00 0.00 0.00 0.00 0.00 0.00 0.00 0.00 0.01 0.01 0.02 0.02 0.02 0.01 0.02 0.03 0.04 0.04 0.07 0.14 0.18 0.25 0.33 0.36 0.38 0.39 0.39 0.40 0.44 0.47 0.46 0.43 0.37 0.38 0.35 0.33 0.25
0.96 0.93 0.85 0.84 0.83 0.83 0.83 0.69 0.69 0.60 0.55 0.46 0.43 0.37 0.33 0.30 0.26 0.22 0.22 0.23 0.16 0.10 0.08 0.06 0.06 0.03 0.03 0.02 0.02 0.01 0.01 0.00 0.00 0.00 0.00 0.00 0.00 0.00 0.00 0.00 0.00 0.00 0.00 0.00 0.00 0.00 0.00 0.00 0.00 0.00 0.00 0.00 0.00 0.00 0.00 0.00 0.00 0.00 0.00 0.01 0.01 0.01 0.02 0.03 0.05 0.07 0.13 0.21 0.27 0.37 0.41 0.42 0.42 0.43 0.40 0.46 0.49 0.49 0.43 0.41 0.38 0.32 0.31 0.25
