QPF/QPF_202208082200-170.txt
ncols 525
nrows 625
xllcorner -31082
yllcorner 11395
cellsize 1000.0
NODATA_value -9999.0
[rows 180 to 215 of 625, columns 243 to 323 of 525]
-0.00 -0.00 0.00 0.00 0.00 0.00 -0.00 0.00 0.00 0.00 0.00 0.00 0.00 0.00 0.15 0.12 0.34 0.27 0.54 0.54 0.73 0.83 0.87 1.00 1.12 1.38 1.62 1.65 2.23 2.48 3.17 3.36 3.58 3.80 4.75 4.89 4.76 5.01 4.76 4.93 5.03 5.71 5.66 5.37 4.56 5.15 4.97 4.67 4.73 5.14 2.04 2.98 1.23 1.01 0.86 0.81 0.95 0.92 0.00 0.00 0.00 -0.00 0.05 0.19 0.23 0.33 0.01 0.00 0.00 0.00 0.01 0.00 0.37 0.30 0.65 0.82 0.98 0.65 0.73 1.02 0.85
-0.00 -0.00 0.00 0.07 0.09 0.13 -0.01 0.00 -0.00 0.00 0.00 0.00 0.00 0.00 0.07 0.08 0.29 0.35 0.63 0.66 0.90 1.03 1.20 1.22 1.23 1.36 1.40 1.52 2.00 2.29 3.11 3.27 3.85 4.11 4.76 4.90 5.26 5.56 5.24 5.48 4.89 5.14 4.55 4.82 4.17 4.33 5.57 4.97 3.30 2.99 1.06 0.77 0.72 0.40 0.85 1.02 0.79 0.94 0.03 0.00 -0.00 0.00 0.41 0.32 0.47 0.36 -0.00 0.04 0.00 0.00 0.00 0.00 -0.00 0.01 0.36 0.63 1.20 0.98 1.16 1.13 0.95
-0.00 -0.00 0.00 0.00 0.00 0.05 0.02 -0.00 0.00 0.00 0.00 0.00 0.00 0.00 0.12 0.08 0.27 0.35 0.74 0.89 1.15 1.22 1.30 1.28 1.38 1.44 1.64 1.66 2.18 2.52 3.38 3.62 4.05 4.23 4.74 4.95 5.13 5.48 5.33 5.35 5.14 5.19 4.75 4.93 5.14 4.72 5.58 4.89 4.02 3.43 1.29 0.59 0.32 0.03 0.77 0.82 0.87 1.27 0.00 0.33 0.23 0.00 0.18 0.32 0.43 0.52 0.01 0.00 -0.00 -0.00 0.00 -0.00 -0.00 -0.00 0.26 0.41 0.84 0.77 0.90 0.52 0.71
-0.00 -0.00 0.00 0.09 0.16 0.42 0.00 0.06 -0.00 -0.00 -0.00 0.00 0.21 0.32 1.19 1.55 2.16 1.95 3.02 2.92 3.43 3.50 3.91 4.32 4.43 4.67 4.45 4.31 5.05 5.85 6.99 6.91 7.30 6.99 6.83 7.34 7.30 7.84 7.80 7.67 8.27 8.87 8.14 7.66 8.03 8.35 10.90 9.61 8.34 7.92 3.97 3.31 3.28 2.43 1.75 1.32 1.37 1.14 0.05 0.45 0.36 0.13 0.42 0.28 0.54 0.67 0.05 0.14 0.00 0.00 -0.00 -0.00 0.00 -0.00 0.12 0.10 0.36 0.30 0.10 0.26 0.47
-0.00 -0.00 0.02 0.20 0.37 0.49 0.18 0.24 0.18 0.07 0.09 0.34 0.63 0.97 1.58 1.80 2.12 2.01 3.17 3.25 3.64 3.62 4.22 4.60 5.31 5.68 5.39 5.64 6.21 6.73 8.20 7.77 8.60 8.25 7.54 8.10 8.73 9.06 8.80 9.49 10.19 11.16 10.77 11.05 11.58 11.43 14.50 10.03 8.44 8.62 4.80 3.67 3.56 2.87 1.70 1.61 1.19 1.35 0.33 0.15 0.32 0.16 0.21 0.34 0.13 0.12 0.01 0.00 -0.00 -0.00 -0.00 -0.00 -0.00 -0.00 0.16 0.20 0.30 0.23 0.33 0.44 0.46
-0.00 -0.00 0.00 0.25 0.56 1.16 0.77 0.84 1.30 1.35 2.09 2.30 2.35 2.57 3.59 3.92 4.34 4.31 5.31 5.08 5.69 5.53 6.19 6.97 8.21 9.02 8.61 8.65 9.49 10.09 11.98 11.70 12.59 13.06 11.92 12.15 12.42 12.81 11.77 11.61 14.01 15.14 14.92 14.13 13.99 13.73 13.75 11.63 7.72 7.62 4.56 5.13 3.71 3.46 1.28 1.16 0.80 1.19 0.36 0.18 0.34 0.15 0.26 0.44 0.31 0.25 0.01 0.00 0.00 -0.00 -0.00 -0.00 0.00 -0.00 0.21 0.24 0.30 0.23 0.13 0.23 0.26
0.00 -0.00 0.11 0.49 0.99 1.62 1.45 1.66 2.41 2.97 4.59 5.15 5.52 5.82 5.90 6.11 5.97 5.63 6.20 5.54 5.99 6.01 7.08 7.76 9.51 11.21 10.85 10.37 11.78 12.49 14.33 14.37 13.38 14.08 14.68 14.94 14.64 15.36 13.47 14.40 15.82 16.65 16.46 16.29 15.34 15.47 17.19 13.24 9.56 8.96 4.57 3.96 4.33 4.50 1.42 1.40 1.08 1.17 0.44 0.37 0.22 0.01 0.03 0.23 0.16 0.28 0.00 0.00 0.00 -0.00 -0.00 -0.00 -0.00 0.00 0.06 0.24 0.36 0.24 0.17 0.09 0.41
0.88 0.88 1.76 3.06 4.74 5.39 4.55 4.75 6.47 6.94 10.54 11.05 10.76 11.64 12.49 13.49 13.32 11.83 10.98 8.69 7.41 6.48 6.98 7.96 10.72 11.91 11.82 11.43 12.72 12.92 12.43 11.69 10.03 10.84 12.03 12.14 12.39 12.77 11.53 12.37 13.46 13.55 13.32 13.67 11.46 9.34 9.76 8.78 6.13 5.79 2.79 2.32 1.35 2.35 0.82 0.61 0.80 0.54 0.00 -0.00 -0.00 -0.00 0.31 0.14 0.28 0.22 0.00 0.00 -0.00 -0.00 -0.00 0.04 0.11 0.38 0.47 0.46 0.52 0.21 0.22 0.20 0.39
1.70 1.67 3.49 5.26 6.02 7.17 6.18 6.31 9.15 11.32 15.40 15.22 14.99 16.18 17.81 18.01 15.28 14.23 13.85 11.74 10.14 8.45 7.87 8.67 11.15 12.06 12.01 12.45 13.39 13.95 12.88 11.68 9.97 11.17 11.61 12.01 12.20 12.34 10.38 11.14 13.53 12.47 11.79 11.54 9.91 10.10 8.35 7.91 7.08 4.35 2.20 1.43 0.73 1.64 0.89 0.36 0.50 0.29 -0.00 0.00 0.00 0.00 0.39 0.24 0.27 0.54 0.09 -0.02 -0.00 0.00 0.17 0.11 0.22 0.26 0.25 0.38 0.42 0.15 0.48 0.12 0.75
7.09 6.82 8.86 9.70 10.41 11.51 10.85 10.53 16.06 18.13 21.17 21.44 20.82 23.35 25.69 25.74 21.95 20.36 17.96 14.60 11.18 8.57 8.11 7.72 9.31 10.64 10.75 10.71 11.09 11.34 9.39 7.92 7.29 8.21 8.61 7.86 9.69 9.81 8.75 9.11 10.39 10.20 8.62 8.60 7.97 8.35 5.82 5.07 3.55 3.13 2.11 1.67 1.35 1.05 0.92 0.65 0.24 0.30 -0.00 -0.00 0.00 0.00 0.23 -0.24 0.22 0.26 0.23 0.02 -0.15 0.20 -0.11 0.11 0.20 0.85 0.36 0.42 0.84 0.23 0.68 0.05 0.74
11.93 11.54 15.33 16.20 15.91 17.53 16.25 16.08 19.52 21.06 21.14 20.30 20.90 24.15 26.24 26.91 23.75 21.52 19.03 15.77 12.13 9.01 9.21 8.81 9.40 10.53 10.91 13.50 12.58 12.16 11.16 8.43 8.12 8.04 9.42 7.14 8.64 8.58 7.01 8.17 9.05 8.71 7.81 6.59 5.79 5.93 4.52 3.81 2.95 2.57 1.75 2.38 1.37 1.26 0.54 0.27 0.07 0.06 0.07 0.09 0.05 0.00 0.15 0.25 0.25 0.30 0.39 0.25 -0.00 0.33 0.21 0.40 0.29 0.48 0.83 0.22 0.40 0.33 0.55 0.14 0.76
23.87 24.16 23.92 23.58 21.67 21.80 21.70 21.46 23.01 24.10 23.96 23.11 24.72 24.65 26.04 26.72 22.81 22.02 20.77 17.27 14.29 8.31 6.70 7.31 7.88 9.79 9.85 11.56 9.57 8.24 7.78 5.88 6.09 5.35 6.32 5.25 5.49 5.54 3.69 3.89 3.98 4.38 3.58 3.35 2.92 2.43 2.54 2.27 1.67 1.81 1.26 0.85 0.47 0.44 0.26 0.21 0.06 0.02 0.01 0.11 0.05 0.15 1.08 1.31 1.27 1.53 1.16 1.29 1.83 2.36 2.97 3.28 2.75 3.06 3.56 2.62 3.32 3.27 2.96 3.27 3.72
31.21 30.16 30.20 27.23 27.15 25.85 23.37 23.86 26.53 25.93 25.08 25.23 26.46 26.91 26.99 27.58 23.86 21.38 20.03 17.77 15.12 12.73 8.53 7.77 6.23 7.28 7.74 8.27 8.38 8.12 6.72 5.39 3.96 4.06 4.04 4.51 4.39 4.63 3.52 3.14 3.37 3.64 2.87 2.70 2.33 1.96 2.11 2.17 1.52 1.36 0.95 0.84 0.45 0.34 0.15 0.01 0.05 0.07 0.12 0.16 0.34 0.23 1.19 1.25 1.11 1.35 1.19 1.34 1.91 2.12 2.85 3.02 2.74 2.77 2.61 2.50 2.81 2.91 3.50 3.10 3.37
33.49 36.49 35.14 36.92 35.10 35.76 32.90 31.93 34.05 33.46 29.42 28.82 27.07 26.25 23.30 22.72 20.12 16.56 14.15 11.10 9.48 9.86 8.60 7.39 6.67 7.73 8.38 9.36 9.98 8.24 5.85 5.21 3.94 2.71 2.93 3.44 2.52 2.39 2.90 2.34 2.05 2.25 2.12 2.54 1.80 1.61 1.44 1.56 1.32 1.13 0.80 0.42 0.14 0.09 0.20 0.08 0.02 0.07 0.05 -0.03 -0.03 0.10 0.74 0.98 1.09 1.10 0.96 1.10 1.35 1.50 2.38 2.57 2.25 2.28 2.81 2.66 2.70 2.74 3.16 2.83 2.96
36.45 37.95 37.98 40.20 42.19 41.69 41.10 39.52 37.94 37.24 31.72 29.17 27.87 26.15 22.16 20.86 17.78 14.05 12.54 10.43 9.21 7.50 6.72 6.28 6.35 7.57 6.20 7.80 6.73 6.09 4.53 2.41 2.83 2.29 2.31 3.56 2.10 2.25 1.89 1.91 2.06 1.84 2.12 2.07 1.62 1.59 1.39 1.18 0.79 0.60 0.35 0.26 0.02 0.03 0.00 0.09 0.00 0.00 0.00 0.01 0.02 0.08 0.36 0.44 0.62 0.93 1.12 1.42 1.25 1.57 2.43 2.34 2.47 2.50 1.70 2.64 2.39 2.94 2.48 2.26 3.22
30.75 33.93 37.76 39.27 43.56 45.15 44.87 44.58 39.34 36.35 29.95 24.85 21.04 19.18 15.95 14.15 12.77 10.41 8.75 7.80 6.60 6.63 6.67 6.50 5.43 6.52 4.01 4.22 2.84 2.63 1.87 1.63 1.80 1.68 1.93 2.13 1.87 2.26 1.67 1.56 2.17 1.94 2.60 2.36 2.14 2.23 1.73 1.69 1.33 1.29 1.61 1.43 0.56 0.39 0.16 0.43 0.16 0.32 -0.01 0.02 0.22 0.36 0.59 0.70 0.58 0.41 0.61 0.96 0.84 0.93 1.32 1.72 1.78 1.73 1.44 1.57 1.96 2.17 2.43 2.32 2.64
26.47 31.79 34.90 39.12 41.77 43.42 39.59 38.94 34.10 30.90 25.93 21.79 17.85 14.79 12.33 10.55 11.00 8.50 6.31 7.19 4.50 5.08 4.61 4.89 4.47 4.78 2.32 2.50 1.42 1.19 0.97 1.15 1.45 0.60 1.22 1.30 1.10 2.14 0.99 0.92 1.65 1.55 2.49 2.01 1.98 2.11 1.85 1.77 1.80 1.62 2.10 1.39 0.97 0.37 0.42 0.14 0.00 0.13 0.07 0.04 0.14 0.20 0.49 0.43 0.56 0.69 0.91 1.25 1.14 1.03 1.39 1.76 2.08 2.13 1.82 1.72 2.08 2.28 2.62 2.39 2.76
19.13 25.48 31.27 36.92 39.56 41.51 38.73 34.93 25.85 21.55 18.50 15.94 12.35 11.53 10.01 8.77 9.45 8.38 6.97 6.77 4.36 4.68 3.26 2.37 2.14 3.07 1.70 2.50 1.75 1.68 1.48 1.36 1.12 0.86 1.31 1.37 2.10 2.44 1.95 2.04 2.11 2.36 2.75 2.13 1.97 1.80 1.16 1.51 0.95 1.03 1.37 1.30 1.14 0.60 0.90 0.49 0.45 0.41 0.02 0.14 0.17 0.21 0.32 0.32 0.38 0.43 0.30 0.54 0.63 0.66 1.09 1.20 1.54 1.54 1.58 1.49 2.14 1.82 2.33 2.45 2.52
15.66 22.53 24.16 31.03 33.21 35.65 33.85 30.74 22.25 17.30 13.17 11.64 8.47 7.61 8.00 8.22 7.48 7.04 5.60 4.61 2.82 2.54 1.44 1.02 0.76 1.22 0.44 0.65 0.92 1.35 1.46 1.14 0.88 0.55 1.69 2.18 2.72 2.58 2.56 1.94 2.96 2.44 2.90 2.26 2.13 1.60 1.35 0.74 0.83 1.15 1.60 1.33 1.17 1.00 0.69 0.53 0.42 0.42 0.14 0.10 0.24 0.13 0.34 0.43 0.51 0.51 0.45 0.45 0.52 0.67 0.97 1.14 1.42 1.43 1.26 1.50 2.00 1.91 2.61 2.69 2.45
9.99 15.25 16.29 22.11 26.80 28.78 24.08 19.96 14.72 12.43 8.12 6.37 6.08 3.83 3.14 3.37 1.97 2.79 1.17 0.68 0.00 0.00 0.05 0.00 0.01 0.27 0.19 0.29 0.67 0.70 1.66 1.74 1.86 2.38 2.57 3.11 3.34 3.91 4.07 2.58 2.71 2.60 2.18 2.10 1.86 2.02 2.05 1.52 1.55 0.92 1.17 1.01 1.56 0.99 1.34 1.02 0.99 0.87 0.27 0.20 0.33 0.38 0.28 0.35 0.19 0.33 0.32 0.35 0.36 0.40 0.45 0.52 0.78 0.70 0.57 0.70 0.82 1.33 1.37 1.42 1.70
6.25 8.88 10.82 16.24 19.23 20.48 16.17 12.94 7.75 6.27 3.63 3.62 2.43 2.31 0.90 1.52 0.56 0.58 0.79 0.33 0.00 0.00 0.00 0.00 0.00 0.32 0.36 0.11 0.54 0.72 0.99 1.36 1.80 2.52 3.50 3.00 4.16 4.42 4.45 4.70 4.34 2.78 2.56 2.23 2.35 2.50 1.98 1.86 1.17 0.80 1.03 0.91 1.09 0.77 1.22 0.93 0.94 0.76 0.27 0.16 0.28 0.31 0.30 0.35 0.30 0.28 0.29 0.24 0.23 0.27 0.41 0.50 0.75 0.76 0.61 0.99 1.36 1.46 1.61 1.61 2.14
5.04 6.50 6.54 10.67 14.73 16.73 13.26 11.28 7.53 6.55 2.31 2.64 0.37 0.68 0.38 0.65 0.53 0.50 0.31 0.08 -0.00 -0.00 0.00 0.07 0.01 0.28 0.49 0.38 1.78 1.58 2.26 3.59 1.75 2.75 2.63 3.06 3.40 3.45 3.39 4.06 3.69 2.80 2.83 2.92 2.68 2.78 2.55 2.37 2.22 2.22 2.02 2.20 1.70 1.36 1.08 1.35 0.82 0.94 0.15 0.21 0.23 0.19 0.29 0.38 0.45 0.45 0.28 0.30 0.16 0.18 0.44 0.48 0.70 0.74 0.68 1.07 1.29 1.40 1.44 1.55 1.72
4.74 5.16 4.90 6.83 9.58 9.85 8.07 7.22 4.26 4.05 1.17 1.04 0.16 0.07 0.00 0.00 -0.00 0.00 -0.00 -0.00 -0.00 -0.00 0.07 0.07 0.03 0.11 0.61 0.01 1.39 1.86 2.27 2.24 2.49 2.09 3.49 3.38 3.55 3.26 3.48 3.70 5.06 4.09 3.38 3.48 2.78 2.92 2.50 2.31 2.36 1.77 1.91 1.65 1.72 1.31 1.13 1.32 1.22 1.05 0.22 0.27 0.20 0.24 0.41 0.48 0.52 0.36 0.25 0.31 0.16 0.15 0.45 0.49 0.86 0.96 0.98 1.23 1.35 1.48 1.54 1.67 1.99
3.99 3.24 2.02 1.54 0.93 1.06 0.85 0.88 0.29 0.50 -0.01 0.05 -0.00 -0.00 -0.00 -0.00 -0.00 -0.00 -0.00 -0.00 -0.00 -0.00 -0.01 0.13 0.03 0.07 0.79 0.82 2.17 3.09 2.78 2.65 3.45 3.56 4.17 4.06 4.84 3.89 5.19 4.82 5.26 4.71 5.33 4.76 4.77 4.43 3.28 3.54 2.97 3.38 2.67 2.37 2.39 1.90 1.67 1.73 1.88 1.55 0.66 0.68 0.52 0.43 0.40 0.44 0.56 0.44 0.34 0.43 0.50 0.48 0.81 0.93 1.03 1.13 1.10 1.19 1.33 1.45 1.55 1.70 1.74
2.37 1.88 1.62 1.62 0.95 1.41 1.09 0.68 0.15 0.22 0.00 0.00 -0.00 -0.00 -0.00 -0.00 -0.00 -0.00 -0.00 -0.00 -0.00 0.04 0.09 0.26 0.28 0.17 0.79 1.57 2.60 3.86 4.14 3.95 3.91 4.08 4.87 4.35 4.72 4.20 4.19 4.92 4.44 4.58 5.03 4.48 4.85 4.27 3.81 3.09 2.39 2.64 2.23 2.11 2.12 1.96 1.91 1.97 1.94 1.71 0.75 0.79 0.76 0.67 0.54 0.45 0.59 0.53 0.51 0.61 0.64 0.67 1.01 1.15 1.33 1.39 1.31 1.25 1.44 1.63 1.84 2.01 2.14
1.77 1.43 0.56 -0.01 0.19 0.13 0.05 0.36 0.10 0.44 0.07 0.00 -0.00 -0.00 -0.00 -0.00 -0.00 -0.00 -0.00 -0.00 -0.00 -0.00 0.00 0.00 0.06 0.23 0.74 1.92 2.67 3.32 5.54 6.69 6.86 5.72 5.38 5.31 5.04 3.97 4.01 4.02 4.15 4.66 4.97 5.05 5.10 4.90 4.82 4.25 3.33 2.79 2.31 2.00 1.94 2.00 1.99 1.99 1.88 1.71 0.79 0.79 0.70 0.67 0.60 0.49 0.45 0.55 0.62 0.70 0.79 0.90 1.44 1.58 1.32 1.41 1.19 1.22 1.27 1.44 1.76 1.88 2.03
0.93 0.61 0.30 0.00 0.08 0.12 0.16 0.32 0.09 0.21 -0.00 -0.00 -0.00 -0.00 -0.00 -0.00 -0.00 -0.00 -0.00 -0.00 -0.00 0.00 0.01 0.06 0.32 0.39 1.10 2.64 2.88 4.96 5.51 6.34 6.97 4.79 5.73 5.44 5.29 3.77 4.00 4.14 4.24 4.69 4.78 4.90 4.74 4.59 4.45 4.16 3.62 2.98 2.80 2.46 2.17 2.11 2.08 1.97 1.92 1.79 0.91 0.84 0.77 0.78 0.65 0.51 0.44 0.50 0.69 0.71 0.81 0.86 1.47 1.53 1.52 1.63 1.42 1.55 1.74 1.71 1.84 1.90 2.29
0.22 0.51 0.15 -0.00 -0.00 -0.00 0.01 0.37 0.05 0.37 -0.00 -0.00 -0.00 -0.00 -0.00 -0.00 -0.00 -0.00 -0.00 -0.00 -0.00 0.06 0.57 0.30 2.81 2.26 3.02 4.41 5.14 8.47 8.95 7.67 8.23 6.31 6.76 6.41 6.38 5.37 4.93 4.52 4.11 4.36 4.23 4.40 4.10 4.14 4.07 3.68 3.34 3.37 3.03 2.92 2.88 2.73 2.72 2.39 2.41 2.46 1.53 1.53 1.39 1.38 1.31 1.13 1.14 1.05 1.34 1.52 1.54 1.68 2.69 2.91 2.79 2.82 2.09 2.22 2.26 2.33 2.47 2.61 2.59
0.03 0.30 0.03 0.00 -0.00 -0.00 0.00 0.20 -0.00 0.03 -0.00 -0.00 -0.00 -0.00 -0.00 -0.00 -0.00 -0.00 -0.00 -0.00 0.00 -0.00 0.56 0.31 2.47 2.26 3.35 4.83 5.27 8.54 9.84 8.21 8.27 5.87 4.78 4.78 5.52 5.14 4.96 4.33 4.43 4.34 4.48 4.38 4.02 4.19 4.09 3.83 3.64 3.50 3.36 3.28 3.24 3.23 3.12 3.02 2.65 2.70 1.65 1.80 1.60 1.55 1.43 1.26 1.24 1.16 1.39 1.76 1.94 1.98 2.94 3.11 3.33 3.29 2.51 2.81 2.57 2.57 2.64 2.67 2.49
0.40 0.21 0.02 0.00 -0.00 0.00 0.00 0.14 0.22 0.07 -0.00 -0.00 -0.00 -0.00 -0.00 -0.00 -0.00 -0.00 0.11 -0.05 0.05 0.32 0.92 0.63 2.23 2.32 4.21 5.85 7.17 9.87 11.03 8.65 7.17 6.00 4.56 4.69 5.28 5.36 4.54 3.97 4.17 3.88 4.51 4.48 4.07 4.43 4.29 4.22 3.86 4.06 3.98 3.81 3.76 3.86 3.54 3.54 2.84 2.84 1.97 1.99 1.75 1.90 1.82 1.71 1.80 1.60 1.66 1.74 2.09 2.18 2.91 3.28 3.14 2.93 2.64 2.68 2.69 2.63 2.46 2.47 2.62
0.02 0.00 -0.00 -0.00 0.00 -0.00 0.00 -0.00 0.00 -0.00 -0.00 -0.00 -0.00 -0.00 -0.00 -0.00 -0.00 -0.00 -0.00 0.01 -0.01 -0.06 0.28 0.27 1.01 1.24 2.42 4.22 6.12 6.45 8.11 7.25 7.03 5.75 3.97 4.74 4.81 5.06 4.67 4.29 3.90 3.66 4.62 4.36 4.15 4.46 4.28 4.35 4.29 4.23 4.52 4.40 4.10 4.16 3.81 4.03 3.55 3.21 2.24 2.29 2.17 2.36 2.07 2.10 2.00 1.81 1.81 1.86 2.40 2.52 3.19 3.32 3.47 3.31 2.65 2.61 2.76 2.70 2.66 2.59 2.88
0.04 -0.00 -0.00 -0.00 -0.00 -0.00 -0.00 -0.00 -0.00 -0.00 -0.00 -0.00 -0.00 -0.00 -0.00 -0.00 -0.00 -0.00 0.27 0.29 0.52 0.75 1.33 1.55 2.15 1.90 2.92 3.54 4.36 5.46 5.38 4.93 5.07 4.38 3.23 3.18 4.01 4.40 4.99 4.71 4.35 4.28 5.42 5.33 4.60 4.71 4.62 4.89 4.92 5.25 4.58 4.17 3.62 3.50 3.44 3.27 2.86 2.32 1.39 1.59 1.40 1.30 1.29 1.31 1.10 0.94 0.84 0.80 1.11 1.28 2.00 2.43 2.85 3.10 2.48 2.81 2.75 3.00 3.15 3.14 3.13
-0.00 0.04 -0.00 -0.00 -0.00 -0.00 -0.00 -0.00 -0.00 -0.00 -0.00 -0.00 -0.00 -0.00 -0.00 -0.00 -0.00 0.00 0.04 0.16 0.13 0.22 0.72 0.68 1.25 1.14 2.11 2.24 3.33 3.67 4.04 4.10 4.07 4.20 3.48 3.26 3.45 3.88 4.88 5.09 4.63 4.64 5.20 4.78 5.01 4.97 4.73 5.27 5.71 5.45 4.57 4.10 3.51 3.63 3.69 3.52 2.54 2.24 1.40 1.56 1.42 1.29 1.07 1.31 1.15 1.03 0.87 0.82 1.05 1.33 2.15 2.22 2.49 2.52 1.98 2.15 2.41 2.45 2.77 2.75 2.39
0.17 0.02 -0.00 -0.00 0.00 -0.00 -0.00 -0.00 -0.00 -0.00 -0.00 -0.00 -0.00 -0.00 -0.00 -0.00 -0.00 -0.00 0.00 0.19 0.32 0.35 0.50 0.40 1.13 1.19 2.31 2.40 2.96 2.87 3.37 3.74 3.85 3.70 3.35 2.84 3.28 3.16 3.31 3.64 3.46 3.79 4.87 4.46 4.62 4.56 4.73 4.96 5.04 5.11 3.97 3.64 3.57 3.47 3.82 3.07 2.45 2.38 1.61 1.39 1.37 1.33 1.18 1.26 1.14 1.21 0.98 0.96 1.08 1.03 1.77 2.00 2.08 2.04 1.84 2.07 2.36 2.53 2.75 2.56 2.36
0.14 0.00 -0.00 -0.00 -0.00 -0.00 -0.00 -0.00 -0.00 -0.00 -0.00 -0.00 -0.00 -0.00 -0.00 -0.00 -0.00 -0.00 -0.00 -0.00 0.05 0.29 0.73 0.64 1.14 1.32 2.25 2.30 2.54 2.86 3.21 3.25 3.43 3.36 3.55 3.04 3.52 3.48 3.45 3.69 3.22 3.27 4.52 4.34 4.85 5.12 5.15 5.16 5.23 5.32 4.23 4.16 3.72 3.70 3.59 3.33 2.65 2.52 1.54 1.21 1.29 1.34 1.23 1.20 1.24 1.35 0.99 0.92 1.11 1.03 1.79 2.02 1.97 1.87 1.64 1.79 2.22 2.33 2.48 2.29 2.08
0.08 0.00 -0.00 -0.00 -0.00 -0.00 -0.00 -0.00 -0.00 -0.00 -0.00 -0.00 -0.00 -0.00 -0.00 -0.00 -0.00 -0.00 -0.00 -0.00 -0.00 -0.00 0.18 0.31 0.68 0.86 1.85 2.23 2.63 2.90 3.59 4.06 4.81 4.82 4.78 4.37 4.47 4.60 4.61 4.67 4.49 4.47 4.60 4.56 5.13 5.64 5.72 5.68 5.76 5.60 4.63 4.28 4.07 3.57 3.13 2.95 2.89 2.52 1.63 1.37 1.37 1.58 1.60 1.59 1.60 1.48 1.01 1.13 1.32 1.47 1.88 2.01 2.09 2.04 1.87 1.95 2.08 2.04 1.88 1.75 1.65
