QPF/QPF_202208082200-30.txt
ncols 525
nrows 625
xllcorner -31082
yllcorner 11395
cellsize 1000.0
NODATA_value -9999.0
[rows 114 to 151 of 625, columns 420 to 503 of 525]
0.00 0.00 0.00 0.00 0.00 0.00 0.00 0.00 0.00 0.00 0.00 0.00 0.00 0.00 0.00 0.00 0.00 0.00 0.03 0.06 0.14 0.23 0.34 0.49 0.65 0.97 1.09 1.23 1.31 1.45 1.51 1.60 1.77 1.98 1.99 2.10 2.11 2.16 2.16 2.19 2.28 2.43 2.42 2.40 2.31 2.30 2.27 2.22 2.14 2.05 2.02 2.00 2.00 1.98 1.90 1.81 1.71 1.74 1.75 1.67 1.63 1.60 1.51 1.39 1.37 1.23 1.24 1.41 1.35 1.12 1.12 0.43 0.11 0.24 0.57 0.49 0.00 0.00 0.00 0.00 0.00 0.00 0.00 0.00
0.00 0.00 0.00 0.00 0.00 0.00 0.00 0.00 0.00 0.00 0.00 0.00 0.00 0.00 0.00 0.00 0.01 0.03 0.06 0.08 0.16 0.26 0.37 0.52 0.65 0.99 1.12 1.26 1.40 1.57 1.64 1.79 1.91 2.18 2.17 2.28 2.24 2.24 2.26 2.25 2.32 2.50 2.51 2.50 2.44 2.42 2.36 2.35 2.21 2.15 2.06 2.03 1.98 1.95 1.89 1.77 1.73 1.72 1.67 1.61 1.52 1.55 1.57 1.38 1.44 1.22 1.19 1.27 1.41 1.12 1.09 0.20 0.00 0.00 0.05 0.05 0.00 0.00 0.00 0.00 0.00 0.00 0.00 0.00
0.00 0.00 0.00 0.00 0.00 0.00 0.00 0.00 0.00 0.00 0.00 0.00 0.00 0.00 0.00 0.00 0.02 0.06 0.08 0.12 0.21 0.32 0.40 0.56 0.71 1.04 1.16 1.35 1.42 1.66 1.75 1.89 2.06 2.27 2.26 2.39 2.45 2.34 2.26 2.33 2.37 2.62 2.58 2.61 2.50 2.48 2.40 2.37 2.29 2.20 2.18 2.13 2.08 2.02 1.87 1.79 1.80 1.71 1.71 1.56 1.46 1.47 1.53 1.47 1.47 1.30 1.16 1.09 1.07 0.96 0.95 0.00 0.00 0.00 0.00 0.00 0.00 0.00 0.00 0.00 0.00 0.00 0.00 0.00
0.00 0.00 0.00 0.00 0.00 0.00 0.00 0.00 0.00 0.00 0.00 0.00 0.00 0.00 0.00 0.02 0.03 0.06 0.09 0.19 0.28 0.38 0.50 0.63 0.73 1.05 1.19 1.33 1.41 1.67 1.77 1.94 2.12 2.34 2.38 2.48 2.52 2.38 2.34 2.41 2.44 2.51 2.64 2.62 2.59 2.54 2.53 2.45 2.24 2.20 2.23 2.16 2.09 2.02 1.84 1.81 1.79 1.74 1.66 1.55 1.47 1.40 1.42 1.48 1.44 1.34 1.32 1.01 0.87 0.74 0.20 0.00 0.00 0.00 0.00 0.00 0.00 0.00 0.00 0.00 0.00 0.00 0.00 0.00
0.00 0.00 0.00 0.00 0.00 0.00 0.00 0.00 0.00 0.00 0.00 0.00 0.00 0.00 0.00 0.05 0.05 0.08 0.10 0.20 0.27 0.40 0.53 0.65 0.76 1.07 1.17 1.35 1.42 1.70 1.80 1.95 2.08 2.41 2.38 2.46 2.49 2.46 2.41 2.42 2.37 2.53 2.50 2.68 2.64 2.61 2.52 2.58 2.31 2.21 2.25 2.19 2.09 2.07 1.86 1.84 1.76 1.70 1.66 1.57 1.46 1.45 1.35 1.42 1.44 1.21 1.24 0.66 0.43 0.20 0.00 0.00 0.00 0.00 0.00 0.00 0.00 0.00 0.00 0.00 0.00 0.00 0.00 0.00
0.00 0.00 0.00 0.00 0.00 0.00 0.00 0.00 0.00 0.00 0.00 0.00 0.00 0.00 0.00 0.07 0.06 0.12 0.16 0.26 0.32 0.43 0.56 0.67 0.82 1.02 1.18 1.33 1.41 1.62 1.76 1.98 2.11 2.29 2.35 2.50 2.53 2.48 2.47 2.52 2.54 2.62 2.59 2.66 2.78 2.56 2.58 2.50 2.33 2.18 2.27 2.22 2.12 2.05 1.94 1.85 1.74 1.69 1.65 1.60 1.49 1.46 1.42 1.42 1.43 1.29 1.06 0.49 0.12 0.00 0.00 0.00 0.00 0.00 0.00 0.00 0.00 0.00 0.00 0.00 0.00 0.00 0.00 0.00
0.00 0.00 0.00 0.00 0.00 0.00 0.00 0.00 0.00 0.00 0.00 0.00 0.00 0.00 0.00 0.08 0.08 0.16 0.21 0.28 0.36 0.47 0.60 0.72 0.84 1.05 1.14 1.29 1.48 1.64 1.79 1.97 2.11 2.35 2.39 2.53 2.52 2.54 2.49 2.54 2.51 2.69 2.58 2.53 2.68 2.69 2.64 2.51 2.26 2.15 2.03 2.08 2.01 1.98 1.89 1.83 1.72 1.66 1.59 1.55 1.50 1.42 1.39 1.34 1.34 1.22 1.00 0.40 0.03 0.00 0.00 0.00 0.00 0.00 0.00 0.00 0.00 0.00 0.00 0.00 0.00 0.00 0.00 0.00
0.00 0.00 0.00 0.00 0.00 0.00 0.00 0.00 0.00 0.00 0.00 0.00 0.00 0.00 0.00 0.09 0.09 0.24 0.26 0.35 0.42 0.55 0.67 0.77 0.91 1.11 1.21 1.37 1.40 1.66 1.74 1.94 2.11 2.42 2.43 2.48 2.54 2.54 2.56 2.57 2.53 2.64 2.67 2.64 2.68 2.63 2.59 2.51 2.39 2.14 2.04 1.99 2.00 1.86 1.85 1.78 1.69 1.57 1.54 1.47 1.38 1.36 1.31 1.24 1.20 1.03 0.58 0.13 0.00 0.00 0.00 0.00 0.00 0.00 0.00 0.00 0.00 0.00 0.00 0.00 0.00 0.00 0.00 0.00
0.00 0.00 0.00 0.00 0.00 0.00 0.00 0.00 0.00 0.00 0.00 0.00 0.00 0.00 0.00 0.09 0.10 0.25 0.29 0.39 0.44 0.57 0.68 0.80 0.92 1.09 1.20 1.42 1.46 1.65 1.80 1.90 2.05 2.31 2.50 2.56 2.57 2.60 2.57 2.61 2.59 2.69 2.67 2.67 2.67 2.62 2.51 2.45 2.38 2.11 2.01 1.96 1.90 1.85 1.76 1.69 1.65 1.51 1.49 1.43 1.37 1.32 1.26 1.20 1.14 0.97 0.39 0.02 0.00 0.00 0.04 0.00 0.00 0.00 0.00 0.00 0.00 0.00 0.00 0.00 0.00 0.00 0.00 0.00
0.00 0.00 0.00 0.00 0.00 0.00 0.00 0.00 0.00 0.00 0.00 0.00 0.00 0.00 0.01 0.11 0.13 0.33 0.33 0.43 0.49 0.68 0.78 0.91 1.01 1.20 1.25 1.44 1.52 1.77 1.89 2.07 2.06 2.29 2.45 2.52 2.50 2.50 2.55 2.58 2.52 2.74 2.71 2.74 2.58 2.52 2.45 2.39 2.35 2.03 1.94 1.92 1.90 1.84 1.78 1.70 1.61 1.52 1.53 1.47 1.37 1.26 1.20 1.12 1.02 0.86 0.45 0.10 0.01 0.09 0.12 0.09 0.00 0.00 0.00 0.00 0.00 0.00 0.00 0.00 0.00 0.00 0.00 0.00
0.00 0.00 0.00 0.00 0.00 0.00 0.00 0.00 0.00 0.00 0.00 0.00 0.00 0.01 0.02 0.11 0.16 0.34 0.37 0.50 0.54 0.72 0.81 0.95 1.02 1.18 1.30 1.40 1.52 1.74 1.91 2.04 2.10 2.27 2.39 2.47 2.46 2.44 2.41 2.49 2.54 2.63 2.63 2.63 2.57 2.47 2.42 2.31 2.26 1.99 1.97 1.89 1.88 1.82 1.74 1.67 1.60 1.51 1.50 1.46 1.36 1.22 1.16 1.01 0.92 0.78 0.40 0.13 0.11 0.22 0.20 0.16 0.05 0.00 0.00 0.00 0.00 0.00 0.00 0.00 0.00 0.00 0.00 0.00
0.00 0.00 0.00 0.00 0.00 0.00 0.00 0.00 0.00 0.00 0.00 0.00 0.01 0.01 0.05 0.13 0.19 0.42 0.41 0.54 0.56 0.77 0.86 1.00 1.08 1.24 1.30 1.40 1.53 1.74 1.91 2.00 2.09 2.27 2.27 2.42 2.39 2.42 2.42 2.36 2.34 2.55 2.58 2.64 2.48 2.49 2.37 2.29 2.18 1.95 1.91 1.88 1.84 1.74 1.65 1.56 1.52 1.47 1.44 1.40 1.33 1.15 1.09 0.88 0.72 0.66 0.38 0.21 0.20 0.27 0.26 0.23 0.14 0.04 0.00 0.00 0.00 0.00 0.00 0.00 0.00 0.00 0.00 0.00
0.00 0.00 0.00 0.00 0.00 0.00 0.00 0.00 0.00 0.00 0.00 0.00 0.01 0.03 0.07 0.15 0.25 0.41 0.43 0.58 0.60 0.85 0.93 1.03 1.11 1.23 1.29 1.42 1.50 1.72 1.83 1.86 2.06 2.19 2.22 2.26 2.35 2.34 2.32 2.25 2.25 2.42 2.44 2.49 2.43 2.42 2.36 2.19 2.20 1.95 1.93 1.86 1.82 1.74 1.64 1.54 1.47 1.41 1.43 1.37 1.28 1.10 1.01 0.65 0.59 0.47 0.27 0.23 0.21 0.27 0.24 0.20 0.15 0.08 0.00 0.00 0.00 0.00 0.00 0.00 0.00 0.00 0.00 0.00
0.00 0.00 0.00 0.00 0.00 0.00 0.00 0.00 0.00 0.00 0.00 0.00 0.02 0.04 0.07 0.17 0.27 0.43 0.52 0.62 0.64 0.80 0.94 1.03 1.15 1.31 1.32 1.33 1.48 1.64 1.81 1.87 1.99 2.20 2.25 2.28 2.26 2.34 2.30 2.33 2.30 2.26 2.41 2.50 2.49 2.39 2.47 2.21 2.18 1.97 1.94 1.93 1.85 1.77 1.63 1.53 1.47 1.36 1.37 1.28 1.17 0.97 0.88 0.56 0.45 0.35 0.24 0.21 0.22 0.23 0.21 0.18 0.14 0.09 0.00 0.00 0.00 0.00 0.00 0.00 0.00 0.00 0.00 0.00
0.00 0.00 0.00 0.00 0.00 0.00 0.00 0.00 0.00 0.00 0.00 0.01 0.04 0.05 0.08 0.21 0.31 0.50 0.54 0.62 0.65 0.86 0.96 1.10 1.18 1.30 1.37 1.41 1.51 1.67 1.78 1.85 1.98 2.10 2.14 2.10 2.21 2.19 2.10 2.21 2.40 2.36 2.38 2.45 2.39 2.33 2.37 2.22 2.12 1.91 1.89 1.88 1.80 1.73 1.61 1.50 1.47 1.35 1.33 1.26 1.14 0.93 0.83 0.54 0.38 0.29 0.27 0.25 0.23 0.20 0.18 0.17 0.13 0.08 0.00 0.00 0.00 0.00 0.00 0.00 0.00 0.00 0.00 0.00
0.00 0.00 0.00 0.00 0.00 0.00 0.00 0.00 0.00 0.00 0.00 0.03 0.06 0.07 0.11 0.22 0.32 0.51 0.59 0.66 0.71 0.92 0.98 1.11 1.19 1.41 1.40 1.44 1.52 1.65 1.71 1.84 2.01 2.10 1.92 1.90 1.99 2.09 2.03 2.22 2.30 2.27 2.17 2.28 2.31 2.21 2.19 2.03 1.93 1.80 1.79 1.74 1.72 1.68 1.56 1.43 1.42 1.34 1.30 1.21 1.06 0.88 0.77 0.48 0.35 0.29 0.28 0.25 0.22 0.19 0.16 0.15 0.12 0.06 0.00 0.00 0.00 0.00 0.00 0.00 0.00 0.00 0.00 0.00
0.00 0.00 0.00 0.00 0.00 0.00 0.00 0.00 0.00 0.00 0.00 0.04 0.07 0.08 0.14 0.24 0.36 0.55 0.62 0.71 0.75 0.95 1.04 1.16 1.24 1.41 1.47 1.49 1.58 1.60 1.74 1.89 1.90 2.01 2.04 1.91 1.97 2.01 1.97 2.14 2.22 2.15 2.16 2.19 2.22 2.12 2.09 2.03 1.93 1.76 1.72 1.71 1.66 1.65 1.58 1.42 1.40 1.28 1.21 1.12 1.01 0.83 0.73 0.46 0.33 0.29 0.28 0.23 0.21 0.17 0.14 0.12 0.09 0.04 0.00 0.00 0.00 0.00 0.00 0.00 0.00 0.00 0.00 0.00
0.00 0.00 0.00 0.00 0.00 0.00 0.00 0.00 0.00 0.00 0.01 0.07 0.07 0.12 0.19 0.29 0.44 0.62 0.68 0.78 0.85 1.04 1.14 1.19 1.31 1.57 1.63 1.64 1.62 1.80 1.75 1.85 1.91 2.03 2.01 1.99 1.96 2.00 2.02 1.99 2.09 2.12 2.08 2.15 2.12 2.09 2.06 1.98 1.88 1.74 1.68 1.66 1.58 1.55 1.50 1.38 1.30 1.20 1.10 1.02 0.89 0.74 0.68 0.41 0.25 0.25 0.25 0.20 0.19 0.16 0.13 0.10 0.07 0.02 0.00 0.00 0.00 0.00 0.00 0.00 0.00 0.00 0.00 0.00
0.00 0.00 0.00 0.00 0.00 0.00 0.00 0.00 0.00 0.00 0.01 0.06 0.09 0.19 0.23 0.35 0.45 0.65 0.69 0.81 0.90 1.06 1.19 1.25 1.33 1.56 1.66 1.71 1.74 1.77 1.86 1.88 2.03 2.09 2.03 2.02 2.00 2.00 1.99 2.04 2.05 2.07 2.06 2.05 2.06 2.04 1.98 1.90 1.82 1.56 1.62 1.60 1.60 1.55 1.50 1.41 1.30 1.18 1.12 1.00 0.89 0.70 0.66 0.38 0.25 0.22 0.23 0.20 0.18 0.15 0.12 0.08 0.06 0.01 0.00 0.00 0.00 0.00 0.00 0.00 0.00 0.00 0.00 0.00
0.00 0.00 0.00 0.00 0.00 0.00 0.00 0.00 0.00 0.01 0.03 0.07 0.13 0.23 0.31 0.42 0.49 0.70 0.76 0.88 0.96 1.21 1.26 1.35 1.40 1.70 1.77 1.79 1.78 1.88 1.91 1.88 1.92 2.05 2.05 2.02 2.03 2.04 2.02 2.04 2.07 2.05 2.02 1.99 2.00 2.01 1.98 1.87 1.78 1.64 1.67 1.60 1.56 1.54 1.46 1.39 1.29 1.19 1.13 1.02 0.92 0.76 0.63 0.36 0.26 0.23 0.22 0.18 0.18 0.14 0.10 0.07 0.04 0.01 0.00 0.00 0.00 0.00 0.00 0.00 0.00 0.00 0.00 0.00
0.00 0.00 0.00 0.00 0.00 0.00 0.00 0.00 0.00 0.03 0.05 0.09 0.16 0.26 0.37 0.47 0.53 0.73 0.83 0.95 1.03 1.22 1.33 1.43 1.46 1.75 1.75 1.80 1.85 1.90 2.00 1.90 2.03 2.03 2.12 2.04 2.00 2.09 1.99 1.98 2.01 2.00 1.98 1.98 1.89 1.96 1.93 1.81 1.77 1.68 1.62 1.56 1.48 1.45 1.42 1.36 1.33 1.19 1.10 1.05 0.94 0.69 0.56 0.33 0.32 0.28 0.23 0.19 0.16 0.13 0.10 0.06 0.03 0.00 0.00 0.00 0.00 0.00 0.00 0.00 0.00 0.00 0.00 0.00
0.00 0.00 0.00 0.00 0.00 0.00 0.00 0.01 0.03 0.05 0.07 0.13 0.21 0.34 0.40 0.55 0.62 0.82 0.89 1.03 1.10 1.28 1.42 1.58 1.61 2.01 2.02 1.99 1.92 2.00 2.10 2.13 2.09 2.07 2.17 2.07 2.10 2.12 2.05 1.95 1.93 1.99 1.94 1.92 1.89 1.91 1.90 1.78 1.70 1.62 1.58 1.50 1.41 1.35 1.34 1.28 1.24 1.11 1.06 1.02 0.89 0.56 0.38 0.34 0.38 0.24 0.23 0.17 0.15 0.11 0.08 0.05 0.02 0.00 0.00 0.00 0.00 0.00 0.00 0.00 0.00 0.00 0.00 0.00
0.00 0.00 0.00 0.00 0.00 0.00 0.00 0.04 0.05 0.07 0.10 0.17 0.24 0.36 0.43 0.58 0.68 0.94 0.98 1.10 1.18 1.36 1.47 1.63 1.71 2.09 2.16 2.11 2.08 2.15 2.16 2.16 2.19 2.21 2.15 2.14 2.10 2.12 2.06 1.98 1.89 1.94 1.92 1.92 1.85 1.88 1.81 1.71 1.60 1.62 1.52 1.52 1.40 1.35 1.31 1.27 1.19 1.09 1.03 0.96 0.76 0.54 0.41 0.39 0.34 0.24 0.22 0.16 0.15 0.11 0.08 0.04 0.01 0.00 0.00 0.00 0.00 0.00 0.00 0.00 0.00 0.00 0.00 0.00
0.00 0.00 0.00 0.00 0.00 0.00 0.00 0.04 0.04 0.08 0.12 0.21 0.28 0.38 0.45 0.64 0.75 1.03 1.10 1.20 1.25 1.38 1.47 1.66 1.81 2.22 2.24 2.27 2.20 2.22 2.20 2.17 2.25 2.16 2.15 2.10 2.05 2.09 1.94 1.95 1.87 1.86 1.87 1.82 1.81 1.83 1.72 1.63 1.61 1.57 1.53 1.41 1.38 1.31 1.28 1.24 1.17 1.06 0.98 0.95 0.84 0.54 0.49 0.48 0.31 0.22 0.19 0.16 0.15 0.11 0.08 0.03 0.01 0.00 0.00 0.00 0.00 0.00 0.00 0.00 0.00 0.00 0.00 0.00
0.00 0.00 0.00 0.00 0.00 0.00 0.02 0.05 0.06 0.14 0.16 0.25 0.32 0.43 0.51 0.69 0.80 1.09 1.21 1.27 1.34 1.46 1.59 1.71 1.88 2.32 2.27 2.26 2.27 2.27 2.27 2.17 2.22 2.23 2.11 2.10 2.08 2.06 1.95 1.95 1.95 1.93 1.85 1.82 1.77 1.78 1.59 1.42 1.51 1.53 1.49 1.42 1.40 1.30 1.26 1.23 1.15 1.02 0.97 0.91 0.80 0.61 0.55 0.49 0.36 0.23 0.21 0.17 0.15 0.11 0.08 0.03 0.00 0.00 0.00 0.00 0.00 0.00 0.00 0.00 0.00 0.00 0.00 0.00
0.00 0.00 0.00 0.00 0.00 0.01 0.02 0.05 0.09 0.17 0.22 0.29 0.35 0.46 0.55 0.73 0.91 1.21 1.26 1.35 1.34 1.44 1.56 1.70 1.78 2.17 2.26 2.23 2.21 2.23 2.26 2.21 2.15 2.05 2.08 2.03 2.05 1.93 1.99 1.94 1.95 1.84 1.79 1.79 1.72 1.79 1.59 1.45 1.45 1.48 1.49 1.42 1.37 1.30 1.26 1.24 1.17 1.04 0.97 0.91 0.74 0.60 0.59 0.50 0.36 0.24 0.22 0.18 0.14 0.11 0.08 0.02 0.00 0.00 0.00 0.00 0.00 0.00 0.00 0.00 0.00 0.00 0.00 0.00
0.00 0.00 0.01 0.02 0.01 0.02 0.04 0.09 0.12 0.22 0.27 0.34 0.40 0.53 0.60 0.79 0.99 1.22 1.33 1.37 1.42 1.49 1.64 1.74 1.78 2.28 2.28 2.33 2.23 2.13 2.21 2.20 2.12 2.09 2.10 2.04 2.05 1.95 1.94 1.93 1.88 1.78 1.69 1.83 1.75 1.79 1.70 1.47 1.37 1.47 1.49 1.42 1.37 1.27 1.23 1.18 1.13 1.01 0.96 0.90 0.78 0.65 0.57 0.51 0.40 0.29 0.23 0.17 0.15 0.12 0.10 0.03 0.01 0.00 0.00 0.00 0.00 0.00 0.00 0.00 0.00 0.00 0.00 0.00
0.00 0.01 0.03 0.03 0.05 0.07 0.07 0.12 0.17 0.28 0.32 0.41 0.46 0.60 0.66 0.92 1.11 1.34 1.36 1.37 1.48 1.58 1.67 1.78 1.95 2.28 2.20 2.23 2.11 2.06 2.08 2.04 2.09 2.07 2.08 2.10 2.06 2.01 1.93 1.93 1.91 1.75 1.67 1.70 1.72 1.62 1.60 1.45 1.39 1.51 1.47 1.40 1.33 1.24 1.20 1.16 1.14 1.00 0.96 0.89 0.77 0.67 0.59 0.52 0.43 0.33 0.23 0.18 0.15 0.12 0.10 0.04 0.01 0.00 0.00 0.00 0.00 0.00 0.00 0.00 0.00 0.00 0.00 0.00
0.00 0.00 0.04 0.05 0.05 0.07 0.12 0.18 0.24 0.33 0.40 0.47 0.56 0.67 0.74 0.99 1.10 1.33 1.39 1.41 1.44 1.63 1.69 1.78 1.95 2.31 2.16 2.11 2.02 2.14 2.05 2.01 2.04 1.92 2.04 2.02 2.04 2.00 2.01 1.90 1.88 1.87 1.76 1.72 1.71 1.64 1.54 1.49 1.46 1.51 1.45 1.44 1.31 1.21 1.19 1.15 1.08 0.97 0.92 0.85 0.76 0.64 0.60 0.53 0.52 0.33 0.25 0.19 0.16 0.13 0.10 0.05 0.02 0.00 0.00 0.00 0.00 0.00 0.00 0.00 0.00 0.00 0.00 0.00
0.04 0.05 0.06 0.05 0.09 0.11 0.15 0.22 0.29 0.39 0.46 0.57 0.64 0.75 0.84 1.08 1.20 1.41 1.42 1.47 1.58 1.67 1.77 1.84 1.97 2.32 2.21 2.07 2.09 2.03 2.06 2.08 2.13 2.10 2.09 2.05 2.02 2.00 1.95 1.99 1.87 1.89 1.82 1.74 1.72 1.60 1.47 1.51 1.48 1.55 1.55 1.47 1.33 1.21 1.18 1.16 1.08 0.95 0.89 0.81 0.75 0.67 0.64 0.56 0.54 0.35 0.30 0.20 0.17 0.15 0.10 0.06 0.02 0.00 0.00 0.00 0.00 0.00 0.00 0.00 0.00 0.00 0.00 0.00
0.07 0.09 0.10 0.11 0.14 0.17 0.21 0.28 0.33 0.47 0.50 0.62 0.70 0.77 0.89 1.08 1.21 1.42 1.46 1.50 1.55 1.70 1.68 1.80 1.94 2.16 2.11 1.99 2.04 2.04 1.98 2.02 2.08 2.05 2.03 1.93 1.98 1.88 1.89 1.87 1.94 1.88 1.81 1.70 1.62 1.47 1.50 1.55 1.52 1.49 1.52 1.46 1.31 1.21 1.19 1.14 1.07 0.92 0.88 0.81 0.74 0.67 0.62 0.56 0.56 0.40 0.30 0.23 0.19 0.16 0.11 0.06 0.03 0.00 0.00 0.00 0.00 0.00 0.00 0.00 0.00 0.00 0.00 0.00
0.06 0.08 0.13 0.16 0.18 0.23 0.27 0.33 0.35 0.49 0.51 0.63 0.70 0.84 0.91 1.11 1.21 1.49 1.45 1.47 1.55 1.64 1.67 1.73 1.88 1.95 2.05 1.93 1.93 1.97 1.91 1.96 1.96 1.92 1.94 1.88 1.88 1.85 1.87 1.85 1.86 1.83 1.83 1.66 1.39 1.36 1.39 1.50 1.53 1.57 1.47 1.33 1.21 1.10 1.12 1.07 1.03 0.90 0.85 0.78 0.71 0.64 0.62 0.58 0.52 0.40 0.31 0.25 0.19 0.14 0.08 0.05 0.02 0.00 0.00 0.00 0.00 0.00 0.00 0.00 0.00 0.00 0.00 0.00
0.09 0.14 0.21 0.24 0.26 0.27 0.30 0.36 0.42 0.51 0.57 0.69 0.81 0.89 0.97 1.11 1.23 1.45 1.48 1.53 1.60 1.63 1.64 1.69 1.77 1.99 1.96 1.81 1.76 1.70 1.85 1.88 1.89 1.71 1.77 1.80 1.76 1.78 1.81 1.80 1.82 1.82 1.77 1.63 1.34 1.31 1.36 1.52 1.51 1.50 1.36 1.30 0.98 1.03 1.08 1.09 0.96 0.83 0.79 0.77 0.72 0.65 0.62 0.55 0.51 0.40 0.30 0.25 0.20 0.15 0.08 0.04 0.02 0.00 0.00 0.00 0.00 0.00 0.00 0.00 0.00 0.00 0.00 0.00
0.10 0.16 0.21 0.26 0.28 0.32 0.36 0.44 0.47 0.59 0.61 0.77 0.87 0.97 0.99 1.12 1.19 1.44 1.52 1.46 1.50 1.55 1.66 1.59 1.61 1.78 1.80 1.66 1.64 1.61 1.72 1.66 1.70 1.58 1.57 1.58 1.50 1.55 1.59 1.62 1.56 1.60 1.54 1.41 1.28 1.33 1.31 1.41 1.37 1.35 1.28 1.20 1.07 0.97 1.02 0.96 0.91 0.78 0.75 0.67 0.66 0.59 0.58 0.52 0.49 0.37 0.28 0.23 0.19 0.14 0.06 0.03 0.01 0.00 0.00 0.00 0.00 0.00 0.00 0.00 0.00 0.00 0.00 0.00
0.19 0.25 0.28 0.30 0.32 0.39 0.40 0.47 0.48 0.64 0.67 0.80 0.95 1.00 1.06 1.14 1.22 1.45 1.50 1.49 1.49 1.61 1.52 1.59 1.60 1.80 1.70 1.62 1.64 1.74 1.68 1.66 1.63 1.59 1.51 1.49 1.41 1.33 1.40 1.51 1.52 1.59 1.53 1.32 1.43 1.45 1.35 1.35 1.32 1.32 1.20 1.12 1.05 1.01 0.94 0.92 0.87 0.74 0.72 0.70 0.67 0.59 0.57 0.52 0.47 0.36 0.29 0.26 0.21 0.14 0.06 0.02 0.00 0.00 0.00 0.00 0.00 0.00 0.00 0.00 0.00 0.00 0.00 0.00
0.28 0.35 0.35 0.37 0.41 0.44 0.44 0.58 0.56 0.75 0.77 0.93 1.04 1.14 1.15 1.22 1.26 1.47 1.48 1.50 1.50 1.57 1.57 1.48 1.55 1.63 1.66 1.60 1.57 1.64 1.63 1.65 1.54 1.53 1.53 1.38 1.32 1.30 1.41 1.38 1.44 1.49 1.48 1.35 1.42 1.46 1.33 1.32 1.27 1.28 1.16 1.10 0.99 1.02 0.94 0.87 0.81 0.74 0.72 0.69 0.66 0.59 0.56 0.54 0.48 0.38 0.30 0.25 0.21 0.13 0.04 0.00 0.00 0.00 0.00 0.00 0.00 0.00 0.00 0.00 0.00 0.00 0.00 0.00
0.36 0.39 0.42 0.44 0.45 0.48 0.49 0.64 0.60 0.77 0.79 0.96 1.06 1.15 1.18 1.24 1.29 1.56 1.51 1.50 1.53 1.60 1.54 1.58 1.57 1.63 1.67 1.52 1.55 1.63 1.57 1.59 1.49 1.47 1.45 1.36 1.33 1.29 1.36 1.47 1.42 1.34 1.35 1.33 1.28 1.36 1.30 1.23 1.16 1.21 1.11 1.05 0.95 0.95 0.88 0.84 0.79 0.73 0.70 0.67 0.64 0.56 0.56 0.53 0.48 0.40 0.29 0.26 0.19 0.10 0.03 0.00 0.00 0.00 0.00 0.00 0.00 0.00 0.00 0.00 0.00 0.00 0.00 0.00
0.42 0.47 0.49 0.49 0.50 0.54 0.60 0.66 0.71 0.86 0.92 1.11 1.15 1.26 1.25 1.33 1.37 1.55 1.55 1.51 1.57 1.62 1.57 1.68 1.62 1.63 1.65 1.54 1.45 1.52 1.49 1.47 1.45 1.47 1.39 1.44 1.40 1.29 1.40 1.44 1.42 1.28 1.27 1.24 1.23 1.24 1.21 1.17 1.08 1.13 1.09 0.97 0.92 0.84 0.84 0.79 0.72 0.68 0.65 0.64 0.63 0.57 0.53 0.53 0.49 0.42 0.31 0.26 0.19 0.08 0.02 0.00 0.00 0.00 0.00 0.00 0.00 0.00 0.00 0.00 0.00 0.00 0.00 0.00
