QPF/QPF_202208082200-180.txt
ncols 525
nrows 625
xllcorner -31082
yllcorner 11395
cellsize 1000.0
NODATA_value -9999.0
[rows 185 to 221 of 625, columns 252 to 335 of 525]
0.00 0.35 0.45 2.50 2.25 2.80 2.75 2.33 1.99 1.36 0.53 1.59 1.12 0.93 0.11 -0.33 -0.49 -0.32 -0.09 -0.27 -0.41 -0.25 0.07 0.51 0.11 0.23 0.42 0.61 0.81 1.15 1.21 0.85 1.36 2.06 2.49 3.75 4.65 5.50 5.75 6.82 7.72 9.57 11.47 14.72 15.64 17.39 18.20 18.42 19.18 18.44 20.06 19.19 19.60 21.70 21.30 18.04 16.11 12.61 12.65 9.51 7.48 5.85 5.39 5.78 6.31 5.61 5.62 5.73 4.45 3.08 3.29 4.32 4.31 5.78 5.91 5.93 6.34 6.55 7.08 8.18 8.85 9.43 8.87 8.84
1.66 5.14 5.19 9.33 8.71 8.48 7.86 6.35 4.83 6.04 4.84 7.20 7.47 8.39 7.55 1.60 0.06 -0.06 0.62 0.69 0.04 0.24 0.52 0.93 0.44 0.81 1.42 1.43 1.75 1.69 1.97 1.70 1.86 2.93 2.89 4.66 5.46 8.17 9.03 10.78 11.63 17.12 19.92 23.03 23.39 24.54 26.09 23.91 25.03 24.59 24.10 22.99 23.13 23.00 23.58 19.23 17.97 14.58 12.81 9.30 7.66 5.98 5.68 6.28 6.34 5.89 6.52 6.21 5.01 3.14 2.86 4.10 4.19 5.45 5.52 5.59 6.32 5.94 6.32 7.61 8.04 9.36 8.37 8.27
12.68 13.86 13.88 14.12 11.39 9.22 8.69 6.40 4.92 6.09 6.87 11.84 14.34 16.27 14.55 11.32 9.68 6.35 4.04 2.54 2.00 1.69 1.68 1.72 1.41 2.32 2.60 2.25 2.27 2.69 3.35 3.16 3.44 5.51 4.87 6.88 8.46 12.82 15.60 18.28 20.08 23.23 24.57 27.13 30.00 29.64 29.26 28.30 27.36 28.22 26.42 23.98 23.01 22.67 21.42 20.00 17.33 14.45 12.00 8.80 8.03 6.00 6.02 6.82 7.49 7.58 7.58 6.66 5.69 4.07 3.15 4.59 4.20 6.57 6.18 6.28 6.80 5.46 5.51 6.83 7.01 7.60 6.70 6.75
16.32 17.72 16.26 15.60 13.96 10.35 9.11 7.39 6.44 7.71 8.58 14.74 18.92 21.23 20.59 17.01 14.41 10.03 8.21 4.28 3.58 3.12 3.35 3.18 2.91 2.99 3.30 3.32 2.89 3.18 4.21 4.84 5.08 8.85 10.97 13.85 15.79 18.22 20.79 23.79 25.69 27.65 29.77 29.79 29.94 30.65 29.22 28.51 28.35 28.26 27.42 22.72 22.25 21.19 20.66 18.53 16.85 12.32 10.68 8.62 7.95 6.13 6.68 6.37 5.27 6.76 7.51 5.86 6.50 3.98 3.61 4.57 4.36 6.04 6.12 6.49 6.24 5.67 5.98 7.07 7.00 7.33 6.67 6.57
16.93 17.25 16.35 16.65 16.98 15.08 13.19 11.84 8.73 9.61 11.78 18.62 24.73 25.19 24.36 21.90 20.44 16.72 15.34 8.67 7.19 5.97 5.87 5.75 5.20 5.29 5.47 4.40 3.75 4.08 5.22 6.31 7.61 10.99 15.34 21.56 22.50 24.55 27.83 31.14 34.94 35.08 32.06 29.34 32.55 31.70 32.22 28.28 28.46 26.59 25.82 24.56 22.82 21.22 19.80 18.34 17.26 12.64 10.73 10.32 9.00 8.29 8.67 8.27 7.76 6.97 8.21 7.47 7.26 3.95 2.80 3.30 4.01 5.48 5.88 6.24 5.68 5.34 5.90 7.52 7.67 7.10 6.33 5.88
16.89 16.62 15.86 15.50 14.31 12.60 11.48 9.86 7.76 8.95 12.98 20.29 26.82 30.50 31.64 27.64 26.85 21.64 20.02 12.90 10.52 7.67 7.24 6.65 6.49 6.30 6.32 5.47 5.04 5.54 6.96 8.08 9.03 16.14 20.16 24.95 26.63 28.81 32.98 37.44 38.05 39.08 36.67 32.58 30.73 31.16 29.68 27.30 25.33 23.38 20.60 22.30 21.59 21.17 19.67 16.69 15.74 11.70 10.28 9.24 8.26 8.13 7.87 7.98 8.44 7.26 7.41 6.70 5.92 3.74 3.16 3.37 3.60 4.70 4.42 5.41 5.86 5.63 5.95 7.45 7.88 6.93 5.92 5.83
15.78 13.62 14.61 12.55 11.14 9.01 7.61 6.88 6.15 7.75 10.70 17.10 20.50 20.60 23.10 23.62 21.74 20.87 18.37 14.72 12.33 9.45 8.63 7.94 7.22 7.49 7.38 7.30 6.55 7.11 7.63 10.44 12.88 21.53 25.79 27.72 30.25 33.87 37.09 39.08 40.35 38.85 37.15 33.51 32.39 30.89 29.81 28.91 26.57 23.58 22.31 23.08 22.77 22.22 22.19 17.93 16.68 12.21 10.16 9.44 8.63 7.55 7.23 6.40 5.98 5.36 4.95 5.42 5.32 3.90 3.50 3.73 4.02 5.10 5.10 5.26 6.03 5.93 6.06 6.94 7.65 6.85 5.39 5.16
11.32 9.79 9.60 8.66 7.62 6.75 5.76 5.59 5.18 6.69 8.54 11.84 16.60 19.59 22.02 22.84 21.80 20.24 18.61 15.40 12.53 10.39 9.23 8.37 8.01 8.39 8.49 8.41 8.12 10.09 12.42 13.17 16.55 23.64 28.36 30.13 31.66 35.84 38.02 36.75 35.77 34.44 32.53 31.44 30.39 32.44 27.85 25.08 24.84 21.54 20.36 21.46 21.32 20.23 19.21 15.54 14.73 12.07 10.18 8.99 8.30 7.06 7.01 6.14 5.86 5.13 4.95 5.07 5.13 3.79 3.27 3.83 4.30 5.26 5.88 5.48 5.56 5.77 6.13 6.92 6.92 6.41 5.38 4.89
7.35 5.28 4.97 4.01 3.19 3.54 3.14 3.63 3.50 5.54 7.99 11.35 14.49 15.79 17.62 19.54 20.75 19.27 16.77 14.21 12.09 10.56 9.58 8.84 7.93 9.07 8.99 9.61 9.28 11.58 14.09 14.50 15.81 22.08 27.54 28.89 33.76 36.40 36.48 36.80 36.70 33.27 33.03 30.93 28.62 27.75 24.87 21.58 21.04 20.42 18.52 18.16 17.92 15.75 14.39 13.50 14.16 11.38 10.04 8.82 7.88 6.74 6.21 5.81 5.81 5.24 4.76 5.16 5.01 3.76 3.50 3.89 4.46 4.61 5.30 5.35 5.75 5.75 5.29 5.94 5.94 5.54 4.82 4.33
6.04 4.67 3.95 3.92 2.93 2.98 2.63 2.63 2.51 3.83 5.52 8.54 11.57 14.55 14.33 15.17 17.22 17.33 16.00 13.96 12.69 10.95 10.58 9.73 9.20 9.39 9.61 10.39 9.75 11.78 14.17 15.50 17.73 21.51 25.48 29.83 32.57 35.04 34.35 33.86 31.99 32.14 31.96 28.57 26.58 24.21 20.92 18.34 17.98 16.62 15.97 15.07 14.02 14.12 13.28 11.70 12.27 11.56 9.67 8.66 7.76 6.52 5.91 5.31 5.28 4.70 4.59 4.48 4.81 3.69 3.17 3.07 4.14 4.73 5.41 5.16 5.83 5.75 5.44 5.49 4.81 4.58 4.15 3.87
4.60 3.75 3.53 3.27 2.88 2.60 1.86 1.65 1.30 1.41 2.06 4.64 6.88 8.36 10.03 10.62 11.42 13.07 12.66 12.22 11.02 10.68 9.78 9.02 8.86 10.24 10.40 11.76 11.72 13.35 15.19 17.46 18.98 20.87 23.94 29.30 32.23 33.07 34.34 30.32 28.65 29.39 28.12 25.89 21.80 20.64 17.81 15.25 14.32 13.68 13.49 13.37 12.72 11.39 12.38 11.69 11.79 11.50 10.12 8.90 8.05 7.12 6.34 5.85 5.55 4.84 4.71 4.61 4.99 4.44 4.18 4.31 4.46 5.32 5.60 5.72 5.83 5.65 5.70 4.79 3.99 3.52 3.30 2.98
4.46 3.35 3.07 3.16 3.26 3.11 2.29 1.62 1.57 1.87 2.23 3.81 5.47 7.23 9.69 10.23 10.81 12.53 10.85 11.39 10.27 10.65 10.22 9.49 9.49 11.46 10.42 12.22 12.39 14.31 15.00 16.98 20.07 17.58 20.48 23.89 26.85 28.73 28.66 28.21 25.50 25.07 22.93 22.06 21.37 19.38 15.46 13.74 12.77 12.45 11.72 12.15 11.83 11.05 11.43 11.67 10.96 10.87 9.77 8.96 8.10 6.89 6.42 5.86 5.53 4.77 5.00 4.98 5.53 4.51 4.76 4.73 4.51 4.96 5.35 5.69 5.89 5.65 5.48 4.41 3.75 3.12 2.84 2.51
3.98 3.28 2.61 3.17 2.67 2.97 2.53 2.04 1.55 2.01 2.07 4.37 5.65 6.50 7.96 8.69 9.28 10.64 9.64 9.14 8.45 8.54 9.69 9.69 10.26 12.61 11.88 13.36 14.21 15.64 15.75 15.65 17.85 18.40 18.18 22.55 22.83 25.91 24.87 22.98 22.41 19.89 18.11 16.38 15.14 14.78 12.41 11.57 10.63 10.43 10.59 10.73 11.00 10.69 10.86 11.20 11.23 10.75 9.61 9.07 8.21 7.03 6.51 5.98 5.67 5.12 5.34 5.28 5.60 5.07 5.73 5.74 5.73 5.89 5.65 5.95 5.96 5.76 4.96 4.05 3.47 2.85 2.74 2.32
3.60 2.48 2.25 3.02 2.10 2.88 2.82 2.43 2.00 2.32 2.67 4.28 5.48 5.87 6.72 8.32 8.81 9.07 8.70 8.13 8.53 8.81 9.07 10.52 10.72 12.95 12.82 13.57 14.33 15.82 16.29 17.53 16.54 16.78 16.92 19.01 19.18 19.86 21.09 20.07 19.51 16.77 15.08 14.05 13.75 12.99 12.62 11.68 10.90 9.70 10.03 10.30 10.83 10.58 10.90 10.84 11.24 10.50 10.25 9.39 8.31 7.24 6.46 6.16 5.93 5.38 5.30 5.33 6.27 5.34 6.32 6.39 6.50 6.60 6.00 6.08 6.14 5.42 5.18 4.18 3.53 2.66 2.60 2.33
2.75 1.77 1.40 2.73 2.19 3.46 3.27 3.19 2.69 3.39 3.83 4.88 4.45 5.73 5.68 6.77 7.56 7.84 8.73 9.13 10.45 11.96 11.79 13.88 13.20 14.74 15.16 15.29 16.23 16.20 17.74 17.49 15.14 13.64 13.96 15.59 17.06 15.90 16.88 16.00 14.66 12.76 11.84 11.52 10.95 11.08 10.57 10.62 10.18 9.36 9.61 10.09 10.49 10.98 11.18 10.77 10.86 10.32 9.53 8.71 7.93 6.97 6.36 6.07 5.93 5.38 5.42 6.17 7.04 5.88 6.34 6.22 6.13 6.00 5.85 5.50 5.54 4.83 4.45 3.45 2.86 2.30 2.10 1.69
4.32 2.70 2.07 2.65 2.15 3.43 3.59 4.04 3.71 4.28 4.19 5.20 5.35 4.93 5.80 6.21 7.00 7.05 7.78 8.79 9.40 12.32 11.63 13.13 13.31 14.64 15.59 15.45 15.93 16.19 16.79 16.66 14.52 12.49 12.99 13.92 15.24 15.40 14.29 13.63 12.92 11.12 10.50 10.04 9.74 10.13 9.89 9.88 9.56 8.88 9.26 9.90 10.13 10.65 11.30 10.70 10.67 10.33 9.61 8.82 8.24 7.34 6.59 6.48 6.24 5.71 6.02 6.47 7.68 6.35 6.67 6.37 6.44 6.47 6.19 5.58 5.46 4.95 4.11 3.25 2.71 2.12 2.05 1.63
4.44 3.50 2.35 2.91 2.25 3.88 4.06 4.22 4.25 3.90 4.14 4.37 4.23 3.88 4.80 5.42 6.82 6.01 6.62 7.24 7.82 10.34 10.31 12.65 13.61 14.58 15.09 15.37 15.04 15.54 15.44 15.07 13.58 12.50 13.04 13.14 13.13 13.70 12.97 11.54 11.18 9.94 9.54 8.70 8.37 8.87 9.09 8.80 8.82 8.66 8.75 9.40 9.87 10.47 10.97 10.41 10.50 10.25 10.08 9.52 8.69 7.87 7.07 6.97 6.79 6.34 6.55 7.31 8.08 7.33 7.64 7.22 6.95 6.93 6.38 5.85 5.59 4.85 4.11 3.30 2.76 2.14 2.24 1.76
5.12 3.80 3.38 4.39 3.58 4.70 4.11 5.49 4.31 4.27 4.88 4.24 4.02 3.62 4.47 5.24 5.97 6.13 6.68 7.85 8.80 10.99 11.49 12.35 12.72 14.89 14.24 15.50 14.97 15.22 15.18 14.47 13.33 11.70 12.14 11.82 11.93 11.40 10.84 10.20 9.78 9.19 8.36 8.29 7.80 8.05 8.53 8.44 8.54 8.56 8.61 9.38 9.81 10.50 11.26 10.83 10.74 10.62 10.06 9.98 9.55 8.26 7.76 7.60 7.33 7.01 6.98 7.71 8.39 7.49 7.66 7.02 6.97 6.87 6.36 5.98 5.66 4.77 4.03 3.35 2.82 2.08 2.05 1.71
4.98 3.88 3.23 3.32 4.01 4.95 4.84 4.45 4.51 4.26 4.12 4.04 3.61 3.47 4.08 5.14 5.61 6.24 6.66 7.90 10.13 11.33 12.15 14.19 13.45 14.37 13.61 14.70 14.14 14.19 14.00 13.34 12.68 11.42 11.24 10.09 10.02 9.48 9.18 8.76 8.48 7.95 7.84 7.76 7.55 7.57 8.20 7.79 7.87 8.29 8.28 8.91 8.98 9.38 10.44 10.87 10.88 10.44 10.12 10.22 9.77 9.10 8.65 8.39 8.18 7.73 7.88 8.33 9.03 7.63 7.33 6.98 6.91 6.42 5.59 5.28 4.98 4.07 3.63 3.23 2.83 2.04 1.90 1.69
5.24 3.66 3.37 2.69 2.88 3.92 3.73 4.68 3.89 3.91 3.90 3.82 3.05 2.92 4.03 3.87 5.61 7.02 7.18 7.82 9.70 11.86 12.26 13.28 13.78 14.57 13.93 14.52 14.23 14.05 13.53 12.87 12.20 10.63 10.31 9.45 9.11 8.28 8.08 7.60 7.96 7.02 7.06 7.28 7.35 7.27 7.93 7.88 7.84 8.88 8.85 9.56 9.62 10.17 10.87 11.84 11.94 11.62 11.47 11.13 10.85 10.31 10.09 9.35 9.38 8.90 8.68 9.01 9.43 7.81 7.43 7.19 6.86 6.38 5.59 5.08 4.76 3.38 3.22 2.88 2.66 2.00 1.85 1.73
6.98 4.34 3.77 3.04 3.38 3.52 2.85 3.77 2.96 3.12 3.19 3.31 2.87 2.56 3.75 3.79 5.39 6.60 6.09 7.73 9.97 12.46 13.65 14.14 14.61 15.69 15.40 16.14 15.48 14.25 13.68 12.85 11.92 10.33 9.97 8.90 8.31 7.66 7.47 7.30 7.46 7.07 6.88 6.91 7.04 7.07 7.57 7.66 7.63 9.40 9.50 9.74 10.14 10.56 10.96 11.33 12.45 12.49 12.35 12.49 12.17 11.45 11.57 10.81 10.25 10.16 9.72 9.90 9.94 7.65 6.93 6.26 5.83 5.56 4.89 4.59 4.42 3.22 3.14 2.71 2.53 1.82 1.68 1.54
8.46 5.07 4.54 3.60 3.39 4.60 3.63 3.72 2.53 3.10 3.02 3.48 3.28 3.75 4.26 5.16 5.70 7.33 7.04 8.80 10.35 13.07 14.12 15.09 15.28 16.29 16.57 16.63 15.71 14.54 13.51 11.99 11.11 9.94 9.54 8.10 7.51 6.52 6.87 6.79 6.82 6.34 6.38 6.62 6.70 7.03 7.37 7.71 7.80 9.94 10.24 10.54 11.17 11.56 11.70 11.92 12.99 13.54 13.42 13.22 13.11 12.26 12.16 11.84 11.71 11.44 11.16 11.00 10.67 7.99 6.85 6.20 5.54 5.37 4.87 4.43 4.17 3.07 2.91 2.55 2.37 1.81 1.61 1.57
7.28 5.08 4.34 4.03 3.64 3.74 2.87 3.08 2.30 3.32 3.22 2.90 2.78 3.99 4.92 6.82 7.51 9.03 10.48 11.55 12.97 15.30 15.87 16.57 16.57 17.33 17.14 17.56 16.52 15.56 13.68 11.79 10.91 9.39 8.62 7.39 6.99 6.13 5.99 6.00 5.97 5.82 6.08 6.69 7.01 7.63 7.62 8.49 9.05 11.40 11.53 12.11 12.41 12.91 13.38 14.13 14.72 15.51 15.59 15.79 15.79 16.12 15.93 15.79 15.46 14.69 13.75 12.38 11.60 8.29 7.29 6.42 5.56 5.14 4.74 4.14 3.95 2.71 2.66 2.35 2.20 1.60 1.48 1.47
6.17 4.97 4.32 3.69 3.19 3.05 2.25 3.29 2.32 3.25 3.22 2.93 2.96 3.91 4.79 6.04 7.20 9.62 11.45 12.09 13.72 15.62 15.71 16.17 16.07 16.43 16.24 16.12 15.44 14.59 12.86 10.80 9.98 9.02 8.37 7.25 6.75 6.01 5.85 5.77 5.98 6.00 6.37 6.99 7.45 8.34 8.52 8.94 9.26 11.64 12.17 13.13 13.73 13.97 14.70 15.41 16.22 16.74 17.87 18.04 18.41 19.33 18.78 18.64 17.95 16.82 15.64 13.26 12.27 8.67 7.03 6.26 5.39 4.77 4.42 3.89 3.74 2.57 2.49 2.26 2.04 1.54 1.40 1.41
6.62 5.35 4.88 3.98 3.33 3.82 3.14 3.27 3.09 3.51 3.18 2.90 3.23 4.62 5.43 6.08 7.63 10.52 12.10 13.82 14.73 16.18 16.00 15.25 15.03 15.43 15.83 15.57 14.95 14.18 12.23 9.88 8.98 8.29 7.72 7.05 6.71 5.91 5.62 5.58 5.77 5.85 6.27 7.18 7.63 8.31 8.62 9.19 9.44 11.59 12.53 13.55 14.54 15.19 16.09 17.11 18.19 18.75 19.82 20.59 20.72 22.15 21.55 21.48 20.19 18.26 16.53 13.94 12.48 8.60 7.08 6.10 5.16 4.32 4.15 3.62 3.59 2.38 2.24 2.03 1.91 1.50 1.42 1.49
6.21 4.56 4.83 4.18 3.11 3.77 3.37 2.93 2.83 3.31 2.58 2.97 3.85 4.66 5.13 6.32 7.48 9.61 10.62 12.39 12.72 14.08 13.89 13.61 13.98 13.90 14.08 14.11 13.74 12.83 11.12 9.07 8.54 8.70 8.09 7.53 6.94 6.24 5.92 5.91 6.31 6.47 7.16 7.66 8.22 8.95 9.66 10.43 9.97 12.07 12.62 14.25 15.03 16.28 17.42 19.11 20.54 21.26 22.05 23.61 24.57 25.53 25.22 25.62 23.67 19.79 17.59 14.45 12.76 8.69 7.23 6.09 5.09 4.09 3.88 3.46 3.46 2.39 2.19 2.06 1.96 1.41 1.34 1.37
4.78 3.81 3.90 4.40 4.01 4.52 4.40 3.50 3.33 3.39 2.92 3.48 4.23 4.77 5.12 6.58 6.76 9.25 10.13 11.25 12.07 12.74 12.75 12.92 13.28 13.11 12.36 11.59 11.69 12.07 10.72 9.44 8.99 9.36 8.70 7.82 7.28 6.79 6.51 6.57 7.03 6.95 7.30 7.23 7.59 8.77 9.32 10.55 10.42 12.24 13.18 14.58 15.80 18.15 20.29 22.60 24.35 25.19 25.41 26.40 27.62 28.06 26.74 26.45 24.15 18.96 16.63 13.45 11.40 7.63 6.26 5.22 4.57 3.43 3.38 3.01 2.90 1.93 1.80 1.70 1.53 1.00 0.88 0.96
4.20 2.86 2.95 3.46 3.49 4.91 4.83 4.07 3.02 3.14 2.90 3.16 3.13 3.77 4.63 5.57 6.17 8.02 9.08 9.39 10.03 11.67 12.06 12.74 13.60 13.73 13.28 12.20 12.71 13.17 12.11 10.32 10.04 10.01 9.23 8.52 7.75 7.69 7.47 7.45 7.57 7.40 7.58 7.38 7.85 9.28 9.93 10.85 10.98 12.58 13.72 15.09 16.66 19.49 21.53 24.60 27.07 27.89 27.77 29.01 29.08 30.06 28.54 26.95 23.67 18.60 16.34 13.11 11.11 6.90 6.28 5.05 4.40 3.37 3.31 3.04 2.97 2.03 1.87 1.78 1.62 1.10 0.96 0.99
4.01 3.57 3.85 4.20 4.44 5.23 4.93 3.80 3.69 3.23 3.51 3.86 3.99 4.25 4.36 5.10 5.38 6.96 8.07 8.15 8.71 10.19 11.58 12.67 14.09 14.44 13.30 12.71 12.48 13.56 12.28 10.99 10.60 10.43 9.43 8.70 8.17 8.04 8.16 8.12 8.13 7.96 8.20 7.80 8.18 9.77 10.39 11.13 11.70 14.15 14.83 16.61 18.04 20.59 23.01 26.09 28.98 28.83 28.50 29.74 30.23 30.46 28.31 25.91 22.33 17.23 15.06 11.84 10.01 6.33 5.64 4.50 3.88 3.02 2.94 2.70 2.61 1.77 1.63 1.68 1.46 0.98 0.84 0.90
2.39 2.31 2.95 4.08 3.94 5.33 4.67 3.34 3.14 2.38 3.23 3.64 3.92 3.93 4.02 4.50 4.24 6.03 7.04 7.78 7.82 9.24 10.78 12.90 14.82 15.44 15.72 14.77 14.25 15.41 14.00 12.61 11.86 11.05 9.93 9.01 8.58 8.26 8.37 8.20 8.35 8.09 8.20 7.57 7.80 9.49 10.39 11.58 12.40 15.35 16.10 18.36 19.89 22.12 25.01 28.70 31.34 29.86 29.87 30.43 29.66 29.22 26.75 24.50 20.36 16.57 14.37 11.05 9.70 5.64 5.35 4.18 3.90 3.13 3.06 2.85 2.74 1.83 1.73 1.71 1.45 0.94 0.86 0.92
2.47 2.93 3.20 3.37 3.76 4.61 4.42 3.76 3.30 3.27 3.40 3.34 3.24 3.22 3.20 3.43 3.39 4.22 5.16 5.81 6.59 7.16 8.13 10.08 12.82 13.50 14.40 12.36 11.75 14.62 13.45 12.57 11.52 10.40 9.51 8.49 8.11 8.06 8.29 8.32 8.12 8.21 7.98 8.01 8.21 10.75 11.77 13.66 14.47 16.76 17.92 19.64 21.66 23.90 26.27 29.71 31.62 29.97 29.16 28.85 27.81 25.67 22.91 21.00 17.33 13.28 11.47 8.84 7.57 3.60 3.47 2.91 2.74 2.20 2.26 2.18 2.12 1.60 1.44 1.50 1.30 0.97 0.81 0.82
2.23 3.42 3.97 4.30 4.03 4.83 4.74 3.80 3.68 3.76 3.90 4.04 4.00 3.39 3.22 3.34 3.39 3.81 4.70 5.50 6.45 6.45 8.20 9.34 11.52 13.57 13.79 12.52 11.99 15.00 13.94 12.34 11.26 9.73 8.89 8.11 8.09 7.86 7.88 8.02 8.33 8.23 8.44 8.19 8.46 11.37 12.10 13.85 15.02 17.48 19.52 21.48 22.89 24.74 26.98 29.69 31.05 28.97 27.56 26.18 24.84 22.08 20.02 17.40 14.21 10.72 9.41 7.27 6.12 3.15 3.08 2.81 2.77 2.35 2.35 2.23 2.06 1.54 1.45 1.48 1.27 0.95 0.75 0.75
3.02 3.20 3.96 4.05 3.97 4.98 4.87 4.37 4.02 3.93 4.14 3.79 3.83 3.31 3.12 3.39 3.44 4.46 5.11 5.37 6.24 6.91 8.68 10.04 12.34 13.68 14.62 12.29 11.72 14.92 14.25 12.72 11.45 9.79 8.40 7.75 7.94 8.15 8.10 8.24 8.65 8.81 8.57 8.22 8.48 11.48 12.24 13.61 15.03 17.89 19.82 21.88 23.09 23.87 25.76 27.98 29.34 26.59 25.34 23.08 20.85 18.76 15.70 14.04 11.36 8.36 6.97 5.46 4.80 2.95 2.92 2.50 2.43 2.11 2.00 1.95 1.85 1.39 1.27 1.30 1.14 0.85 0.78 0.69
3.27 3.92 4.09 4.61 4.65 5.09 4.81 4.55 4.45 4.21 4.34 4.13 4.08 3.33 3.26 3.22 3.25 3.67 4.23 4.29 4.69 4.65 5.88 6.56 7.95 9.50 10.10 9.66 9.22 12.18 11.95 10.64 9.95 8.74 7.69 7.64 7.63 8.12 8.26 8.48 8.47 8.77 8.69 8.34 8.29 11.55 12.83 14.35 15.41 17.93 19.36 21.20 22.75 23.39 24.73 26.95 26.85 23.64 22.50 20.23 18.02 15.55 12.85 11.40 9.59 6.62 5.83 4.79 4.50 2.88 2.87 2.55 2.43 2.13 1.98 1.84 1.75 1.24 1.18 1.19 1.04 0.80 0.67 0.60
3.74 3.79 4.02 4.40 4.48 4.78 4.46 4.83 5.10 4.43 4.45 4.61 4.63 3.59 3.35 3.32 3.19 2.97 3.17 2.98 3.07 2.80 3.03 3.43 3.75 5.03 5.65 6.13 6.14 7.65 7.72 7.36 7.09 7.41 6.80 6.87 6.72 6.81 7.04 6.99 7.20 7.37 7.27 7.14 7.25 10.68 12.29 13.97 15.06 17.51 18.71 19.78 21.10 22.02 23.47 23.95 24.01 20.70 18.84 16.76 14.63 12.01 10.36 8.64 7.30 4.67 4.39 3.73 3.65 2.53 2.41 2.17 2.11 1.89 1.82 1.73 1.64 1.05 0.89 1.02 0.86 0.53 0.40 0.27
4.04 4.51 4.34 4.77 4.86 4.66 4.34 4.55 4.81 4.12 4.11 4.07 4.02 3.25 3.08 2.97 2.84 2.52 2.82 2.60 2.58 2.38 2.68 2.72 2.84 3.75 4.10 4.51 4.61 5.96 6.01 6.40 5.94 6.68 6.00 6.24 6.18 6.61 6.80 6.76 6.88 7.14 7.10 6.93 6.87 10.98 12.07 13.29 14.30 16.44 17.45 18.26 19.05 19.91 20.26 20.26 20.23 17.83 15.71 14.52 12.36 10.44 8.77 7.39 6.52 4.41 4.16 3.58 3.47 2.35 2.17 1.97 1.93 1.86 1.71 1.68 1.64 1.06 0.94 1.00 0.84 0.46 0.40 0.26
3.56 4.10 4.07 4.19 4.09 3.95 3.99 3.72 3.61 3.12 3.19 3.32 3.29 2.57 2.48 2.55 2.49 2.15 2.35 2.54 2.55 2.37 2.61 2.48 2.58 2.67 2.79 2.78 3.00 3.84 4.13 4.75 4.79 5.55 5.28 5.36 5.35 5.74 5.92 6.08 6.01 6.30 6.23 6.11 6.32 10.22 10.93 11.97 13.26 14.67 15.45 16.53 17.47 17.03 17.15 17.18 17.58 15.17 13.13 12.16 10.58 8.70 7.32 6.28 5.39 4.02 3.90 3.57 3.47 2.53 2.43 2.51 2.34 2.28 2.01 1.86 1.72 1.19 1.08 1.03 0.91 0.36 0.25 0.13
