QPF/QPF_202208082200-50.txt
ncols 525
nrows 625
xllcorner -31082
yllcorner 11395
cellsize 1000.0
NODATA_value -9999.0
[rows 136 to 169 of 625, columns 385 to 461 of 525]
-0.00 -0.00 -0.00 -0.00 -0.00 -0.00 -0.00 -0.00 -0.00 -0.00 -0.00 -0.00 -0.00 -0.00 -0.00 -0.00 -0.00 -0.00 -0.00 -0.00 -0.00 -0.00 -0.00 -0.00 -0.00 -0.00 -0.00 -0.00 -0.00 -0.00 -0.00 -0.00 -0.00 -0.00 -0.00 -0.00 -0.00 -0.00 -0.00 -0.00 -0.00 -0.00 -0.00 -0.00 -0.00 -0.00 -0.00 -0.00 -0.00 0.00 0.04 0.09 0.20 0.18 0.27 0.39 0.49 0.52 0.48 0.55 0.84 0.87 0.80 0.78 0.99 0.94 1.01 1.08 1.22 1.19 1.16 1.08 1.19 1.14 1.12 1.08 1.32
-0.00 -0.00 -0.00 -0.00 -0.00 -0.00 -0.00 -0.00 -0.00 -0.00 -0.00 -0.00 -0.00 -0.00 -0.00 -0.00 -0.00 -0.00 -0.00 -0.00 -0.00 -0.00 -0.00 -0.00 -0.00 -0.00 -0.00 -0.00 -0.00 -0.00 -0.00 -0.00 -0.00 -0.00 -0.00 -0.00 -0.00 -0.00 -0.00 -0.00 -0.00 -0.00 -0.00 -0.00 -0.00 -0.00 -0.00 0.00 0.00 0.02 0.07 0.09 0.25 0.26 0.30 0.44 0.56 0.57 0.51 0.57 1.02 0.99 0.96 0.81 0.98 1.01 1.04 1.05 1.25 1.14 1.18 1.07 1.14 1.20 1.15 1.13 1.35
-0.00 -0.00 -0.00 -0.00 -0.00 -0.00 -0.00 -0.00 -0.00 -0.00 -0.00 -0.00 -0.00 -0.00 -0.00 -0.00 -0.00 -0.00 -0.00 -0.00 -0.00 -0.00 -0.00 -0.00 -0.00 -0.00 -0.00 -0.00 -0.00 -0.00 -0.00 -0.00 -0.00 -0.00 -0.00 -0.00 -0.00 -0.00 -0.00 -0.00 -0.00 -0.00 -0.00 -0.00 -0.00 -0.00 -0.00 0.01 0.01 0.01 0.14 0.11 0.33 0.34 0.38 0.44 0.59 0.58 0.51 0.52 1.03 0.97 0.97 0.92 1.02 1.02 1.00 1.01 1.32 1.19 1.19 1.21 1.09 1.24 1.22 1.21 1.40
-0.00 -0.00 -0.00 -0.00 -0.00 -0.00 -0.00 -0.00 -0.00 -0.00 -0.00 -0.00 -0.00 -0.00 -0.00 -0.00 -0.00 -0.00 -0.00 -0.00 -0.00 -0.00 -0.00 -0.00 -0.00 -0.00 -0.00 -0.00 -0.00 -0.00 -0.00 -0.00 -0.00 -0.00 -0.00 -0.00 -0.00 0.00 -0.00 -0.00 -0.00 0.01 0.01 -0.00 -0.00 -0.00 -0.00 0.01 0.05 0.04 0.26 0.25 0.45 0.46 0.47 0.53 0.61 0.62 0.57 0.56 0.98 1.04 1.01 0.97 1.07 1.02 1.01 0.99 1.30 1.22 1.18 1.22 1.13 1.20 1.28 1.22 1.36
-0.00 -0.00 -0.00 -0.00 -0.00 -0.00 -0.00 -0.00 -0.00 -0.00 -0.00 -0.00 -0.00 -0.00 -0.00 -0.00 -0.00 -0.00 -0.00 -0.00 -0.00 -0.00 -0.00 -0.00 -0.00 -0.00 -0.00 -0.00 -0.00 -0.00 -0.00 -0.00 -0.00 -0.00 -0.00 -0.00 0.01 0.02 0.02 0.01 0.03 0.02 0.01 -0.00 -0.00 -0.00 0.00 0.04 0.07 0.09 0.28 0.31 0.57 0.56 0.49 0.57 0.66 0.65 0.62 0.62 1.05 1.05 1.03 0.99 1.03 1.00 1.04 0.98 1.25 1.28 1.28 1.27 1.21 1.19 1.26 1.25 1.33
-0.00 -0.00 -0.00 -0.00 -0.00 -0.00 -0.00 -0.00 -0.00 -0.00 0.00 -0.00 -0.00 -0.00 -0.00 -0.00 -0.00 -0.00 -0.00 -0.00 -0.00 -0.00 -0.00 -0.00 -0.00 -0.00 -0.00 -0.00 -0.00 -0.00 -0.00 -0.00 -0.00 -0.00 -0.00 0.00 0.02 0.02 0.05 0.05 0.03 0.03 0.05 0.00 -0.01 -0.00 0.02 0.06 0.12 0.18 0.28 0.42 0.60 0.62 0.55 0.62 0.75 0.71 0.71 0.73 1.17 1.05 1.07 1.03 1.00 1.06 1.01 1.09 1.26 1.28 1.27 1.29 1.29 1.16 1.22 1.24 1.32
-0.00 -0.00 -0.00 -0.00 -0.00 -0.00 -0.00 -0.00 -0.00 -0.00 0.01 -0.01 -0.00 -0.00 -0.00 -0.00 -0.00 -0.00 -0.00 -0.00 -0.00 -0.00 -0.00 -0.00 -0.00 -0.00 -0.00 -0.00 -0.00 -0.00 -0.00 -0.00 -0.00 -0.00 -0.00 0.00 0.05 0.07 0.05 0.06 0.04 0.04 0.05 0.04 0.04 0.01 0.06 0.05 0.15 0.17 0.34 0.45 0.61 0.66 0.62 0.63 0.76 0.74 0.71 0.72 1.20 1.06 1.03 1.03 1.06 1.05 1.00 1.04 1.26 1.26 1.28 1.27 1.28 1.28 1.27 1.24 1.31
-0.00 -0.00 -0.00 -0.00 -0.00 -0.00 -0.00 -0.00 -0.00 0.01 0.03 0.00 -0.00 -0.00 -0.00 -0.00 -0.00 -0.00 -0.00 -0.00 -0.00 -0.00 -0.00 -0.00 -0.00 -0.00 -0.00 -0.00 -0.00 0.00 -0.00 -0.00 -0.00 -0.00 0.00 0.04 0.03 0.11 0.05 0.10 0.07 0.03 0.07 0.04 0.04 0.02 0.05 0.06 0.18 0.17 0.33 0.48 0.72 0.65 0.70 0.74 0.77 0.83 0.84 0.74 1.21 1.18 1.03 1.08 1.02 1.04 1.08 1.10 1.34 1.32 1.27 1.22 1.21 1.23 1.30 1.23 1.29
-0.00 -0.00 -0.00 -0.00 -0.00 -0.00 -0.00 -0.00 -0.00 0.03 0.01 0.02 -0.00 -0.00 -0.00 -0.00 -0.00 -0.00 -0.00 -0.00 -0.00 -0.00 -0.00 -0.00 -0.00 -0.00 -0.00 -0.00 -0.00 0.00 -0.00 -0.00 0.01 0.01 0.03 0.06 0.07 0.14 0.11 0.09 0.15 0.08 0.14 0.13 0.12 0.10 0.13 0.13 0.26 0.27 0.35 0.48 0.80 0.75 0.69 0.72 0.77 0.80 0.84 0.83 1.13 1.18 1.02 1.06 1.03 1.04 1.07 1.08 1.26 1.30 1.19 1.26 1.17 1.21 1.23 1.26 1.30
-0.00 -0.00 -0.00 -0.00 0.00 -0.00 -0.00 -0.00 -0.00 0.03 0.02 0.02 -0.00 -0.00 -0.00 -0.00 -0.00 -0.00 -0.00 -0.00 -0.00 -0.00 -0.00 -0.00 -0.00 -0.00 -0.00 -0.00 0.00 -0.00 -0.00 0.00 0.02 0.02 0.05 0.08 0.10 0.11 0.17 0.13 0.15 0.11 0.15 0.12 0.10 0.09 0.17 0.19 0.35 0.29 0.39 0.49 0.80 0.83 0.75 0.80 0.93 0.85 0.82 0.93 1.07 1.18 1.02 1.03 1.05 1.03 1.05 1.09 1.24 1.27 1.24 1.20 1.21 1.20 1.16 1.17 1.25
-0.00 -0.00 -0.00 0.00 -0.00 0.00 -0.00 0.00 0.03 0.07 0.07 0.06 -0.00 -0.00 -0.00 -0.00 -0.00 -0.00 -0.00 -0.00 -0.00 -0.00 -0.00 -0.00 -0.00 -0.00 -0.00 -0.00 -0.00 -0.00 -0.00 0.01 0.01 0.04 0.06 0.10 0.11 0.11 0.20 0.17 0.19 0.19 0.18 0.22 0.19 0.17 0.29 0.33 0.42 0.36 0.33 0.51 0.75 0.80 0.81 0.77 0.96 0.88 0.87 0.88 1.11 1.13 1.04 0.99 0.97 1.01 1.02 1.11 1.21 1.17 1.21 1.11 1.17 1.16 1.17 1.13 1.19
-0.00 -0.00 -0.00 0.01 0.02 0.01 0.01 0.01 0.05 0.08 0.11 0.08 -0.00 -0.00 -0.00 -0.00 -0.00 -0.00 -0.00 -0.00 -0.00 -0.00 -0.00 -0.00 -0.00 -0.00 -0.00 -0.00 -0.00 -0.00 -0.00 0.02 0.02 0.04 0.12 0.11 0.10 0.16 0.18 0.17 0.20 0.17 0.23 0.23 0.26 0.23 0.32 0.39 0.43 0.41 0.36 0.51 0.83 0.88 0.88 0.81 0.93 0.90 0.89 0.92 1.05 1.06 0.99 0.98 0.99 0.99 1.00 1.07 1.19 1.09 1.13 1.12 1.10 1.13 1.06 1.05 1.10
-0.00 0.00 0.01 0.03 0.05 0.06 0.08 0.08 0.11 0.16 0.13 0.12 -0.00 -0.00 -0.00 -0.00 -0.00 -0.00 -0.00 -0.00 -0.00 -0.00 -0.00 -0.00 -0.00 -0.00 -0.00 -0.00 -0.00 -0.00 0.00 0.03 0.05 0.04 0.15 0.12 0.16 0.18 0.28 0.29 0.27 0.22 0.28 0.26 0.34 0.35 0.39 0.44 0.48 0.39 0.38 0.52 0.83 0.80 0.91 0.85 0.96 0.92 0.81 0.95 1.06 1.06 1.01 0.93 1.01 1.03 0.96 0.98 1.17 1.08 1.00 1.03 1.02 1.07 1.00 1.01 1.04
0.00 0.01 0.02 0.04 0.08 0.07 0.06 0.07 0.12 0.18 0.16 0.15 -0.00 -0.00 -0.00 -0.00 -0.00 -0.00 -0.00 -0.00 -0.00 -0.00 -0.00 -0.00 -0.00 -0.00 -0.00 -0.00 -0.00 -0.00 0.02 0.02 0.05 0.09 0.13 0.13 0.17 0.12 0.32 0.38 0.33 0.28 0.33 0.38 0.36 0.38 0.43 0.47 0.51 0.51 0.47 0.58 0.88 0.82 0.89 0.89 0.93 0.94 0.84 0.88 1.08 1.06 1.00 0.97 0.99 0.98 1.02 0.93 1.15 1.10 1.02 0.96 0.97 1.09 0.98 1.00 1.01
0.02 0.01 0.03 0.05 0.11 0.13 0.15 0.13 0.15 0.24 0.18 0.17 -0.00 -0.00 -0.00 -0.00 -0.00 -0.00 -0.00 -0.00 -0.00 -0.00 -0.00 -0.00 -0.00 -0.00 -0.00 -0.00 -0.00 0.00 0.02 -0.00 0.06 0.05 0.16 0.11 0.19 0.26 0.38 0.39 0.39 0.34 0.33 0.43 0.43 0.44 0.47 0.52 0.53 0.53 0.43 0.54 0.87 0.84 0.84 0.85 0.86 0.93 0.87 0.88 1.04 1.08 0.95 0.95 0.98 1.00 1.01 0.99 1.06 1.06 1.07 1.00 0.96 1.03 1.00 1.02 1.03
0.01 -0.01 0.03 0.06 0.16 0.15 0.11 0.15 0.12 0.25 0.20 0.20 -0.00 -0.00 -0.00 -0.00 -0.00 -0.00 -0.00 -0.00 -0.00 -0.00 -0.00 -0.00 -0.00 -0.00 -0.00 0.00 -0.00 0.01 0.02 0.06 0.06 0.09 0.13 0.14 0.11 0.21 0.39 0.43 0.43 0.43 0.43 0.52 0.52 0.49 0.54 0.59 0.58 0.57 0.52 0.55 0.86 0.86 0.83 0.87 0.90 0.82 0.88 0.90 1.00 1.07 0.99 0.90 0.97 0.97 0.98 0.92 1.05 0.98 1.01 1.04 0.91 0.98 0.98 1.00 1.00
-0.01 0.01 0.06 0.09 0.21 0.19 0.16 0.19 0.23 0.31 0.21 0.21 -0.00 -0.00 -0.00 -0.00 -0.00 -0.00 -0.00 -0.00 -0.00 -0.00 -0.00 -0.00 -0.00 -0.00 -0.00 0.01 0.02 0.03 0.05 0.08 0.07 0.13 0.06 0.17 0.22 0.29 0.38 0.47 0.45 0.47 0.47 0.50 0.55 0.52 0.51 0.60 0.67 0.56 0.53 0.53 0.85 0.88 0.79 0.87 0.90 0.85 0.79 0.94 1.02 1.02 0.97 0.90 0.96 0.91 0.95 0.91 0.99 0.97 0.93 0.98 0.91 0.91 0.95 0.90 1.00
0.02 0.02 0.11 0.15 0.30 0.26 0.21 0.22 0.28 0.32 0.26 0.22 -0.00 -0.00 -0.00 -0.00 -0.00 -0.00 -0.00 -0.00 -0.00 -0.00 -0.00 -0.00 -0.00 -0.00 0.01 0.03 0.06 0.04 0.10 0.07 0.09 0.08 0.12 0.24 0.34 0.34 0.40 0.49 0.46 0.42 0.48 0.50 0.60 0.61 0.53 0.59 0.67 0.65 0.55 0.59 0.82 0.90 0.89 0.85 0.89 0.90 0.88 0.87 1.03 0.98 0.98 0.88 0.93 0.91 0.90 0.85 0.94 0.89 0.88 0.92 0.88 0.83 0.89 0.84 0.89
0.03 0.01 0.21 0.17 0.32 0.27 0.30 0.31 0.35 0.36 0.23 0.22 -0.00 -0.00 0.00 -0.00 -0.00 -0.00 0.00 -0.00 -0.00 -0.00 -0.00 -0.00 -0.00 -0.00 0.02 0.03 0.04 0.02 0.08 0.08 0.12 0.14 0.18 0.35 0.49 0.45 0.44 0.45 0.46 0.48 0.49 0.52 0.58 0.61 0.58 0.63 0.62 0.66 0.56 0.61 0.86 0.85 0.84 0.83 0.90 0.90 0.87 0.89 0.95 1.01 0.95 0.90 0.93 0.92 0.86 0.83 0.84 0.89 0.85 0.91 0.88 0.88 0.79 0.83 0.83
0.03 0.04 0.12 0.15 0.36 0.30 0.35 0.34 0.34 0.43 0.26 0.23 -0.00 -0.00 0.00 -0.00 -0.00 0.00 0.01 -0.00 -0.00 -0.00 -0.00 -0.00 -0.00 -0.00 0.02 0.02 0.04 0.08 0.09 0.12 0.11 0.18 0.25 0.33 0.49 0.49 0.51 0.53 0.49 0.47 0.51 0.57 0.65 0.65 0.56 0.66 0.69 0.65 0.63 0.61 0.91 0.86 0.87 0.84 0.89 0.86 0.93 0.88 1.01 0.96 0.94 0.89 0.93 0.98 0.88 0.82 0.77 0.87 0.84 0.86 0.80 0.81 0.80 0.77 0.81
0.04 0.07 0.15 0.20 0.35 0.31 0.34 0.40 0.35 0.40 0.26 0.22 -0.00 0.00 -0.00 -0.00 -0.00 0.00 0.00 -0.01 -0.00 0.00 -0.00 -0.00 -0.00 -0.00 0.01 0.03 0.07 0.09 0.15 0.16 0.15 0.15 0.24 0.35 0.43 0.51 0.53 0.56 0.59 0.56 0.53 0.57 0.65 0.74 0.67 0.65 0.69 0.64 0.65 0.60 0.81 0.89 0.91 0.85 0.91 0.84 0.89 0.87 0.97 0.93 0.95 0.85 0.86 0.97 0.85 0.76 0.75 0.77 0.84 0.84 0.84 0.76 0.75 0.79 0.71
0.06 0.04 0.15 0.15 0.36 0.37 0.37 0.37 0.36 0.36 0.24 0.22 -0.00 -0.00 0.00 -0.00 -0.00 0.00 0.01 -0.00 -0.00 -0.00 -0.00 -0.00 -0.00 0.00 0.02 0.07 0.19 0.17 0.22 0.23 0.17 0.22 0.26 0.36 0.43 0.50 0.53 0.54 0.64 0.61 0.53 0.61 0.66 0.68 0.72 0.66 0.75 0.69 0.65 0.65 0.91 0.87 0.90 0.95 0.92 0.83 0.86 0.86 0.95 0.93 0.91 0.87 0.88 0.97 0.88 0.79 0.74 0.68 0.78 0.84 0.83 0.84 0.80 0.74 0.75
0.12 0.07 0.18 0.21 0.31 0.35 0.37 0.38 0.35 0.37 0.25 0.21 -0.00 0.00 0.00 -0.00 -0.00 0.00 0.00 -0.01 -0.00 -0.00 -0.00 -0.00 -0.00 0.01 0.05 0.07 0.24 0.27 0.23 0.23 0.22 0.19 0.27 0.32 0.49 0.54 0.56 0.52 0.63 0.66 0.55 0.56 0.68 0.68 0.69 0.66 0.74 0.75 0.70 0.69 0.95 0.91 0.86 0.93 0.87 0.84 0.87 0.89 0.92 0.88 0.86 0.83 0.90 0.95 0.87 0.82 0.74 0.72 0.71 0.78 0.76 0.78 0.73 0.71 0.71
0.13 0.11 0.21 0.21 0.32 0.35 0.34 0.31 0.33 0.38 0.25 0.22 -0.00 0.00 -0.00 -0.00 -0.00 0.00 0.01 0.00 0.00 -0.00 -0.00 -0.00 0.00 0.01 0.10 0.10 0.25 0.24 0.26 0.18 0.27 0.28 0.31 0.39 0.52 0.55 0.57 0.58 0.54 0.65 0.62 0.58 0.63 0.67 0.69 0.71 0.75 0.73 0.73 0.65 0.90 0.94 0.90 0.89 0.86 0.80 0.85 0.85 0.97 0.88 0.84 0.87 0.86 0.85 0.86 0.72 0.74 0.74 0.72 0.70 0.70 0.71 0.71 0.66 0.63
0.16 0.15 0.24 0.20 0.34 0.33 0.39 0.40 0.37 0.43 0.27 0.22 0.00 -0.00 -0.00 -0.00 -0.00 0.01 0.01 0.01 0.00 0.00 -0.01 0.00 0.00 0.03 0.11 0.17 0.32 0.27 0.24 0.26 0.22 0.30 0.35 0.37 0.60 0.60 0.60 0.64 0.61 0.63 0.57 0.65 0.72 0.64 0.70 0.75 0.78 0.78 0.70 0.71 0.90 0.94 0.88 0.92 0.95 0.83 0.86 0.89 0.98 0.88 0.82 0.84 0.88 0.83 0.87 0.68 0.75 0.69 0.71 0.65 0.66 0.70 0.65 0.66 0.62
0.22 0.22 0.26 0.26 0.38 0.36 0.39 0.41 0.38 0.41 0.23 0.21 -0.00 0.00 -0.00 -0.00 0.00 0.01 0.03 0.02 0.03 -0.01 -0.00 0.02 0.05 0.05 0.12 0.21 0.29 0.25 0.19 0.26 0.28 0.31 0.46 0.45 0.61 0.68 0.61 0.62 0.67 0.64 0.58 0.64 0.74 0.64 0.70 0.76 0.77 0.78 0.84 0.69 0.88 0.92 0.84 0.82 0.95 0.82 0.83 0.93 0.86 0.89 0.81 0.78 0.85 0.73 0.76 0.69 0.65 0.75 0.68 0.57 0.61 0.61 0.59 0.61 0.63
0.24 0.23 0.26 0.30 0.39 0.38 0.43 0.37 0.38 0.42 0.26 0.21 -0.00 0.01 -0.00 -0.00 0.01 0.02 0.02 0.03 0.01 0.00 0.01 0.03 0.07 0.05 0.14 0.23 0.32 0.33 0.28 0.26 0.36 0.34 0.40 0.57 0.61 0.65 0.64 0.65 0.64 0.64 0.59 0.62 0.70 0.72 0.66 0.72 0.77 0.78 0.82 0.75 0.85 0.87 0.94 0.83 0.87 0.85 0.78 0.95 0.87 0.92 0.85 0.77 0.80 0.71 0.74 0.71 0.63 0.66 0.73 0.67 0.62 0.63 0.66 0.63 0.62
0.25 0.21 0.27 0.34 0.47 0.42 0.43 0.40 0.38 0.40 0.29 0.23 0.01 0.01 -0.01 -0.00 -0.00 0.02 0.02 0.04 0.00 0.00 0.04 0.05 0.08 0.07 0.13 0.27 0.37 0.38 0.35 0.31 0.39 0.52 0.44 0.62 0.70 0.66 0.63 0.66 0.68 0.68 0.64 0.68 0.74 0.77 0.74 0.76 0.84 0.75 0.79 0.77 0.84 0.82 0.97 0.87 0.83 0.85 0.76 0.86 0.89 0.86 0.84 0.78 0.74 0.74 0.67 0.76 0.67 0.63 0.67 0.64 0.61 0.56 0.59 0.63 0.59
0.20 0.17 0.26 0.37 0.44 0.42 0.44 0.39 0.36 0.39 0.28 0.26 0.01 0.01 0.01 0.01 0.02 0.03 0.03 0.04 0.02 0.03 0.08 0.04 0.09 0.05 0.14 0.24 0.42 0.39 0.43 0.46 0.45 0.55 0.55 0.58 0.69 0.67 0.65 0.67 0.66 0.65 0.65 0.67 0.79 0.74 0.73 0.74 0.68 0.81 0.90 0.75 0.84 0.81 0.86 0.87 0.86 0.90 0.87 0.86 0.95 0.85 0.86 0.78 0.75 0.78 0.67 0.75 0.70 0.71 0.70 0.76 0.67 0.69 0.60 0.66 0.62
0.16 0.17 0.27 0.35 0.44 0.41 0.46 0.40 0.35 0.45 0.29 0.25 0.02 0.02 0.02 0.01 0.05 0.03 0.05 0.07 0.06 0.04 0.07 0.06 0.11 0.08 0.25 0.28 0.49 0.52 0.51 0.53 0.58 0.56 0.58 0.65 0.70 0.65 0.67 0.69 0.72 0.66 0.68 0.68 0.80 0.81 0.72 0.78 0.86 0.83 0.87 0.83 0.88 0.84 0.89 0.92 0.88 0.91 0.90 0.83 0.87 0.84 0.83 0.79 0.67 0.78 0.70 0.72 0.69 0.67 0.67 0.71 0.63 0.71 0.60 0.59 0.63
0.16 0.19 0.36 0.42 0.39 0.36 0.39 0.36 0.34 0.44 0.33 0.23 0.03 0.04 0.04 0.04 0.06 0.05 0.08 0.09 0.14 0.09 0.10 0.12 0.11 0.13 0.27 0.33 0.52 0.57 0.59 0.59 0.61 0.63 0.58 0.67 0.70 0.65 0.61 0.67 0.68 0.68 0.61 0.70 0.71 0.79 0.76 0.76 0.95 0.81 0.87 0.87 0.81 0.86 0.87 0.89 0.90 0.84 0.98 0.87 0.82 0.83 0.80 0.85 0.74 0.78 0.73 0.68 0.67 0.68 0.72 0.77 0.71 0.66 0.70 0.61 0.65
0.27 0.26 0.34 0.43 0.34 0.33 0.35 0.36 0.36 0.46 0.39 0.25 0.05 0.06 0.11 0.10 0.04 0.06 0.13 0.09 0.15 0.14 0.09 0.18 0.21 0.23 0.32 0.37 0.61 0.60 0.63 0.57 0.57 0.64 0.59 0.70 0.73 0.70 0.63 0.64 0.64 0.67 0.68 0.68 0.79 0.81 0.84 0.77 0.89 0.83 0.81 0.83 0.87 0.91 0.85 0.89 0.88 0.82 0.94 0.91 0.80 0.76 0.71 0.78 0.75 0.70 0.72 0.75 0.73 0.66 0.64 0.68 0.68 0.64 0.63 0.54 0.52
0.17 0.32 0.33 0.40 0.32 0.30 0.41 0.38 0.31 0.44 0.39 0.28 0.10 0.13 0.09 0.06 0.07 0.09 0.18 0.18 0.17 0.15 0.12 0.18 0.25 0.27 0.33 0.39 0.58 0.59 0.61 0.58 0.57 0.60 0.60 0.68 0.77 0.72 0.67 0.61 0.63 0.65 0.68 0.67 0.77 0.77 0.80 0.72 0.75 0.82 0.82 0.87 0.90 0.88 0.89 0.86 0.91 0.87 0.82 0.85 0.80 0.77 0.79 0.70 0.80 0.76 0.67 0.67 0.66 0.65 0.69 0.67 0.69 0.66 0.60 0.57 0.53
0.24 0.26 0.27 0.35 0.37 0.24 0.41 0.41 0.31 0.35 0.37 0.29 0.12 0.17 0.12 0.12 0.06 0.11 0.15 0.19 0.18 0.13 0.18 0.24 0.27 0.27 0.37 0.43 0.64 0.62 0.57 0.59 0.66 0.57 0.57 0.69 0.82 0.73 0.69 0.63 0.67 0.71 0.65 0.70 0.80 0.74 0.78 0.75 0.77 0.80 0.75 0.83 0.95 0.88 0.95 0.89 0.86 0.86 0.82 0.79 0.74 0.79 0.78 0.74 0.72 0.71 0.69 0.67 0.67 0.67 0.62 0.64 0.62 0.60 0.55 0.49 0.45
