QPF/QPF_202208082200-140.txt
ncols 525
nrows 625
xllcorner -31082
yllcorner 11395
cellsize 1000.0
NODATA_value -9999.0
[rows 190 to 227 of 625, columns 420 to 503 of 525]
0.52 0.72 0.66 0.64 0.66 0.72 0.75 0.74 0.75 0.70 0.70 0.67 0.60 0.66 0.66 0.66 0.63 0.69 0.74 0.78 0.77 0.71 0.70 0.67 0.73 0.74 0.75 0.79 0.77 0.50 0.50 0.54 0.53 0.55 0.48 0.47 0.50 0.46 0.51 0.52 0.45 0.39 0.36 0.34 0.27 0.17 0.16 0.11 0.09 0.00 0.00 0.00 0.00 0.01 0.01 0.01 0.01 0.00 0.00 0.01 0.02 0.00 0.01 0.01 0.01 0.02 0.02 0.03 0.03 0.03 0.02 0.01 0.01 0.00 0.00 0.00 0.00 0.00 0.00 0.00 0.00 0.00 0.00 0.00
0.55 0.75 0.70 0.69 0.65 0.67 0.66 0.65 0.66 0.65 0.65 0.59 0.62 0.66 0.67 0.66 0.63 0.69 0.68 0.69 0.64 0.67 0.66 0.70 0.69 0.73 0.74 0.80 0.80 0.59 0.62 0.61 0.55 0.68 0.69 0.73 0.70 0.62 0.67 0.60 0.55 0.43 0.39 0.35 0.25 0.20 0.16 0.09 0.10 0.01 0.00 0.00 0.01 0.00 0.00 0.01 0.00 0.00 0.00 0.00 0.00 0.00 0.00 0.00 0.00 0.00 0.00 0.00 0.00 0.00 0.00 0.00 0.00 0.00 0.00 0.00 0.00 0.00 0.00 0.00 0.00 0.00 0.00 0.00
0.53 0.72 0.71 0.71 0.70 0.69 0.65 0.61 0.61 0.61 0.62 0.58 0.63 0.74 0.76 0.71 0.68 0.70 0.68 0.67 0.68 0.66 0.69 0.65 0.71 0.74 0.74 0.82 0.82 0.62 0.61 0.62 0.56 0.66 0.67 0.67 0.66 0.63 0.65 0.56 0.57 0.45 0.46 0.32 0.26 0.17 0.15 0.09 0.09 0.01 0.00 0.00 0.00 0.00 0.00 0.01 0.01 0.00 0.00 0.00 0.00 0.00 0.00 0.00 0.00 0.00 0.00 0.00 0.00 0.00 0.00 0.00 0.00 0.00 0.00 0.00 0.00 0.00 0.00 0.00 0.00 0.00 0.00 0.00
0.56 0.73 0.76 0.68 0.67 0.63 0.61 0.64 0.62 0.67 0.61 0.62 0.64 0.68 0.69 0.65 0.63 0.68 0.66 0.64 0.72 0.66 0.58 0.63 0.70 0.74 0.76 0.86 0.85 0.63 0.56 0.55 0.61 0.72 0.70 0.62 0.68 0.62 0.62 0.56 0.60 0.44 0.41 0.34 0.29 0.20 0.20 0.14 0.11 0.00 0.00 0.00 0.01 0.01 0.01 0.00 0.01 0.00 0.00 0.00 0.00 0.00 0.00 0.00 0.00 0.00 0.00 0.00 0.00 0.00 0.00 0.00 0.00 0.00 0.00 0.00 0.00 0.00 0.00 0.00 0.00 0.00 0.00 0.00
0.51 0.74 0.75 0.69 0.65 0.62 0.63 0.64 0.68 0.69 0.68 0.64 0.65 0.68 0.64 0.60 0.57 0.61 0.65 0.66 0.66 0.62 0.57 0.64 0.70 0.75 0.80 0.83 0.84 0.63 0.60 0.59 0.60 0.73 0.73 0.69 0.69 0.59 0.60 0.60 0.59 0.36 0.41 0.34 0.31 0.24 0.22 0.15 0.13 0.00 0.00 0.00 0.01 0.03 0.03 0.00 0.01 0.00 0.00 0.00 0.00 0.00 0.00 0.00 0.00 0.00 0.00 0.00 0.00 0.00 0.00 0.00 0.00 0.00 0.00 0.00 0.00 0.00 0.00 0.00 0.00 0.00 0.00 0.00
0.57 0.82 0.81 0.78 0.78 0.77 0.76 0.79 0.77 0.70 0.71 0.68 0.71 0.81 0.77 0.70 0.74 0.73 0.72 0.76 0.74 0.56 0.61 0.69 0.76 0.79 0.79 0.84 0.82 0.63 0.64 0.65 0.65 0.64 0.65 0.61 0.55 0.52 0.58 0.64 0.57 0.37 0.40 0.38 0.37 0.23 0.21 0.20 0.20 0.04 0.04 0.03 0.03 0.08 0.06 0.01 0.01 0.00 0.00 0.00 0.00 0.00 0.00 0.00 0.00 0.00 0.00 0.00 0.00 0.00 0.00 0.00 0.00 0.00 0.00 0.00 0.00 0.00 0.00 0.00 0.00 0.00 0.00 0.00
0.57 0.80 0.73 0.73 0.73 0.77 0.75 0.76 0.77 0.67 0.65 0.63 0.67 0.81 0.78 0.76 0.72 0.69 0.67 0.69 0.75 0.58 0.60 0.70 0.72 0.78 0.79 0.83 0.81 0.59 0.64 0.65 0.64 0.63 0.58 0.51 0.46 0.48 0.57 0.58 0.50 0.35 0.31 0.39 0.38 0.24 0.23 0.17 0.20 0.06 0.07 0.06 0.06 0.10 0.09 0.05 0.03 0.00 0.00 0.00 0.01 0.00 0.00 0.00 0.00 0.00 0.00 0.00 0.00 0.00 0.00 0.00 0.00 0.00 0.00 0.00 0.00 0.00 0.00 0.00 0.00 0.00 0.00 0.00
0.55 0.78 0.75 0.76 0.74 0.75 0.80 0.80 0.74 0.67 0.66 0.65 0.71 0.85 0.84 0.80 0.82 0.69 0.69 0.79 0.81 0.75 0.67 0.64 0.64 0.80 0.80 0.82 0.80 0.59 0.61 0.64 0.63 0.57 0.55 0.48 0.47 0.55 0.56 0.54 0.44 0.34 0.29 0.37 0.38 0.19 0.21 0.14 0.14 0.07 0.07 0.09 0.09 0.11 0.10 0.07 0.08 0.03 0.03 0.00 0.01 0.00 0.00 0.00 0.00 0.00 0.00 0.00 0.00 0.00 0.00 0.00 0.00 0.00 0.00 0.00 0.00 0.00 0.00 0.00 0.00 0.00 0.00 0.00
0.58 0.77 0.81 0.76 0.73 0.72 0.71 0.76 0.75 0.69 0.65 0.67 0.77 0.92 0.90 0.85 0.85 0.78 0.73 0.77 0.78 0.75 0.74 0.69 0.73 0.85 0.86 0.90 0.84 0.60 0.62 0.60 0.58 0.59 0.58 0.53 0.56 0.66 0.64 0.55 0.52 0.32 0.36 0.37 0.39 0.16 0.20 0.18 0.19 0.10 0.09 0.09 0.11 0.12 0.10 0.10 0.12 0.06 0.04 0.02 0.01 0.01 0.01 0.00 0.00 0.00 0.00 0.00 0.00 0.00 0.00 0.00 0.00 0.00 0.00 0.00 0.00 0.00 0.00 0.00 0.00 0.00 0.00 0.00
0.71 0.95 0.99 0.94 0.92 0.89 0.89 0.92 0.91 0.86 0.81 0.79 0.84 0.91 0.88 0.82 0.83 0.75 0.77 0.82 0.79 0.78 0.86 0.81 0.77 0.90 0.93 0.91 0.88 0.68 0.62 0.60 0.60 0.63 0.67 0.62 0.68 0.64 0.71 0.59 0.58 0.41 0.37 0.42 0.39 0.24 0.28 0.30 0.27 0.16 0.16 0.16 0.17 0.18 0.15 0.14 0.17 0.11 0.07 0.05 0.02 0.01 0.02 0.00 0.00 0.00 0.00 0.00 0.00 0.00 0.00 0.00 0.00 0.00 0.00 0.00 0.00 0.00 0.00 0.00 0.00 0.00 0.00 0.00
0.77 0.97 1.00 0.91 0.88 0.87 0.88 0.90 0.86 0.83 0.84 0.83 0.84 0.80 0.76 0.82 0.83 0.85 0.78 0.86 0.91 0.83 0.83 0.85 0.90 0.91 0.96 0.97 0.92 0.75 0.65 0.63 0.60 0.65 0.66 0.60 0.67 0.65 0.67 0.64 0.59 0.41 0.36 0.38 0.34 0.24 0.24 0.30 0.22 0.14 0.15 0.15 0.17 0.17 0.17 0.16 0.17 0.11 0.06 0.03 0.02 0.00 0.01 0.00 0.00 0.00 0.00 0.00 0.00 0.00 0.00 0.00 0.00 0.00 0.00 0.00 0.00 0.00 0.00 0.00 0.00 0.00 0.00 0.00
0.64 0.84 0.85 0.85 0.92 0.88 0.88 0.93 0.87 0.83 0.83 0.82 0.83 0.81 0.83 0.83 0.87 0.86 0.87 0.94 0.87 0.80 0.82 0.81 0.90 0.90 0.90 0.90 0.89 0.74 0.60 0.63 0.61 0.62 0.61 0.57 0.65 0.60 0.65 0.64 0.59 0.40 0.35 0.41 0.42 0.32 0.33 0.29 0.24 0.16 0.15 0.15 0.17 0.17 0.16 0.15 0.15 0.08 0.05 0.04 0.02 0.00 0.01 0.00 0.00 0.00 0.00 0.00 0.00 0.00 0.00 0.00 0.00 0.00 0.00 0.00 0.00 0.00 0.00 0.00 0.00 0.00 0.00 0.00
0.56 0.79 0.79 0.86 0.90 0.92 0.90 0.94 0.94 0.83 0.84 0.80 0.79 0.84 0.86 0.82 0.87 0.94 0.91 0.97 0.91 0.87 0.84 0.81 0.88 0.88 0.86 0.90 0.88 0.70 0.64 0.66 0.64 0.66 0.67 0.64 0.63 0.64 0.64 0.64 0.60 0.41 0.40 0.42 0.43 0.33 0.35 0.35 0.30 0.17 0.18 0.16 0.18 0.18 0.16 0.14 0.14 0.07 0.06 0.04 0.03 0.00 0.01 0.00 0.00 0.00 0.00 0.00 0.00 0.00 0.00 0.00 0.00 0.00 0.00 0.00 0.00 0.00 0.00 0.00 0.00 0.00 0.00 0.00
0.47 0.69 0.64 0.66 0.71 0.66 0.64 0.70 0.70 0.66 0.65 0.63 0.63 0.71 0.72 0.66 0.73 0.70 0.78 0.85 0.90 0.87 0.87 0.79 0.85 0.84 0.90 0.92 0.88 0.68 0.72 0.70 0.69 0.72 0.70 0.70 0.63 0.63 0.60 0.63 0.59 0.45 0.42 0.38 0.38 0.32 0.32 0.33 0.34 0.23 0.23 0.26 0.20 0.20 0.19 0.14 0.14 0.05 0.05 0.05 0.04 0.00 0.00 0.00 0.00 0.00 0.00 0.00 0.00 0.00 0.00 0.00 0.00 0.00 0.00 0.00 0.00 0.00 0.00 0.00 0.00 0.00 0.00 0.00
0.49 0.63 0.60 0.57 0.69 0.65 0.66 0.72 0.68 0.67 0.68 0.62 0.58 0.64 0.63 0.56 0.67 0.72 0.74 0.80 0.84 0.88 0.85 0.85 0.94 0.87 0.95 0.95 0.89 0.67 0.69 0.68 0.69 0.72 0.75 0.72 0.63 0.69 0.63 0.64 0.65 0.50 0.45 0.45 0.47 0.37 0.35 0.39 0.39 0.28 0.27 0.29 0.23 0.21 0.16 0.13 0.13 0.05 0.06 0.06 0.06 0.01 0.00 0.00 0.00 0.00 0.00 0.00 0.00 0.00 0.00 0.00 0.00 0.00 0.00 0.00 0.00 0.00 0.00 0.00 0.00 0.00 0.00 0.00
0.47 0.63 0.62 0.56 0.60 0.59 0.63 0.75 0.71 0.71 0.65 0.62 0.56 0.61 0.62 0.62 0.60 0.70 0.71 0.81 0.85 0.92 0.94 0.93 0.95 0.94 0.94 0.87 0.88 0.65 0.61 0.63 0.66 0.65 0.68 0.76 0.74 0.75 0.70 0.69 0.65 0.53 0.49 0.56 0.58 0.46 0.42 0.46 0.43 0.33 0.29 0.31 0.29 0.20 0.19 0.13 0.12 0.06 0.03 0.03 0.04 0.00 0.00 0.00 0.01 0.00 0.00 0.00 0.00 0.00 0.00 0.00 0.00 0.00 0.00 0.00 0.00 0.00 0.00 0.00 0.00 0.00 0.00 0.00
0.39 0.54 0.58 0.58 0.57 0.51 0.59 0.71 0.67 0.69 0.64 0.60 0.57 0.57 0.59 0.52 0.55 0.66 0.71 0.81 0.90 0.89 0.85 0.87 0.86 0.91 0.94 0.87 0.93 0.72 0.65 0.58 0.63 0.57 0.61 0.65 0.73 0.76 0.77 0.72 0.72 0.56 0.60 0.62 0.60 0.52 0.52 0.47 0.46 0.32 0.30 0.39 0.32 0.20 0.16 0.19 0.17 0.06 0.04 0.03 0.03 0.00 0.01 0.00 0.01 0.00 0.00 0.00 0.00 0.00 0.00 0.00 0.00 0.00 0.00 0.00 0.00 0.00 0.00 0.00 0.00 0.00 0.00 0.00
0.32 0.46 0.46 0.42 0.43 0.39 0.50 0.58 0.63 0.59 0.57 0.56 0.50 0.54 0.53 0.45 0.46 0.60 0.64 0.73 0.78 0.72 0.69 0.70 0.72 0.84 0.85 0.93 0.91 0.74 0.77 0.71 0.75 0.65 0.65 0.68 0.76 0.80 0.82 0.82 0.77 0.67 0.65 0.66 0.68 0.54 0.48 0.42 0.49 0.35 0.33 0.39 0.40 0.28 0.28 0.26 0.16 0.04 0.01 0.01 0.01 0.00 0.00 0.00 0.00 0.00 0.00 0.00 0.00 0.00 0.00 0.00 0.00 0.00 0.00 0.00 0.00 0.00 0.00 0.00 0.00 0.00 0.00 0.00
0.35 0.47 0.45 0.41 0.42 0.40 0.46 0.54 0.59 0.59 0.58 0.51 0.50 0.56 0.52 0.48 0.47 0.57 0.62 0.71 0.74 0.67 0.61 0.66 0.68 0.78 0.83 0.84 0.85 0.67 0.67 0.73 0.71 0.69 0.67 0.64 0.76 0.75 0.81 0.82 0.80 0.73 0.74 0.67 0.69 0.54 0.45 0.44 0.50 0.38 0.31 0.34 0.32 0.17 0.21 0.16 0.15 0.02 0.00 0.00 0.00 0.00 0.00 0.00 0.00 0.00 0.00 0.00 0.00 0.00 0.00 0.00 0.00 0.00 0.00 0.00 0.00 0.00 0.00 0.00 0.00 0.00 0.00 0.00
0.42 0.54 0.50 0.51 0.51 0.41 0.43 0.52 0.59 0.51 0.56 0.53 0.54 0.60 0.59 0.54 0.58 0.65 0.65 0.67 0.70 0.64 0.61 0.72 0.73 0.83 0.86 0.84 0.76 0.75 0.70 0.73 0.69 0.60 0.61 0.63 0.72 0.65 0.76 0.75 0.71 0.68 0.62 0.57 0.61 0.49 0.48 0.45 0.50 0.35 0.33 0.35 0.33 0.22 0.26 0.17 0.16 0.02 0.01 0.00 0.00 0.00 0.00 0.00 0.00 0.00 0.00 0.00 0.00 0.00 0.00 0.00 0.00 0.00 0.00 0.00 0.00 0.00 0.00 0.00 0.00 0.00 0.00 0.00
0.52 0.61 0.51 0.49 0.53 0.37 0.36 0.46 0.50 0.43 0.44 0.43 0.51 0.57 0.60 0.58 0.57 0.55 0.56 0.58 0.57 0.55 0.59 0.66 0.65 0.73 0.78 0.80 0.78 0.72 0.69 0.70 0.69 0.70 0.66 0.69 0.72 0.70 0.74 0.65 0.64 0.62 0.56 0.51 0.55 0.43 0.43 0.44 0.51 0.38 0.36 0.39 0.39 0.23 0.25 0.22 0.18 0.01 0.01 0.00 0.00 0.00 0.00 0.00 0.00 0.00 0.00 0.00 0.00 0.00 0.00 0.00 0.00 0.00 0.00 0.00 0.00 0.00 0.00 0.00 0.00 0.00 0.00 0.00
0.49 0.46 0.30 0.27 0.30 0.21 0.23 0.24 0.23 0.14 0.18 0.15 0.15 0.24 0.25 0.29 0.30 0.29 0.31 0.37 0.37 0.37 0.41 0.40 0.40 0.49 0.54 0.58 0.62 0.59 0.58 0.63 0.59 0.62 0.58 0.58 0.56 0.62 0.62 0.58 0.67 0.66 0.60 0.57 0.54 0.51 0.50 0.50 0.52 0.37 0.40 0.34 0.36 0.21 0.23 0.24 0.19 0.00 0.01 0.00 0.00 0.00 0.00 0.00 0.00 0.00 0.00 0.00 0.00 0.00 0.00 0.00 0.00 0.00 0.00 0.00 0.00 0.00 0.00 0.00 0.00 0.00 0.00 0.00
0.51 0.52 0.37 0.28 0.30 0.20 0.21 0.17 0.17 0.11 0.12 0.13 0.14 0.18 0.20 0.18 0.17 0.18 0.19 0.31 0.27 0.29 0.31 0.25 0.28 0.40 0.43 0.45 0.45 0.49 0.43 0.45 0.42 0.42 0.42 0.41 0.33 0.38 0.48 0.48 0.51 0.51 0.48 0.47 0.46 0.46 0.48 0.48 0.49 0.34 0.28 0.26 0.27 0.16 0.21 0.12 0.10 0.00 0.00 0.00 0.00 0.00 0.00 0.00 0.00 0.00 0.00 0.00 0.00 0.00 0.00 0.00 0.00 0.00 0.00 0.00 0.00 0.00 0.00 0.00 0.00 0.00 0.00 0.00
0.48 0.47 0.41 0.33 0.33 0.26 0.27 0.23 0.24 0.14 0.12 0.13 0.13 0.18 0.18 0.16 0.16 0.17 0.16 0.26 0.24 0.24 0.24 0.16 0.19 0.29 0.23 0.22 0.06 0.07 0.06 0.08 0.06 0.04 0.09 0.14 0.16 0.19 0.19 0.21 0.22 0.32 0.39 0.43 0.46 0.44 0.47 0.34 0.32 0.26 0.24 0.20 0.22 0.15 0.14 0.04 0.02 0.00 0.00 0.00 0.00 0.00 0.00 0.00 0.00 0.00 0.00 0.00 0.00 0.00 0.00 0.00 0.00 0.00 0.00 0.00 0.00 0.00 0.00 0.00 0.00 0.00 0.00 0.00
0.55 0.51 0.43 0.37 0.32 0.23 0.24 0.26 0.25 0.13 0.11 0.10 0.12 0.17 0.16 0.12 0.10 0.11 0.12 0.15 0.14 0.11 0.12 0.11 0.07 0.10 0.04 0.04 0.00 0.00 0.00 0.00 0.00 0.00 0.00 0.00 0.00 0.00 0.00 0.00 0.01 0.02 0.04 0.07 0.09 0.07 0.06 0.06 0.08 0.11 0.10 0.09 0.10 0.05 0.02 0.00 0.00 0.00 0.00 0.00 0.00 0.00 0.00 0.00 0.00 0.00 0.00 0.00 0.00 0.00 0.00 0.00 0.00 0.00 0.00 0.00 0.00 0.00 0.00 0.00 0.00 0.00 0.00 0.00
0.60 0.64 0.54 0.44 0.41 0.28 0.25 0.32 0.30 0.14 0.14 0.11 0.12 0.14 0.16 0.09 0.10 0.10 0.10 0.11 0.10 0.07 0.06 0.04 0.01 0.00 0.00 0.00 0.00 0.00 0.00 0.00 0.00 0.00 0.00 0.00 0.00 0.00 0.00 0.00 0.00 0.00 0.00 0.00 0.00 0.00 0.00 0.00 0.00 0.02 0.02 0.02 0.01 0.00 0.00 0.00 0.00 0.00 0.00 0.00 0.00 0.00 0.00 0.00 0.00 0.00 0.00 0.00 0.00 0.00 0.00 0.00 0.00 0.00 0.00 0.00 0.00 0.00 0.00 0.00 0.00 0.00 0.00 0.00
0.59 0.67 0.58 0.51 0.45 0.33 0.28 0.29 0.25 0.13 0.13 0.09 0.11 0.14 0.14 0.11 0.13 0.13 0.13 0.15 0.13 0.10 0.09 0.05 0.01 0.00 0.00 0.00 0.00 0.00 0.00 0.00 0.00 0.00 0.00 0.00 0.00 0.00 0.00 0.00 0.00 0.00 0.00 0.00 0.00 0.00 0.00 0.00 0.00 0.00 0.00 0.01 0.00 0.00 0.00 0.00 0.00 0.00 0.00 0.00 0.00 0.00 0.00 0.00 0.00 0.00 0.00 0.00 0.00 0.00 0.00 0.00 0.00 0.00 0.00 0.00 0.00 0.00 0.00 0.00 0.00 0.00 0.00 0.00
0.42 0.62 0.62 0.55 0.46 0.30 0.28 0.32 0.24 0.12 0.11 0.07 0.09 0.12 0.11 0.10 0.13 0.16 0.16 0.18 0.17 0.11 0.09 0.01 0.00 0.00 0.00 0.00 0.00 0.00 0.00 0.00 0.00 0.00 0.00 0.00 0.00 0.00 0.00 0.00 0.00 0.00 0.00 0.00 0.00 0.00 0.00 0.00 0.00 0.00 0.00 0.00 0.00 0.00 0.00 0.00 0.00 0.00 0.00 0.00 0.00 0.00 0.00 0.00 0.00 0.00 0.00 0.00 0.00 0.00 0.00 0.00 0.00 0.00 0.00 0.00 0.00 0.00 0.00 0.00 0.00 0.00 0.00 0.00
0.46 0.64 0.64 0.59 0.50 0.31 0.30 0.30 0.25 0.12 0.10 0.07 0.10 0.12 0.10 0.08 0.09 0.11 0.12 0.14 0.14 0.06 0.05 0.03 0.02 0.00 0.00 0.00 0.00 0.00 0.00 0.00 0.00 0.00 0.00 0.00 0.00 0.00 0.00 0.00 0.00 0.00 0.00 0.00 0.00 0.00 0.00 0.00 0.00 0.00 0.00 0.00 0.00 0.00 0.00 0.00 0.00 0.00 0.00 0.00 0.00 0.00 0.00 0.00 0.00 0.00 0.00 0.00 0.00 0.00 0.00 0.00 0.00 0.00 0.00 0.00 0.00 0.00 0.00 0.00 0.00 0.00 0.00 0.00
0.55 0.71 0.65 0.65 0.51 0.28 0.31 0.29 0.25 0.14 0.12 0.08 0.11 0.12 0.10 0.08 0.07 0.07 0.07 0.05 0.03 0.00 0.01 0.00 0.00 0.00 0.00 0.00 0.00 0.00 0.00 0.00 0.00 0.00 0.00 0.00 0.00 0.00 0.00 0.00 0.00 0.00 0.00 0.00 0.00 0.00 0.00 0.00 0.00 0.00 0.00 0.00 0.00 0.00 0.00 0.00 0.00 0.00 0.00 0.00 0.00 0.00 0.00 0.00 0.00 0.00 0.00 0.00 0.00 0.00 0.00 0.00 0.00 0.00 0.00 0.00 0.00 0.00 0.00 0.00 0.00 0.00 0.00 0.00
0.71 0.73 0.67 0.69 0.52 0.30 0.27 0.27 0.25 0.14 0.13 0.07 0.09 0.12 0.11 0.10 0.09 0.06 0.06 0.02 0.02 0.00 0.00 0.00 0.00 0.00 0.00 0.00 0.00 0.00 0.00 0.00 0.00 0.00 0.00 0.00 0.00 0.00 0.00 0.00 0.00 0.00 0.00 0.00 0.00 0.00 0.00 0.00 0.00 0.00 0.00 0.00 0.00 0.00 0.00 0.00 0.00 0.00 0.00 0.00 0.00 0.00 0.00 0.00 0.00 0.00 0.00 0.00 0.00 0.00 0.00 0.00 0.00 0.00 0.00 0.00 0.00 0.00 0.00 0.00 0.00 0.00 0.00 0.00
0.71 0.65 0.61 0.63 0.58 0.36 0.27 0.22 0.19 0.11 0.09 0.07 0.11 0.13 0.10 0.08 0.07 0.03 0.01 0.01 0.01 0.00 0.01 0.00 0.00 0.00 0.00 0.00 0.00 0.00 0.00 0.00 0.00 0.00 0.00 0.00 0.00 0.00 0.00 0.00 0.00 0.00 0.00 0.00 0.00 0.00 0.00 0.00 0.00 0.00 0.00 0.00 0.00 0.00 0.00 0.00 0.00 0.00 0.00 0.00 0.00 0.00 0.00 0.00 0.00 0.00 0.00 0.00 0.00 0.00 0.00 0.00 0.00 0.00 0.00 0.00 0.00 0.00 0.00 0.00 0.00 0.00 0.00 0.00
0.63 0.53 0.57 0.63 0.58 0.42 0.32 0.21 0.17 0.09 0.07 0.07 0.09 0.09 0.06 0.02 0.04 0.02 0.02 0.02 0.01 0.01 0.00 0.00 0.00 0.00 0.00 0.00 0.00 0.00 0.00 0.00 0.00 0.00 0.00 0.00 0.00 0.00 0.00 0.00 0.00 0.00 0.00 0.00 0.00 0.00 0.00 0.00 0.00 0.00 0.00 0.00 0.00 0.00 0.00 0.00 0.00 0.00 0.00 0.00 0.00 0.00 0.00 0.00 0.00 0.00 0.00 0.00 0.00 0.00 0.00 0.00 0.00 0.00 0.00 0.00 0.00 0.00 0.00 0.00 0.00 0.00 0.00 0.00
0.57 0.51 0.51 0.54 0.53 0.39 0.30 0.25 0.20 0.09 0.06 0.07 0.10 0.11 0.10 0.00 0.01 0.00 0.00 0.00 0.00 0.00 0.00 0.00 0.00 0.00 0.00 0.00 0.00 0.00 0.00 0.00 0.00 0.00 0.00 0.00 0.00 0.00 0.00 0.00 0.00 0.00 0.00 0.00 0.00 0.00 0.00 0.00 0.00 0.00 0.00 0.00 0.00 0.00 0.00 0.00 0.00 0.00 0.00 0.00 0.00 0.00 0.00 0.00 0.00 0.00 0.00 0.00 0.00 0.00 0.00 0.00 0.00 0.00 0.00 0.00 0.00 0.00 0.00 0.00 0.00 0.00 0.00 0.00
0.57 0.51 0.47 0.46 0.46 0.32 0.30 0.24 0.19 0.13 0.08 0.07 0.06 0.05 0.05 0.00 0.01 0.00 0.00 0.00 0.00 0.00 0.00 0.00 0.00 0.00 0.00 0.00 0.00 0.00 0.00 0.00 0.00 0.00 0.00 0.00 0.00 0.00 0.00 0.00 0.00 0.00 0.00 0.00 0.00 0.00 0.00 0.00 0.00 0.00 0.00 0.00 0.00 0.00 0.00 0.00 0.00 0.00 0.00 0.00 0.00 0.00 0.00 0.00 0.00 0.00 0.00 0.00 0.00 0.00 0.00 0.00 0.00 0.00 0.00 0.00 0.00 0.00 0.00 0.00 0.00 0.00 0.00 0.00
0.53 0.46 0.46 0.42 0.39 0.31 0.29 0.19 0.17 0.15 0.09 0.06 0.04 0.01 0.00 0.00 0.01 0.00 0.00 0.00 0.00 0.00 0.00 0.00 0.00 0.00 0.00 0.00 0.00 0.00 0.00 0.00 0.00 0.00 0.00 0.00 0.00 0.00 0.00 0.00 0.00 0.00 0.00 0.00 0.00 0.00 0.00 0.00 0.00 0.00 0.00 0.00 0.00 0.00 0.00 0.00 0.00 0.00 0.00 0.00 0.00 0.00 0.00 0.00 0.00 0.00 0.00 0.00 0.00 0.00 0.00 0.00 0.00 0.00 0.00 0.00 0.00 0.00 0.00 0.00 0.00 0.00 0.00 0.00
0.60 0.52 0.47 0.36 0.33 0.24 0.30 0.23 0.20 0.08 0.05 0.03 0.01 0.00 0.00 0.00 0.00 0.00 0.00 0.00 0.00 0.00 0.00 0.00 0.00 0.00 0.00 0.00 0.00 0.00 0.00 0.00 0.00 0.00 0.00 0.00 0.00 0.00 0.00 0.00 0.00 0.00 0.00 0.00 0.00 0.00 0.00 0.00 0.00 0.00 0.00 0.00 0.00 0.00 0.00 0.00 0.00 0.00 0.00 0.00 0.00 0.00 0.00 0.00 0.00 0.00 0.00 0.00 0.00 0.00 0.00 0.00 0.00 0.00 0.00 0.00 0.00 0.00 0.00 0.00 0.00 0.00 0.00 0.00
0.45 0.41 0.22 0.26 0.22 0.13 0.20 0.16 0.17 0.08 0.01 0.00 0.00 0.00 0.00 0.00 0.00 0.00 0.00 0.00 0.00 0.00 0.00 0.00 0.00 0.00 0.00 0.00 0.00 0.00 0.00 0.00 0.00 0.00 0.00 0.00 0.00 0.00 0.00 0.00 0.00 0.00 0.00 0.00 0.00 0.00 0.00 0.00 0.00 0.00 0.00 0.00 0.00 0.00 0.00 0.00 0.00 0.00 0.00 0.00 0.00 0.00 0.00 0.00 0.00 0.00 0.00 0.00 0.00 0.00 0.00 0.00 0.00 0.00 0.00 0.00 0.00 0.00 0.00 0.00 0.00 0.00 0.00 0.00
