QPF/QPF_202208082200-140.txt
ncols 525
nrows 625
xllcorner -31082
yllcorner 11395
cellsize 1000.0
NODATA_value -9999.0
[rows 152 to 189 of 625, columns 420 to 503 of 525]
0.01 0.01 0.01 0.02 0.00 0.01 0.01 0.09 0.08 0.12 0.15 0.17 0.16 0.17 0.14 0.28 0.35 0.54 0.50 0.42 0.51 0.48 0.50 0.53 0.55 0.54 0.53 0.45 0.41 0.47 0.49 0.43 0.48 0.56 0.61 0.57 0.56 0.59 0.62 0.55 0.53 0.52 0.51 0.50 0.50 0.33 0.30 0.33 0.34 0.42 0.44 0.38 0.32 0.28 0.33 0.39 0.45 0.66 0.67 0.71 0.69 0.79 0.82 0.83 0.83 1.16 1.09 1.05 1.10 1.34 1.22 1.25 1.14 1.03 1.01 0.85 0.75 0.57 0.63 0.62 0.65 0.00 0.00 0.00
0.01 0.01 0.01 0.01 0.00 0.01 0.01 0.08 0.08 0.12 0.16 0.16 0.14 0.14 0.13 0.26 0.32 0.52 0.52 0.46 0.49 0.48 0.50 0.56 0.57 0.50 0.45 0.39 0.36 0.45 0.42 0.39 0.42 0.58 0.63 0.57 0.55 0.60 0.59 0.54 0.55 0.50 0.53 0.50 0.48 0.30 0.29 0.26 0.25 0.44 0.50 0.43 0.35 0.35 0.38 0.37 0.40 0.59 0.64 0.71 0.71 0.80 0.78 0.78 0.85 1.21 1.10 1.03 1.05 1.25 1.17 1.19 1.10 0.99 0.97 0.77 0.63 0.60 0.64 0.68 0.73 0.00 0.00 0.00
0.01 0.01 0.01 0.03 0.01 0.01 0.01 0.06 0.05 0.09 0.12 0.16 0.14 0.12 0.10 0.23 0.32 0.47 0.46 0.48 0.49 0.46 0.48 0.53 0.58 0.52 0.45 0.38 0.32 0.42 0.36 0.37 0.38 0.51 0.59 0.52 0.51 0.55 0.54 0.49 0.55 0.50 0.51 0.50 0.45 0.23 0.22 0.21 0.26 0.44 0.51 0.43 0.35 0.35 0.38 0.40 0.40 0.61 0.63 0.70 0.72 0.86 0.82 0.79 0.89 1.25 1.13 1.06 1.02 1.24 1.21 1.18 1.10 0.93 0.89 0.75 0.60 0.69 0.69 0.75 0.80 0.00 0.00 0.00
0.08 0.05 0.05 0.08 0.03 0.04 0.04 0.09 0.07 0.09 0.11 0.17 0.16 0.13 0.11 0.26 0.37 0.57 0.57 0.56 0.62 0.59 0.49 0.59 0.54 0.59 0.55 0.53 0.45 0.46 0.41 0.35 0.32 0.41 0.45 0.46 0.42 0.54 0.57 0.58 0.54 0.37 0.37 0.36 0.25 0.16 0.13 0.10 0.12 0.25 0.31 0.25 0.21 0.22 0.22 0.27 0.30 0.58 0.63 0.64 0.67 0.75 0.70 0.67 0.75 0.96 0.88 0.76 0.74 0.82 0.75 0.74 0.63 0.38 0.38 0.22 0.15 0.35 0.42 0.49 0.51 0.00 0.00 0.00
0.11 0.04 0.04 0.04 0.04 0.07 0.07 0.11 0.08 0.10 0.15 0.19 0.17 0.14 0.12 0.25 0.34 0.59 0.59 0.57 0.64 0.62 0.55 0.58 0.58 0.57 0.57 0.53 0.47 0.51 0.44 0.40 0.31 0.34 0.37 0.45 0.40 0.61 0.62 0.53 0.48 0.29 0.32 0.34 0.22 0.12 0.10 0.06 0.08 0.22 0.30 0.24 0.20 0.18 0.16 0.24 0.25 0.53 0.57 0.59 0.61 0.71 0.67 0.61 0.70 0.95 0.88 0.79 0.75 0.83 0.75 0.70 0.62 0.28 0.27 0.18 0.14 0.32 0.35 0.49 0.44 0.00 0.00 0.00
0.15 0.07 0.07 0.07 0.03 0.07 0.10 0.12 0.10 0.09 0.11 0.23 0.16 0.15 0.13 0.28 0.40 0.62 0.62 0.61 0.62 0.59 0.60 0.65 0.59 0.52 0.52 0.53 0.50 0.49 0.43 0.38 0.29 0.28 0.33 0.45 0.39 0.60 0.63 0.51 0.48 0.33 0.36 0.27 0.17 0.14 0.12 0.07 0.09 0.20 0.24 0.24 0.20 0.17 0.19 0.30 0.30 0.62 0.62 0.62 0.63 0.69 0.66 0.59 0.65 0.86 0.81 0.72 0.65 0.58 0.55 0.49 0.45 0.25 0.25 0.30 0.28 0.35 0.32 0.38 0.34 0.00 0.00 0.00
0.19 0.10 0.09 0.08 0.05 0.07 0.12 0.15 0.10 0.13 0.15 0.21 0.23 0.15 0.19 0.25 0.40 0.66 0.60 0.60 0.61 0.60 0.57 0.61 0.62 0.56 0.54 0.51 0.53 0.47 0.43 0.39 0.25 0.26 0.30 0.32 0.33 0.59 0.60 0.49 0.51 0.31 0.35 0.26 0.21 0.16 0.14 0.11 0.11 0.25 0.26 0.21 0.19 0.19 0.19 0.28 0.29 0.59 0.57 0.60 0.60 0.65 0.63 0.55 0.58 0.87 0.81 0.77 0.71 0.59 0.52 0.51 0.54 0.28 0.31 0.30 0.28 0.34 0.32 0.34 0.29 0.00 0.00 0.00
0.24 0.16 0.13 0.14 0.14 0.14 0.19 0.21 0.19 0.31 0.32 0.31 0.34 0.36 0.42 0.45 0.48 0.80 0.84 0.78 0.82 0.82 0.73 0.77 0.79 0.69 0.62 0.59 0.62 0.52 0.52 0.53 0.37 0.32 0.37 0.31 0.33 0.60 0.60 0.51 0.51 0.37 0.42 0.29 0.31 0.24 0.22 0.23 0.20 0.28 0.28 0.22 0.20 0.28 0.23 0.29 0.30 0.60 0.59 0.61 0.63 0.67 0.63 0.59 0.69 0.94 0.92 0.82 0.78 0.67 0.66 0.67 0.76 0.28 0.29 0.28 0.23 0.19 0.17 0.26 0.19 0.00 0.00 0.00
0.24 0.17 0.16 0.17 0.15 0.18 0.22 0.18 0.18 0.33 0.38 0.30 0.32 0.34 0.39 0.45 0.50 0.74 0.85 0.82 0.83 0.85 0.81 0.84 0.82 0.70 0.61 0.65 0.63 0.54 0.53 0.51 0.43 0.38 0.37 0.31 0.32 0.52 0.52 0.46 0.50 0.37 0.43 0.32 0.37 0.25 0.27 0.25 0.23 0.26 0.28 0.31 0.28 0.29 0.24 0.31 0.32 0.56 0.59 0.62 0.65 0.65 0.62 0.56 0.66 0.92 0.90 0.81 0.75 0.61 0.67 0.67 0.74 0.26 0.27 0.29 0.25 0.22 0.20 0.29 0.15 0.00 0.00 0.00
0.17 0.20 0.16 0.18 0.20 0.19 0.22 0.22 0.19 0.38 0.43 0.36 0.35 0.37 0.34 0.38 0.40 0.76 0.77 0.71 0.82 0.82 0.79 0.82 0.80 0.64 0.62 0.68 0.67 0.51 0.51 0.53 0.42 0.39 0.39 0.31 0.35 0.53 0.49 0.43 0.43 0.38 0.38 0.34 0.37 0.31 0.33 0.26 0.24 0.29 0.35 0.34 0.34 0.36 0.29 0.30 0.31 0.55 0.55 0.61 0.66 0.64 0.64 0.52 0.60 0.85 0.87 0.73 0.72 0.59 0.67 0.77 0.90 0.32 0.35 0.35 0.28 0.21 0.22 0.23 0.05 0.00 0.00 0.00
0.16 0.15 0.15 0.17 0.18 0.18 0.19 0.22 0.17 0.30 0.43 0.37 0.34 0.40 0.36 0.45 0.45 0.78 0.83 0.78 0.83 0.84 0.81 0.79 0.84 0.63 0.63 0.64 0.60 0.50 0.42 0.48 0.41 0.36 0.36 0.33 0.30 0.51 0.56 0.46 0.51 0.43 0.39 0.37 0.42 0.35 0.33 0.33 0.24 0.32 0.32 0.35 0.31 0.38 0.35 0.32 0.37 0.58 0.58 0.66 0.71 0.67 0.63 0.56 0.64 0.94 0.94 0.78 0.69 0.48 0.59 0.75 0.82 0.27 0.31 0.30 0.29 0.25 0.22 0.16 0.01 0.00 0.00 0.00
0.19 0.19 0.22 0.25 0.26 0.22 0.20 0.25 0.24 0.36 0.45 0.36 0.43 0.48 0.45 0.48 0.41 0.80 0.79 0.77 0.76 0.79 0.77 0.77 0.85 0.70 0.71 0.63 0.61 0.47 0.39 0.34 0.37 0.38 0.34 0.35 0.28 0.50 0.44 0.43 0.45 0.38 0.34 0.33 0.32 0.26 0.26 0.23 0.22 0.23 0.25 0.26 0.26 0.34 0.29 0.29 0.29 0.41 0.41 0.46 0.50 0.44 0.41 0.38 0.45 0.73 0.73 0.68 0.62 0.39 0.44 0.59 0.59 0.03 0.05 0.09 0.04 0.01 0.01 0.00 0.01 0.00 0.00 0.00
0.24 0.24 0.21 0.27 0.26 0.22 0.25 0.25 0.24 0.35 0.42 0.39 0.43 0.39 0.46 0.48 0.46 0.81 0.78 0.81 0.83 0.81 0.81 0.82 0.85 0.79 0.75 0.69 0.67 0.52 0.40 0.42 0.43 0.41 0.40 0.42 0.35 0.54 0.46 0.44 0.43 0.33 0.31 0.31 0.28 0.25 0.26 0.22 0.24 0.20 0.18 0.20 0.18 0.28 0.19 0.32 0.30 0.41 0.38 0.44 0.46 0.39 0.40 0.31 0.42 0.69 0.67 0.68 0.62 0.30 0.30 0.45 0.52 0.07 0.08 0.07 0.04 0.03 0.01 0.01 0.01 0.00 0.00 0.00
0.18 0.25 0.26 0.23 0.23 0.26 0.23 0.21 0.18 0.37 0.36 0.33 0.40 0.40 0.49 0.48 0.49 0.81 0.80 0.72 0.79 0.76 0.73 0.72 0.74 0.74 0.69 0.63 0.65 0.44 0.43 0.45 0.43 0.42 0.45 0.47 0.44 0.54 0.50 0.43 0.38 0.33 0.32 0.30 0.27 0.25 0.25 0.21 0.24 0.17 0.14 0.15 0.16 0.21 0.19 0.30 0.27 0.37 0.37 0.40 0.45 0.40 0.44 0.42 0.47 0.80 0.78 0.76 0.83 0.40 0.38 0.40 0.45 0.07 0.07 0.05 0.02 0.01 0.01 0.00 0.01 0.00 0.00 0.00
0.16 0.23 0.18 0.17 0.21 0.22 0.22 0.19 0.18 0.30 0.35 0.31 0.36 0.44 0.49 0.47 0.51 0.80 0.77 0.76 0.77 0.82 0.79 0.75 0.76 0.72 0.72 0.72 0.68 0.42 0.45 0.51 0.49 0.55 0.54 0.54 0.51 0.56 0.50 0.45 0.43 0.40 0.36 0.35 0.29 0.24 0.24 0.23 0.22 0.13 0.13 0.13 0.13 0.20 0.20 0.30 0.32 0.36 0.37 0.34 0.39 0.36 0.41 0.49 0.57 0.84 0.88 0.73 0.68 0.29 0.36 0.30 0.31 0.04 0.04 0.04 0.04 0.04 0.02 0.01 0.01 0.00 0.00 0.00
0.15 0.19 0.21 0.19 0.17 0.14 0.17 0.16 0.18 0.25 0.25 0.30 0.35 0.44 0.50 0.44 0.53 0.83 0.81 0.89 0.98 0.89 0.92 0.83 0.83 0.74 0.68 0.72 0.73 0.42 0.41 0.46 0.38 0.45 0.40 0.37 0.39 0.49 0.49 0.44 0.43 0.40 0.38 0.42 0.37 0.30 0.21 0.26 0.26 0.13 0.10 0.10 0.13 0.19 0.19 0.29 0.33 0.33 0.30 0.27 0.32 0.30 0.33 0.31 0.35 0.55 0.47 0.35 0.30 0.15 0.12 0.06 0.07 0.00 0.00 0.00 0.00 0.00 0.00 0.00 0.00 0.00 0.00 0.00
0.22 0.25 0.25 0.19 0.17 0.13 0.16 0.16 0.17 0.23 0.28 0.33 0.31 0.45 0.52 0.55 0.54 0.79 0.87 0.86 0.98 0.90 0.86 0.82 0.81 0.71 0.68 0.75 0.74 0.45 0.43 0.41 0.33 0.39 0.41 0.35 0.30 0.44 0.46 0.44 0.44 0.37 0.33 0.33 0.34 0.26 0.22 0.26 0.23 0.10 0.10 0.09 0.11 0.15 0.17 0.24 0.25 0.27 0.28 0.26 0.26 0.23 0.27 0.26 0.24 0.49 0.42 0.36 0.29 0.15 0.13 0.07 0.07 0.00 0.00 0.00 0.00 0.00 0.00 0.00 0.00 0.00 0.00 0.00
0.18 0.21 0.21 0.15 0.15 0.12 0.14 0.15 0.16 0.23 0.26 0.28 0.26 0.45 0.50 0.52 0.54 0.78 0.83 0.90 0.89 0.80 0.85 0.80 0.79 0.76 0.72 0.77 0.74 0.39 0.37 0.41 0.37 0.38 0.40 0.36 0.33 0.43 0.40 0.39 0.38 0.35 0.30 0.25 0.31 0.22 0.21 0.16 0.15 0.05 0.06 0.08 0.10 0.11 0.13 0.19 0.24 0.24 0.29 0.24 0.30 0.25 0.20 0.22 0.28 0.48 0.51 0.37 0.26 0.18 0.14 0.09 0.10 0.00 0.00 0.00 0.00 0.00 0.00 0.00 0.00 0.00 0.00 0.00
0.14 0.18 0.23 0.16 0.16 0.11 0.13 0.16 0.18 0.26 0.28 0.25 0.25 0.49 0.49 0.50 0.52 0.78 0.78 0.87 0.92 0.77 0.82 0.79 0.84 0.77 0.72 0.76 0.67 0.35 0.41 0.42 0.40 0.37 0.39 0.35 0.33 0.43 0.39 0.39 0.37 0.30 0.25 0.22 0.28 0.18 0.18 0.14 0.15 0.04 0.06 0.06 0.06 0.06 0.09 0.15 0.19 0.18 0.20 0.20 0.25 0.19 0.17 0.22 0.28 0.43 0.41 0.33 0.24 0.19 0.14 0.10 0.10 0.00 0.01 0.00 0.01 0.00 0.00 0.00 0.00 0.00 0.00 0.00
0.14 0.21 0.24 0.17 0.19 0.13 0.13 0.18 0.18 0.25 0.30 0.26 0.22 0.54 0.56 0.57 0.61 0.82 0.85 0.90 0.90 0.76 0.82 0.80 0.91 0.78 0.71 0.75 0.70 0.45 0.48 0.50 0.45 0.42 0.41 0.41 0.37 0.42 0.38 0.41 0.40 0.35 0.33 0.30 0.31 0.31 0.26 0.23 0.18 0.07 0.07 0.06 0.04 0.03 0.04 0.11 0.12 0.13 0.15 0.12 0.14 0.12 0.11 0.15 0.16 0.27 0.24 0.25 0.18 0.20 0.14 0.09 0.10 0.01 0.01 0.00 0.01 0.00 0.00 0.00 0.00 0.00 0.00 0.00
0.21 0.19 0.27 0.19 0.18 0.16 0.15 0.18 0.19 0.26 0.27 0.25 0.23 0.53 0.56 0.54 0.60 0.82 0.92 0.91 0.86 0.76 0.73 0.74 0.81 0.73 0.71 0.75 0.71 0.41 0.47 0.51 0.43 0.37 0.34 0.36 0.37 0.40 0.37 0.40 0.41 0.35 0.38 0.32 0.32 0.31 0.27 0.28 0.19 0.10 0.08 0.08 0.06 0.07 0.08 0.13 0.15 0.16 0.15 0.15 0.14 0.11 0.11 0.12 0.16 0.25 0.24 0.16 0.18 0.17 0.15 0.12 0.11 0.05 0.03 0.03 0.00 0.00 0.00 0.00 0.00 0.00 0.00 0.00
0.16 0.16 0.21 0.15 0.16 0.17 0.17 0.17 0.17 0.24 0.26 0.25 0.24 0.54 0.52 0.50 0.59 0.79 0.84 0.80 0.82 0.71 0.72 0.72 0.78 0.73 0.72 0.77 0.77 0.46 0.48 0.54 0.47 0.39 0.38 0.37 0.35 0.38 0.37 0.40 0.39 0.30 0.32 0.28 0.29 0.28 0.25 0.27 0.23 0.08 0.07 0.05 0.05 0.07 0.09 0.13 0.16 0.19 0.15 0.13 0.13 0.10 0.10 0.13 0.17 0.17 0.15 0.16 0.15 0.16 0.13 0.12 0.11 0.05 0.02 0.01 0.00 0.00 0.00 0.00 0.00 0.00 0.00 0.00
0.13 0.14 0.18 0.19 0.18 0.17 0.15 0.14 0.17 0.25 0.26 0.24 0.28 0.56 0.55 0.54 0.63 0.79 0.84 0.81 0.84 0.74 0.74 0.76 0.73 0.71 0.67 0.75 0.72 0.45 0.43 0.54 0.48 0.36 0.35 0.35 0.34 0.37 0.37 0.38 0.35 0.22 0.22 0.25 0.25 0.23 0.21 0.19 0.16 0.04 0.04 0.04 0.03 0.03 0.05 0.07 0.09 0.11 0.09 0.09 0.08 0.06 0.06 0.11 0.16 0.18 0.17 0.15 0.14 0.18 0.16 0.10 0.11 0.03 0.02 0.02 0.02 0.01 0.01 0.01 0.00 0.00 0.00 0.00
0.16 0.20 0.21 0.22 0.21 0.22 0.18 0.23 0.23 0.30 0.30 0.31 0.31 0.63 0.57 0.60 0.68 0.81 0.87 0.88 0.85 0.73 0.73 0.77 0.77 0.71 0.69 0.73 0.71 0.40 0.37 0.50 0.41 0.32 0.29 0.27 0.28 0.35 0.34 0.36 0.30 0.12 0.12 0.14 0.11 0.10 0.06 0.04 0.04 0.00 0.00 0.00 0.00 0.00 0.00 0.00 0.00 0.00 0.00 0.00 0.00 0.00 0.01 0.01 0.01 0.07 0.07 0.07 0.07 0.08 0.08 0.04 0.02 0.00 0.00 0.00 0.00 0.00 0.00 0.00 0.00 0.00 0.00 0.00
0.16 0.22 0.19 0.25 0.27 0.25 0.23 0.23 0.24 0.33 0.34 0.36 0.37 0.59 0.56 0.58 0.64 0.83 0.85 0.87 0.82 0.69 0.70 0.72 0.73 0.69 0.74 0.73 0.78 0.40 0.33 0.44 0.39 0.31 0.29 0.30 0.28 0.37 0.34 0.35 0.32 0.14 0.11 0.12 0.10 0.10 0.07 0.06 0.05 0.00 0.00 0.00 0.00 0.00 0.00 0.00 0.00 0.00 0.00 0.00 0.00 0.00 0.01 0.01 0.01 0.06 0.06 0.07 0.07 0.07 0.07 0.06 0.02 0.00 0.00 0.00 0.00 0.00 0.00 0.00 0.00 0.00 0.00 0.00
0.16 0.16 0.17 0.24 0.26 0.27 0.22 0.22 0.24 0.35 0.36 0.36 0.41 0.56 0.55 0.59 0.60 0.80 0.78 0.81 0.74 0.65 0.61 0.66 0.75 0.69 0.71 0.73 0.72 0.38 0.34 0.41 0.36 0.28 0.24 0.28 0.30 0.36 0.32 0.38 0.30 0.11 0.12 0.10 0.11 0.14 0.10 0.08 0.07 0.00 0.00 0.00 0.00 0.00 0.00 0.00 0.00 0.00 0.00 0.00 0.00 0.00 0.01 0.01 0.01 0.08 0.09 0.09 0.08 0.07 0.06 0.05 0.01 0.00 0.01 0.00 0.00 0.00 0.00 0.00 0.00 0.00 0.00 0.00
0.10 0.18 0.19 0.23 0.23 0.25 0.24 0.27 0.28 0.38 0.36 0.36 0.36 0.55 0.54 0.54 0.62 0.80 0.79 0.79 0.80 0.68 0.67 0.69 0.73 0.73 0.72 0.78 0.75 0.40 0.38 0.45 0.36 0.28 0.27 0.29 0.32 0.38 0.30 0.31 0.26 0.13 0.11 0.11 0.11 0.15 0.13 0.09 0.06 0.00 0.00 0.00 0.00 0.01 0.00 0.00 0.00 0.01 0.01 0.01 0.01 0.00 0.01 0.01 0.01 0.07 0.08 0.09 0.09 0.07 0.06 0.03 0.03 0.00 0.01 0.00 0.00 0.00 0.00 0.00 0.00 0.00 0.00 0.00
0.21 0.24 0.30 0.35 0.37 0.38 0.45 0.42 0.43 0.47 0.47 0.43 0.42 0.70 0.73 0.76 0.78 0.90 0.94 0.92 0.93 0.79 0.80 0.77 0.82 0.89 0.88 1.01 0.93 0.49 0.50 0.51 0.48 0.44 0.46 0.46 0.40 0.39 0.38 0.35 0.32 0.17 0.16 0.16 0.15 0.21 0.19 0.16 0.12 0.00 0.00 0.00 0.00 0.00 0.00 0.00 0.01 0.01 0.01 0.04 0.02 0.00 0.01 0.01 0.04 0.07 0.08 0.09 0.10 0.11 0.11 0.08 0.06 0.00 0.01 0.00 0.00 0.00 0.00 0.00 0.00 0.00 0.00 0.00
0.28 0.39 0.36 0.43 0.48 0.48 0.52 0.46 0.45 0.51 0.49 0.44 0.44 0.68 0.73 0.74 0.75 0.90 0.90 0.87 0.97 0.80 0.81 0.81 0.84 0.89 0.93 0.98 0.90 0.49 0.51 0.50 0.44 0.46 0.46 0.42 0.42 0.38 0.33 0.37 0.34 0.19 0.20 0.22 0.20 0.20 0.19 0.17 0.11 0.00 0.00 0.00 0.00 0.00 0.00 0.01 0.01 0.03 0.04 0.05 0.06 0.03 0.01 0.01 0.05 0.09 0.08 0.09 0.10 0.11 0.10 0.07 0.06 0.00 0.01 0.00 0.00 0.00 0.00 0.00 0.00 0.00 0.00 0.00
0.32 0.40 0.39 0.43 0.47 0.45 0.47 0.45 0.46 0.48 0.50 0.42 0.44 0.62 0.67 0.72 0.71 0.87 0.90 0.81 0.82 0.76 0.78 0.74 0.79 0.87 0.86 0.89 0.82 0.46 0.46 0.49 0.45 0.50 0.49 0.44 0.41 0.43 0.42 0.31 0.28 0.16 0.16 0.14 0.16 0.20 0.17 0.17 0.15 0.00 0.00 0.00 0.00 0.00 0.00 0.01 0.00 0.01 0.02 0.03 0.05 0.03 0.01 0.02 0.03 0.07 0.06 0.07 0.06 0.08 0.08 0.06 0.06 0.00 0.01 0.00 0.00 0.00 0.00 0.00 0.00 0.00 0.00 0.00
0.35 0.43 0.41 0.44 0.46 0.47 0.40 0.41 0.45 0.48 0.46 0.48 0.44 0.61 0.64 0.67 0.72 0.79 0.86 0.87 0.83 0.78 0.76 0.76 0.77 0.88 0.85 0.89 0.84 0.47 0.46 0.49 0.48 0.47 0.46 0.43 0.40 0.37 0.37 0.30 0.24 0.17 0.18 0.17 0.16 0.17 0.17 0.11 0.10 0.00 0.00 0.01 0.01 0.01 0.02 0.02 0.02 0.02 0.03 0.02 0.03 0.02 0.01 0.02 0.01 0.06 0.06 0.07 0.05 0.09 0.09 0.06 0.05 0.00 0.00 0.00 0.00 0.00 0.00 0.00 0.00 0.00 0.00 0.00
0.37 0.51 0.52 0.51 0.53 0.59 0.54 0.53 0.57 0.59 0.59 0.59 0.52 0.66 0.64 0.69 0.68 0.72 0.86 0.85 0.90 0.80 0.73 0.68 0.72 0.83 0.84 0.85 0.83 0.52 0.53 0.54 0.48 0.44 0.42 0.42 0.37 0.37 0.31 0.31 0.28 0.20 0.19 0.19 0.15 0.15 0.15 0.10 0.13 0.00 0.00 0.00 0.00 0.00 0.00 0.00 0.00 0.00 0.00 0.00 0.00 0.00 0.01 0.00 0.01 0.02 0.01 0.03 0.03 0.06 0.06 0.05 0.03 0.00 0.00 0.00 0.00 0.00 0.00 0.00 0.00 0.00 0.00 0.00
0.30 0.48 0.53 0.57 0.56 0.59 0.58 0.61 0.58 0.54 0.58 0.58 0.58 0.69 0.63 0.63 0.70 0.77 0.82 0.83 0.84 0.78 0.69 0.63 0.65 0.75 0.76 0.81 0.80 0.53 0.55 0.60 0.50 0.43 0.42 0.41 0.39 0.37 0.33 0.30 0.29 0.19 0.20 0.17 0.16 0.16 0.12 0.08 0.09 0.00 0.00 0.00 0.00 0.00 0.00 0.00 0.00 0.00 0.00 0.00 0.00 0.00 0.00 0.00 0.01 0.02 0.00 0.01 0.01 0.04 0.04 0.03 0.01 0.00 0.00 0.00 0.00 0.00 0.00 0.00 0.00 0.00 0.00 0.00
0.34 0.48 0.57 0.60 0.62 0.61 0.56 0.60 0.67 0.58 0.52 0.49 0.54 0.62 0.61 0.60 0.63 0.77 0.77 0.81 0.84 0.75 0.72 0.72 0.80 0.72 0.72 0.77 0.77 0.53 0.48 0.55 0.44 0.44 0.41 0.38 0.36 0.36 0.39 0.37 0.28 0.20 0.20 0.16 0.16 0.16 0.13 0.02 0.06 0.00 0.00 0.00 0.00 0.00 0.00 0.00 0.00 0.00 0.00 0.00 0.00 0.00 0.01 0.00 0.01 0.01 0.00 0.01 0.00 0.01 0.03 0.03 0.01 0.00 0.00 0.00 0.00 0.00 0.00 0.00 0.00 0.00 0.00 0.00
0.45 0.58 0.56 0.57 0.60 0.64 0.57 0.61 0.68 0.59 0.57 0.57 0.56 0.62 0.61 0.65 0.66 0.76 0.80 0.77 0.77 0.73 0.76 0.71 0.81 0.79 0.76 0.81 0.79 0.50 0.49 0.51 0.47 0.45 0.44 0.37 0.35 0.34 0.37 0.37 0.33 0.26 0.29 0.24 0.27 0.15 0.11 0.04 0.06 0.00 0.00 0.00 0.00 0.00 0.00 0.00 0.00 0.00 0.00 0.01 0.01 0.01 0.01 0.00 0.01 0.02 0.01 0.01 0.01 0.02 0.02 0.01 0.01 0.00 0.00 0.00 0.00 0.00 0.00 0.00 0.00 0.00 0.00 0.00
0.48 0.65 0.66 0.62 0.67 0.73 0.69 0.67 0.74 0.61 0.69 0.66 0.70 0.66 0.72 0.81 0.87 0.87 0.83 0.82 0.77 0.81 0.73 0.72 0.77 0.80 0.85 0.85 0.84 0.52 0.54 0.52 0.58 0.54 0.48 0.46 0.43 0.48 0.49 0.50 0.46 0.38 0.42 0.36 0.37 0.20 0.19 0.10 0.09 0.00 0.00 0.00 0.00 0.00 0.00 0.00 0.00 0.00 0.00 0.01 0.01 0.00 0.01 0.00 0.01 0.02 0.02 0.01 0.01 0.02 0.01 0.01 0.01 0.00 0.00 0.00 0.00 0.00 0.00 0.00 0.00 0.00 0.00 0.00
0.48 0.61 0.62 0.61 0.67 0.72 0.72 0.68 0.67 0.58 0.59 0.64 0.67 0.71 0.80 0.81 0.87 0.85 0.86 0.86 0.87 0.77 0.69 0.63 0.77 0.83 0.80 0.86 0.84 0.54 0.53 0.49 0.56 0.51 0.48 0.45 0.50 0.48 0.47 0.45 0.45 0.39 0.37 0.37 0.35 0.21 0.19 0.11 0.10 0.00 0.00 0.00 0.00 0.00 0.00 0.00 0.00 0.00 0.01 0.01 0.01 0.01 0.01 0.01 0.01 0.05 0.04 0.03 0.03 0.03 0.03 0.00 0.01 0.00 0.00 0.00 0.00 0.00 0.00 0.00 0.00 0.00 0.00 0.00
0.52 0.66 0.61 0.63 0.67 0.72 0.73 0.73 0.70 0.64 0.66 0.69 0.66 0.64 0.67 0.70 0.74 0.74 0.80 0.83 0.85 0.77 0.68 0.68 0.75 0.81 0.81 0.82 0.80 0.55 0.53 0.53 0.57 0.51 0.48 0.44 0.41 0.37 0.44 0.43 0.43 0.41 0.39 0.34 0.32 0.21 0.17 0.18 0.11 0.00 0.00 0.00 0.00 0.00 0.00 0.00 0.00 0.01 0.00 0.01 0.01 0.01 0.00 0.01 0.01 0.02 0.03 0.01 0.01 0.01 0.01 0.00 0.00 0.00 0.00 0.00 0.00 0.00 0.00 0.00 0.00 0.00 0.00 0.00
