QPF/QPF_202208082200-140.txt
ncols 525
nrows 625
xllcorner -31082
yllcorner 11395
cellsize 1000.0
NODATA_value -9999.0
[rows 114 to 151 of 625, columns 420 to 503 of 525]
0.00 0.00 0.00 0.00 0.00 0.00 0.00 0.00 0.00 0.00 0.00 0.00 0.00 0.00 0.00 0.00 0.00 0.00 0.00 0.00 0.00 0.00 0.00 0.00 0.00 0.01 0.01 0.07 0.05 0.07 0.06 0.18 0.17 0.13 0.13 0.11 0.14 0.10 0.05 0.01 0.04 0.05 0.08 0.07 0.11 0.16 0.13 0.27 0.32 0.68 0.69 0.65 0.63 0.63 0.65 0.59 0.55 0.51 0.59 0.53 0.55 0.68 0.59 0.55 0.49 0.45 0.45 0.45 0.40 0.14 0.12 0.00 0.00 0.00 0.00 0.00 0.00 0.00 0.00 0.00 0.00 0.00 0.00 0.00
0.00 0.00 0.00 0.00 0.00 0.00 0.00 0.00 0.00 0.00 0.00 0.00 0.00 0.00 0.00 0.00 0.00 0.00 0.00 0.00 0.00 0.00 0.00 0.00 0.00 0.01 0.01 0.11 0.10 0.17 0.20 0.20 0.20 0.15 0.14 0.13 0.13 0.09 0.07 0.04 0.05 0.04 0.05 0.09 0.11 0.12 0.13 0.27 0.28 0.61 0.65 0.59 0.57 0.55 0.61 0.54 0.54 0.50 0.50 0.45 0.47 0.60 0.54 0.44 0.44 0.37 0.35 0.37 0.32 0.07 0.03 0.00 0.00 0.00 0.00 0.00 0.00 0.00 0.00 0.00 0.00 0.00 0.00 0.00
0.00 0.00 0.00 0.00 0.00 0.00 0.00 0.00 0.00 0.00 0.00 0.00 0.00 0.00 0.00 0.00 0.00 0.00 0.00 0.00 0.00 0.00 0.00 0.00 0.00 0.01 0.01 0.11 0.07 0.18 0.19 0.18 0.18 0.18 0.17 0.16 0.16 0.11 0.08 0.07 0.10 0.09 0.10 0.12 0.12 0.15 0.18 0.27 0.28 0.62 0.65 0.59 0.57 0.56 0.57 0.52 0.51 0.54 0.54 0.42 0.42 0.51 0.52 0.45 0.42 0.41 0.36 0.27 0.20 0.01 0.00 0.00 0.00 0.00 0.00 0.00 0.00 0.00 0.00 0.00 0.00 0.00 0.00 0.00
0.00 0.00 0.00 0.00 0.00 0.00 0.00 0.00 0.00 0.00 0.00 0.00 0.00 0.00 0.00 0.00 0.00 0.00 0.00 0.00 0.00 0.00 0.00 0.00 0.00 0.01 0.01 0.04 0.03 0.12 0.14 0.17 0.14 0.19 0.19 0.20 0.23 0.17 0.12 0.11 0.13 0.13 0.14 0.14 0.16 0.19 0.21 0.26 0.29 0.56 0.62 0.60 0.55 0.51 0.52 0.48 0.54 0.52 0.55 0.43 0.35 0.44 0.46 0.45 0.39 0.38 0.36 0.23 0.08 0.00 0.00 0.00 0.00 0.00 0.00 0.00 0.00 0.00 0.00 0.00 0.00 0.00 0.00 0.00
0.00 0.00 0.00 0.00 0.00 0.00 0.00 0.00 0.00 0.00 0.00 0.00 0.00 0.00 0.00 0.00 0.00 0.00 0.00 0.00 0.00 0.00 0.00 0.00 0.00 0.01 0.01 0.01 0.01 0.11 0.16 0.21 0.19 0.20 0.22 0.20 0.19 0.16 0.13 0.09 0.13 0.14 0.12 0.13 0.15 0.18 0.13 0.29 0.31 0.59 0.57 0.59 0.55 0.52 0.50 0.52 0.58 0.43 0.45 0.41 0.35 0.45 0.45 0.40 0.35 0.36 0.34 0.09 0.01 0.00 0.00 0.00 0.00 0.00 0.00 0.00 0.00 0.00 0.00 0.00 0.00 0.00 0.00 0.00
0.01 0.00 0.00 0.00 0.00 0.00 0.00 0.00 0.00 0.00 0.00 0.00 0.00 0.00 0.00 0.00 0.00 0.00 0.00 0.00 0.00 0.00 0.00 0.00 0.00 0.01 0.01 0.04 0.01 0.10 0.13 0.22 0.21 0.20 0.19 0.20 0.19 0.14 0.12 0.08 0.11 0.11 0.10 0.13 0.14 0.08 0.07 0.16 0.14 0.46 0.50 0.49 0.44 0.39 0.46 0.46 0.47 0.38 0.37 0.31 0.26 0.35 0.37 0.31 0.28 0.26 0.23 0.00 0.00 0.00 0.00 0.00 0.00 0.00 0.00 0.00 0.00 0.00 0.00 0.00 0.00 0.00 0.00 0.00
0.01 0.00 0.00 0.00 0.00 0.00 0.00 0.00 0.00 0.00 0.00 0.00 0.00 0.00 0.00 0.00 0.00 0.00 0.00 0.00 0.00 0.00 0.00 0.00 0.00 0.01 0.00 0.06 0.01 0.08 0.12 0.18 0.16 0.19 0.17 0.20 0.17 0.11 0.10 0.06 0.08 0.11 0.12 0.13 0.14 0.07 0.07 0.19 0.15 0.51 0.47 0.47 0.45 0.41 0.50 0.48 0.46 0.38 0.35 0.26 0.25 0.35 0.36 0.28 0.30 0.23 0.17 0.00 0.00 0.00 0.00 0.00 0.00 0.00 0.00 0.00 0.00 0.00 0.00 0.00 0.00 0.00 0.00 0.00
0.01 0.00 0.00 0.00 0.00 0.00 0.00 0.00 0.00 0.00 0.00 0.00 0.00 0.00 0.00 0.00 0.00 0.00 0.00 0.00 0.00 0.00 0.00 0.00 0.00 0.01 0.01 0.04 0.04 0.11 0.15 0.19 0.17 0.21 0.20 0.18 0.15 0.10 0.09 0.06 0.06 0.09 0.09 0.16 0.15 0.09 0.11 0.18 0.17 0.49 0.45 0.39 0.44 0.38 0.43 0.43 0.46 0.38 0.36 0.29 0.25 0.36 0.36 0.30 0.33 0.22 0.10 0.00 0.00 0.00 0.00 0.00 0.00 0.00 0.00 0.00 0.00 0.00 0.00 0.00 0.00 0.00 0.00 0.00
0.01 0.00 0.00 0.00 0.00 0.00 0.00 0.00 0.00 0.00 0.00 0.00 0.00 0.00 0.00 0.00 0.00 0.00 0.00 0.00 0.00 0.00 0.00 0.00 0.00 0.01 0.01 0.07 0.04 0.11 0.15 0.21 0.21 0.21 0.22 0.20 0.17 0.12 0.10 0.08 0.09 0.11 0.10 0.18 0.17 0.12 0.11 0.17 0.22 0.50 0.46 0.41 0.42 0.39 0.43 0.40 0.45 0.40 0.35 0.27 0.23 0.34 0.33 0.29 0.29 0.16 0.01 0.00 0.00 0.00 0.00 0.00 0.00 0.00 0.00 0.00 0.00 0.00 0.00 0.00 0.00 0.00 0.00 0.00
0.10 0.00 0.00 0.00 0.00 0.00 0.00 0.00 0.00 0.00 0.00 0.00 0.00 0.00 0.00 0.00 0.00 0.00 0.00 0.00 0.00 0.00 0.00 0.00 0.00 0.01 0.01 0.08 0.09 0.39 0.38 0.38 0.36 0.38 0.35 0.33 0.29 0.25 0.24 0.19 0.19 0.25 0.24 0.29 0.27 0.21 0.22 0.25 0.30 0.60 0.57 0.53 0.53 0.43 0.40 0.43 0.43 0.38 0.41 0.31 0.26 0.30 0.26 0.21 0.19 0.08 0.00 0.00 0.00 0.00 0.00 0.00 0.00 0.00 0.00 0.00 0.00 0.00 0.00 0.00 0.00 0.00 0.00 0.00
0.14 0.00 0.00 0.00 0.00 0.00 0.00 0.00 0.00 0.00 0.00 0.00 0.00 0.00 0.00 0.00 0.00 0.00 0.00 0.00 0.00 0.00 0.00 0.00 0.00 0.01 0.01 0.10 0.13 0.36 0.42 0.37 0.37 0.40 0.37 0.37 0.35 0.27 0.24 0.19 0.20 0.25 0.22 0.26 0.25 0.18 0.18 0.28 0.31 0.58 0.54 0.55 0.52 0.43 0.41 0.41 0.43 0.39 0.40 0.34 0.27 0.29 0.24 0.18 0.16 0.05 0.00 0.00 0.00 0.00 0.00 0.00 0.00 0.00 0.00 0.00 0.00 0.00 0.00 0.00 0.00 0.00 0.00 0.00
0.21 0.00 0.00 0.00 0.00 0.00 0.00 0.00 0.00 0.00 0.00 0.00 0.00 0.00 0.00 0.00 0.00 0.00 0.00 0.00 0.00 0.00 0.00 0.00 0.00 0.05 0.06 0.14 0.16 0.45 0.40 0.38 0.33 0.41 0.36 0.33 0.29 0.21 0.17 0.16 0.16 0.23 0.22 0.22 0.20 0.20 0.19 0.23 0.29 0.57 0.54 0.54 0.53 0.43 0.43 0.41 0.42 0.36 0.38 0.34 0.30 0.27 0.26 0.16 0.11 0.01 0.00 0.00 0.00 0.00 0.00 0.00 0.00 0.00 0.00 0.00 0.00 0.00 0.00 0.00 0.00 0.00 0.00 0.00
0.33 0.00 0.00 0.00 0.00 0.00 0.00 0.00 0.00 0.00 0.00 0.00 0.00 0.00 0.00 0.00 0.00 0.00 0.00 0.00 0.00 0.00 0.00 0.00 0.00 0.03 0.05 0.13 0.14 0.39 0.38 0.42 0.36 0.35 0.31 0.26 0.26 0.20 0.18 0.11 0.15 0.17 0.18 0.17 0.21 0.20 0.16 0.24 0.32 0.53 0.53 0.49 0.51 0.43 0.40 0.38 0.38 0.37 0.37 0.33 0.31 0.21 0.21 0.09 0.02 0.00 0.00 0.00 0.00 0.00 0.00 0.00 0.00 0.00 0.00 0.00 0.00 0.00 0.00 0.00 0.00 0.00 0.00 0.00
0.45 0.00 0.00 0.00 0.00 0.00 0.00 0.00 0.00 0.00 0.00 0.00 0.00 0.00 0.00 0.00 0.00 0.00 0.00 0.00 0.00 0.00 0.00 0.00 0.01 0.04 0.04 0.08 0.10 0.29 0.27 0.28 0.24 0.26 0.19 0.20 0.19 0.15 0.16 0.13 0.14 0.09 0.11 0.13 0.14 0.11 0.12 0.11 0.15 0.34 0.36 0.27 0.29 0.25 0.24 0.24 0.23 0.18 0.19 0.22 0.16 0.13 0.11 0.03 0.00 0.00 0.00 0.00 0.00 0.00 0.00 0.00 0.00 0.00 0.00 0.00 0.00 0.00 0.00 0.00 0.00 0.00 0.00 0.00
0.46 0.00 0.00 0.00 0.00 0.00 0.00 0.00 0.00 0.00 0.00 0.00 0.00 0.00 0.00 0.00 0.00 0.00 0.00 0.00 0.00 0.00 0.00 0.00 0.01 0.05 0.05 0.08 0.08 0.24 0.21 0.26 0.24 0.25 0.23 0.19 0.19 0.17 0.17 0.13 0.15 0.11 0.10 0.12 0.12 0.11 0.12 0.12 0.17 0.30 0.31 0.27 0.26 0.19 0.17 0.17 0.18 0.19 0.16 0.13 0.13 0.12 0.10 0.03 0.00 0.00 0.00 0.00 0.00 0.00 0.00 0.00 0.00 0.00 0.00 0.00 0.00 0.00 0.00 0.00 0.00 0.00 0.00 0.00
0.53 0.00 0.00 0.00 0.00 0.00 0.00 0.00 0.00 0.00 0.00 0.00 0.00 0.00 0.00 0.00 0.00 0.00 0.00 0.00 0.00 0.00 0.00 0.00 0.01 0.07 0.06 0.08 0.10 0.25 0.24 0.28 0.25 0.28 0.21 0.19 0.17 0.15 0.14 0.11 0.14 0.10 0.09 0.12 0.13 0.09 0.09 0.09 0.11 0.31 0.29 0.22 0.21 0.15 0.16 0.14 0.16 0.17 0.15 0.11 0.12 0.12 0.09 0.00 0.00 0.00 0.00 0.00 0.00 0.00 0.00 0.00 0.00 0.00 0.00 0.00 0.00 0.00 0.00 0.00 0.00 0.00 0.00 0.00
0.59 0.00 0.00 0.00 0.00 0.00 0.00 0.00 0.00 0.00 0.00 0.00 0.00 0.00 0.00 0.00 0.00 0.00 0.00 0.00 0.00 0.00 0.00 0.01 0.01 0.10 0.07 0.12 0.15 0.25 0.24 0.29 0.27 0.23 0.21 0.19 0.17 0.15 0.15 0.11 0.13 0.09 0.09 0.09 0.10 0.06 0.06 0.08 0.06 0.24 0.22 0.19 0.17 0.12 0.14 0.14 0.14 0.15 0.14 0.12 0.12 0.11 0.07 0.00 0.00 0.00 0.00 0.00 0.00 0.00 0.00 0.00 0.00 0.00 0.00 0.00 0.00 0.00 0.00 0.00 0.00 0.00 0.00 0.00
0.54 0.00 0.00 0.00 0.00 0.00 0.00 0.00 0.00 0.00 0.00 0.00 0.00 0.00 0.00 0.00 0.00 0.00 0.00 0.00 0.00 0.00 0.00 0.01 0.06 0.18 0.15 0.17 0.21 0.29 0.24 0.30 0.29 0.34 0.31 0.29 0.28 0.22 0.19 0.13 0.16 0.16 0.16 0.14 0.13 0.06 0.06 0.06 0.07 0.24 0.21 0.19 0.17 0.16 0.19 0.21 0.21 0.24 0.24 0.21 0.21 0.21 0.17 0.00 0.00 0.00 0.00 0.00 0.00 0.00 0.00 0.00 0.04 0.13 0.11 0.09 0.08 0.05 0.04 0.01 0.01 0.00 0.00 0.00
0.49 0.00 0.00 0.00 0.00 0.00 0.00 0.00 0.00 0.00 0.00 0.00 0.00 0.00 0.00 0.00 0.00 0.00 0.00 0.00 0.00 0.00 0.00 0.01 0.08 0.20 0.16 0.19 0.24 0.34 0.32 0.34 0.33 0.44 0.41 0.36 0.30 0.24 0.20 0.17 0.18 0.17 0.17 0.13 0.14 0.08 0.07 0.07 0.08 0.23 0.22 0.19 0.19 0.19 0.23 0.24 0.25 0.30 0.29 0.27 0.27 0.24 0.19 0.01 0.00 0.00 0.00 0.00 0.00 0.00 0.00 0.05 0.07 0.13 0.11 0.07 0.06 0.05 0.04 0.02 0.01 0.00 0.00 0.00
0.38 0.00 0.00 0.00 0.00 0.00 0.00 0.00 0.01 0.00 0.00 0.00 0.00 0.00 0.00 0.00 0.00 0.00 0.00 0.00 0.00 0.00 0.01 0.02 0.06 0.22 0.23 0.24 0.21 0.39 0.32 0.27 0.31 0.40 0.41 0.30 0.30 0.27 0.24 0.17 0.18 0.17 0.16 0.14 0.13 0.08 0.08 0.10 0.09 0.24 0.25 0.22 0.24 0.25 0.26 0.22 0.25 0.31 0.31 0.30 0.26 0.24 0.18 0.03 0.00 0.00 0.00 0.00 0.01 0.01 0.03 0.07 0.08 0.23 0.19 0.12 0.10 0.08 0.08 0.06 0.05 0.00 0.00 0.00
0.47 0.00 0.00 0.00 0.00 0.00 0.00 0.00 0.01 0.00 0.00 0.00 0.00 0.00 0.00 0.00 0.00 0.00 0.00 0.00 0.01 0.01 0.01 0.06 0.10 0.23 0.23 0.23 0.22 0.37 0.37 0.28 0.30 0.42 0.43 0.32 0.30 0.27 0.22 0.18 0.17 0.19 0.18 0.16 0.15 0.11 0.11 0.12 0.12 0.31 0.32 0.30 0.28 0.27 0.29 0.26 0.29 0.33 0.36 0.35 0.34 0.25 0.21 0.07 0.07 0.03 0.03 0.04 0.04 0.04 0.07 0.12 0.12 0.28 0.24 0.16 0.15 0.14 0.11 0.08 0.07 0.00 0.00 0.00
0.53 0.00 0.00 0.00 0.00 0.00 0.00 0.00 0.00 0.00 0.00 0.00 0.00 0.00 0.00 0.00 0.00 0.01 0.02 0.02 0.04 0.05 0.08 0.14 0.15 0.35 0.35 0.29 0.28 0.43 0.42 0.42 0.34 0.51 0.47 0.42 0.45 0.35 0.29 0.24 0.27 0.24 0.26 0.25 0.24 0.18 0.15 0.18 0.17 0.36 0.36 0.33 0.30 0.31 0.33 0.27 0.27 0.39 0.43 0.40 0.39 0.27 0.22 0.09 0.11 0.09 0.06 0.07 0.08 0.08 0.10 0.15 0.15 0.32 0.28 0.21 0.18 0.18 0.15 0.11 0.09 0.00 0.00 0.00
0.44 0.00 0.00 0.00 0.00 0.00 0.00 0.00 0.00 0.00 0.00 0.00 0.00 0.00 0.00 0.00 0.00 0.03 0.05 0.07 0.07 0.07 0.08 0.11 0.14 0.34 0.35 0.34 0.31 0.48 0.48 0.42 0.42 0.55 0.49 0.45 0.43 0.40 0.35 0.31 0.30 0.26 0.31 0.31 0.25 0.17 0.18 0.19 0.17 0.36 0.34 0.35 0.31 0.33 0.33 0.28 0.26 0.40 0.46 0.44 0.40 0.23 0.21 0.13 0.09 0.10 0.07 0.07 0.08 0.09 0.11 0.15 0.16 0.38 0.34 0.27 0.25 0.19 0.17 0.15 0.10 0.00 0.00 0.00
0.44 0.00 0.00 0.00 0.00 0.00 0.00 0.00 0.00 0.00 0.00 0.00 0.00 0.00 0.00 0.00 0.01 0.05 0.08 0.19 0.13 0.08 0.12 0.14 0.13 0.37 0.41 0.35 0.36 0.48 0.46 0.39 0.39 0.54 0.50 0.46 0.40 0.37 0.36 0.33 0.30 0.23 0.26 0.25 0.22 0.14 0.13 0.15 0.15 0.32 0.33 0.32 0.29 0.30 0.31 0.27 0.25 0.42 0.44 0.44 0.41 0.24 0.19 0.17 0.10 0.10 0.06 0.07 0.07 0.09 0.13 0.19 0.20 0.37 0.36 0.25 0.23 0.22 0.19 0.18 0.12 0.00 0.00 0.00
0.46 0.00 0.00 0.00 0.00 0.00 0.00 0.00 0.00 0.00 0.00 0.00 0.00 0.00 0.00 0.00 0.01 0.10 0.13 0.18 0.16 0.14 0.14 0.18 0.17 0.36 0.43 0.33 0.33 0.47 0.40 0.37 0.37 0.54 0.49 0.46 0.42 0.37 0.39 0.32 0.35 0.29 0.27 0.25 0.23 0.16 0.14 0.12 0.19 0.34 0.35 0.33 0.32 0.29 0.32 0.29 0.26 0.46 0.45 0.45 0.41 0.26 0.20 0.19 0.11 0.10 0.08 0.09 0.10 0.12 0.17 0.22 0.19 0.44 0.43 0.32 0.29 0.25 0.25 0.24 0.18 0.00 0.00 0.00
0.53 0.00 0.00 0.00 0.00 0.00 0.00 0.00 0.00 0.00 0.00 0.00 0.00 0.00 0.00 0.07 0.09 0.28 0.25 0.34 0.33 0.30 0.26 0.45 0.40 0.59 0.62 0.52 0.54 0.70 0.68 0.66 0.66 0.73 0.71 0.65 0.61 0.62 0.64 0.57 0.56 0.49 0.51 0.46 0.38 0.34 0.29 0.31 0.36 0.50 0.52 0.54 0.56 0.47 0.46 0.46 0.46 0.61 0.61 0.63 0.58 0.42 0.34 0.33 0.26 0.28 0.25 0.35 0.39 0.52 0.51 0.44 0.42 0.63 0.55 0.45 0.42 0.31 0.31 0.29 0.24 0.00 0.00 0.00
0.57 0.00 0.00 0.00 0.00 0.00 0.00 0.00 0.00 0.00 0.00 0.00 0.00 0.00 0.01 0.09 0.09 0.35 0.38 0.46 0.40 0.31 0.42 0.50 0.44 0.59 0.63 0.59 0.59 0.70 0.73 0.66 0.70 0.77 0.73 0.71 0.66 0.68 0.66 0.61 0.58 0.51 0.51 0.48 0.44 0.35 0.36 0.36 0.35 0.54 0.52 0.57 0.57 0.46 0.47 0.46 0.49 0.64 0.65 0.65 0.62 0.46 0.40 0.38 0.32 0.39 0.39 0.44 0.44 0.68 0.70 0.52 0.50 0.63 0.58 0.51 0.46 0.37 0.36 0.32 0.26 0.00 0.00 0.00
0.53 0.00 0.00 0.00 0.00 0.00 0.00 0.00 0.00 0.00 0.00 0.00 0.00 0.01 0.01 0.13 0.14 0.42 0.39 0.49 0.43 0.41 0.41 0.47 0.52 0.63 0.62 0.59 0.57 0.72 0.69 0.61 0.63 0.71 0.72 0.69 0.65 0.68 0.66 0.59 0.58 0.55 0.50 0.46 0.45 0.38 0.35 0.32 0.33 0.48 0.45 0.54 0.52 0.44 0.47 0.44 0.42 0.59 0.63 0.66 0.65 0.47 0.47 0.40 0.41 0.45 0.40 0.45 0.45 0.83 0.85 0.69 0.64 0.76 0.70 0.64 0.60 0.42 0.39 0.33 0.27 0.00 0.00 0.00
0.65 0.00 0.00 0.00 0.00 0.00 0.00 0.00 0.00 0.00 0.00 0.01 0.01 0.02 0.03 0.18 0.19 0.44 0.41 0.44 0.40 0.44 0.45 0.54 0.55 0.65 0.61 0.53 0.57 0.73 0.74 0.65 0.68 0.73 0.72 0.70 0.69 0.71 0.72 0.64 0.60 0.61 0.55 0.47 0.45 0.41 0.37 0.38 0.39 0.48 0.47 0.55 0.51 0.43 0.45 0.41 0.41 0.65 0.68 0.70 0.70 0.55 0.55 0.49 0.58 0.55 0.50 0.52 0.53 0.91 0.93 0.73 0.70 0.76 0.68 0.63 0.57 0.39 0.36 0.45 0.39 0.00 0.00 0.00
0.74 0.00 0.00 0.00 0.00 0.00 0.00 0.00 0.00 0.00 0.01 0.02 0.02 0.05 0.10 0.17 0.28 0.49 0.47 0.55 0.52 0.49 0.50 0.56 0.58 0.62 0.61 0.53 0.55 0.67 0.69 0.64 0.67 0.77 0.77 0.70 0.68 0.77 0.79 0.74 0.72 0.71 0.64 0.62 0.62 0.61 0.60 0.62 0.62 0.70 0.77 0.77 0.78 0.76 0.73 0.79 0.81 1.03 1.01 1.07 1.02 0.83 0.88 0.83 0.86 0.75 0.72 0.71 0.73 1.14 1.13 0.95 0.91 0.98 0.90 0.85 0.77 0.63 0.64 0.67 0.62 0.00 0.00 0.00
0.71 0.00 0.00 0.00 0.00 0.00 0.00 0.00 0.00 0.00 0.01 0.03 0.01 0.05 0.07 0.19 0.23 0.51 0.46 0.48 0.50 0.51 0.48 0.54 0.55 0.58 0.56 0.50 0.54 0.67 0.66 0.64 0.64 0.72 0.76 0.71 0.68 0.71 0.75 0.70 0.72 0.66 0.59 0.60 0.62 0.56 0.58 0.63 0.64 0.69 0.80 0.77 0.76 0.79 0.76 0.79 0.84 1.03 1.00 1.06 1.05 0.89 0.89 0.88 0.85 0.82 0.77 0.78 0.79 1.17 1.21 0.98 0.95 1.02 0.92 0.86 0.76 0.65 0.65 0.74 0.66 0.00 0.00 0.00
0.61 0.00 0.00 0.00 0.00 0.00 0.00 0.00 0.00 0.01 0.01 0.05 0.03 0.06 0.11 0.20 0.27 0.51 0.52 0.48 0.55 0.51 0.47 0.54 0.62 0.58 0.61 0.51 0.55 0.67 0.69 0.65 0.63 0.71 0.71 0.67 0.64 0.76 0.75 0.75 0.74 0.68 0.63 0.61 0.54 0.52 0.55 0.64 0.68 0.72 0.80 0.75 0.75 0.71 0.75 0.76 0.82 0.98 1.01 1.03 1.07 0.92 0.98 0.92 0.84 0.86 0.90 0.88 0.81 1.18 1.23 1.05 1.03 1.04 0.95 0.92 0.88 0.75 0.69 0.81 0.72 0.00 0.00 0.00
0.51 0.00 0.00 0.00 0.00 0.00 0.00 0.01 0.00 0.01 0.01 0.08 0.05 0.06 0.10 0.21 0.28 0.45 0.49 0.46 0.57 0.53 0.47 0.55 0.59 0.59 0.57 0.49 0.51 0.63 0.65 0.65 0.65 0.71 0.71 0.68 0.65 0.76 0.77 0.73 0.70 0.64 0.61 0.62 0.54 0.50 0.60 0.67 0.72 0.70 0.74 0.71 0.63 0.66 0.75 0.77 0.82 0.90 0.96 1.03 1.03 0.88 0.91 0.88 0.88 0.88 0.93 0.91 0.90 1.24 1.26 1.12 1.09 1.09 1.00 0.99 0.94 0.77 0.71 0.81 0.72 0.00 0.00 0.00
0.35 0.00 0.00 0.00 0.00 0.00 0.00 0.00 0.00 0.01 0.01 0.06 0.05 0.05 0.09 0.20 0.23 0.41 0.43 0.44 0.42 0.34 0.35 0.44 0.43 0.43 0.40 0.38 0.33 0.49 0.45 0.43 0.40 0.45 0.42 0.39 0.33 0.50 0.58 0.51 0.44 0.52 0.56 0.55 0.51 0.42 0.42 0.45 0.47 0.47 0.44 0.45 0.38 0.43 0.57 0.52 0.51 0.67 0.67 0.70 0.71 0.57 0.55 0.55 0.56 0.67 0.68 0.61 0.58 0.88 0.93 0.83 0.81 0.79 0.75 0.70 0.67 0.48 0.38 0.61 0.54 0.00 0.00 0.00
0.26 0.00 0.00 0.00 0.00 0.00 0.00 0.00 0.00 0.01 0.01 0.04 0.03 0.06 0.08 0.17 0.20 0.40 0.44 0.46 0.42 0.35 0.31 0.39 0.39 0.44 0.41 0.34 0.33 0.48 0.44 0.42 0.40 0.50 0.43 0.36 0.32 0.47 0.55 0.46 0.43 0.53 0.56 0.54 0.54 0.47 0.41 0.40 0.43 0.48 0.37 0.41 0.34 0.44 0.53 0.47 0.48 0.62 0.64 0.68 0.69 0.55 0.53 0.57 0.57 0.65 0.66 0.63 0.62 0.95 0.90 0.86 0.84 0.81 0.78 0.71 0.69 0.53 0.48 0.51 0.46 0.00 0.00 0.00
0.13 0.00 0.00 0.00 0.00 0.00 0.00 0.01 0.00 0.01 0.03 0.08 0.06 0.07 0.09 0.18 0.21 0.46 0.46 0.50 0.41 0.38 0.41 0.42 0.44 0.43 0.42 0.34 0.36 0.46 0.48 0.48 0.44 0.55 0.55 0.44 0.41 0.50 0.53 0.46 0.48 0.59 0.54 0.52 0.57 0.50 0.44 0.44 0.42 0.43 0.36 0.40 0.32 0.41 0.38 0.35 0.39 0.59 0.58 0.61 0.63 0.56 0.59 0.62 0.55 0.70 0.67 0.69 0.69 1.02 0.86 0.86 0.82 0.79 0.68 0.64 0.59 0.40 0.36 0.41 0.36 0.00 0.00 0.00
0.02 0.00 0.00 0.00 0.00 0.00 0.00 0.00 0.00 0.04 0.07 0.09 0.07 0.07 0.10 0.21 0.27 0.45 0.48 0.44 0.44 0.40 0.34 0.45 0.44 0.46 0.41 0.35 0.39 0.46 0.45 0.43 0.42 0.52 0.53 0.45 0.42 0.52 0.54 0.54 0.54 0.55 0.50 0.54 0.52 0.41 0.39 0.38 0.37 0.39 0.38 0.38 0.38 0.41 0.39 0.33 0.39 0.59 0.59 0.64 0.62 0.52 0.58 0.60 0.49 0.68 0.67 0.66 0.68 0.98 0.82 0.86 0.79 0.76 0.69 0.61 0.62 0.32 0.30 0.40 0.38 0.00 0.00 0.00
0.02 0.01 0.01 0.02 0.01 0.01 0.01 0.07 0.06 0.11 0.12 0.16 0.15 0.14 0.17 0.24 0.29 0.48 0.50 0.49 0.55 0.51 0.48 0.58 0.57 0.54 0.53 0.48 0.43 0.49 0.54 0.49 0.51 0.62 0.66 0.57 0.60 0.59 0.61 0.57 0.57 0.55 0.50 0.53 0.51 0.33 0.36 0.33 0.32 0.42 0.43 0.40 0.33 0.32 0.35 0.38 0.46 0.67 0.67 0.75 0.75 0.76 0.80 0.81 0.80 1.11 1.05 1.01 1.06 1.36 1.23 1.28 1.17 1.11 1.05 0.94 0.89 0.58 0.63 0.57 0.57 0.00 0.00 0.00
