QPF/QPF_202208082200-30.txt
ncols 525
nrows 625
xllcorner -31082
yllcorner 11395
cellsize 1000.0
NODATA_value -9999.0
[rows 190 to 227 of 625, columns 168 to 251 of 525]
0.00 0.00 0.00 0.00 0.00 0.00 0.00 0.00 0.00 0.00 0.00 0.00 0.00 0.00 0.00 0.00 0.00 0.00 0.00 0.00 0.00 0.00 0.00 0.00 0.00 0.00 0.00 0.00 0.00 0.00 0.00 0.00 0.00 0.00 0.00 0.00 0.00 0.00 0.00 0.00 0.00 0.00 0.00 0.00 0.00 0.00 0.00 0.00 0.00 0.00 0.00 0.00 0.00 0.00 0.00 0.00 0.00 0.00 0.00 0.00 0.00 0.00 0.01 0.06 0.00 0.02 -0.01 -0.06 0.57 0.84 1.82 2.66 2.81 2.99 1.59 1.38 0.74 0.03 0.15 0.17 0.27 0.22 0.34 0.83
0.00 0.00 0.00 0.00 0.00 0.00 0.00 0.00 0.00 0.00 0.00 0.00 0.00 0.00 0.00 0.00 0.00 0.00 0.00 0.00 0.00 0.00 0.00 0.00 0.00 0.00 0.00 0.00 0.00 0.00 0.00 0.00 0.00 0.00 0.00 0.00 0.00 0.00 0.00 0.00 0.00 0.00 0.00 0.00 0.00 0.00 0.00 0.00 0.00 0.00 0.00 0.00 0.00 0.00 0.00 0.00 0.00 0.00 0.00 0.00 0.00 0.00 0.05 0.19 0.31 0.50 1.23 1.15 1.01 1.58 1.53 3.72 3.81 4.07 1.53 1.42 0.53 0.02 0.15 0.26 0.41 0.55 0.87 1.82
0.00 0.00 0.00 0.00 0.00 0.00 0.00 0.00 0.00 0.00 0.00 0.00 0.00 0.00 0.00 0.00 0.00 0.00 0.00 0.00 0.00 0.00 0.00 0.00 0.00 0.00 0.00 0.00 0.00 0.00 0.00 0.00 0.00 0.00 0.00 0.00 0.00 0.01 0.02 0.01 0.00 0.00 0.00 0.00 0.00 0.00 0.00 0.00 0.00 0.00 0.00 0.00 0.00 0.00 0.00 0.00 0.00 0.00 0.00 0.00 0.00 0.00 0.17 0.35 0.56 0.82 0.97 0.73 0.98 0.70 1.66 3.23 2.36 3.76 1.98 1.42 0.53 0.08 0.14 0.22 0.57 0.76 1.32 2.37
0.00 0.00 0.00 0.00 0.00 0.00 0.00 0.00 0.00 0.00 0.00 0.00 0.00 0.00 0.00 0.00 0.00 0.00 0.00 0.00 0.00 0.00 0.00 0.00 0.00 0.00 0.00 0.00 0.00 0.00 0.00 0.00 0.00 0.02 0.00 0.02 0.21 0.27 0.25 0.16 0.34 0.01 0.00 0.00 0.00 0.00 0.00 0.00 0.00 0.00 0.00 0.00 0.00 0.00 0.00 0.00 0.00 0.00 0.00 0.00 0.00 0.00 0.14 0.31 0.63 0.87 1.16 1.03 1.26 1.11 1.29 1.63 1.57 2.81 1.14 0.58 0.04 0.00 0.10 0.19 0.48 1.34 1.97 4.29
0.00 0.00 0.00 0.00 0.00 0.00 0.00 0.00 0.00 0.00 0.00 0.00 0.00 0.00 0.00 0.00 0.00 0.00 0.00 0.00 0.00 0.00 0.00 0.00 0.00 0.00 0.00 0.00 0.00 0.07 0.11 0.10 0.12 0.18 0.23 0.44 0.54 0.59 0.56 0.40 0.37 0.28 0.09 0.01 0.00 0.00 0.00 0.00 0.00 0.00 0.00 0.00 0.00 0.00 0.00 0.00 0.00 0.00 0.00 0.00 0.00 0.00 0.13 0.36 0.69 0.99 1.11 1.00 1.12 0.71 1.33 1.31 0.61 1.38 0.44 0.33 0.15 0.00 0.06 0.27 0.65 1.95 3.14 7.08
0.00 0.00 0.00 0.00 0.00 0.00 0.00 0.00 0.00 0.00 0.00 0.00 0.00 0.00 0.00 0.00 0.00 0.00 0.00 0.00 0.00 0.00 0.00 0.00 0.00 0.00 0.00 0.07 0.11 0.13 0.21 0.25 0.30 0.38 0.44 0.54 0.66 0.83 0.94 0.82 0.59 0.36 0.12 0.09 0.00 0.07 0.18 0.10 0.29 0.15 0.21 0.13 0.22 0.08 0.16 0.22 0.15 0.13 0.15 0.11 0.21 0.23 0.36 0.54 0.87 1.21 1.31 1.51 1.56 1.39 1.20 0.87 0.80 1.11 0.86 0.65 0.59 0.19 0.83 1.63 2.43 5.57 7.73 13.87
0.00 0.00 0.00 0.00 0.00 0.00 0.00 0.00 0.00 0.00 0.00 0.00 0.00 0.00 0.00 0.00 0.00 0.00 0.00 0.00 0.00 0.00 0.00 0.00 0.00 0.00 0.00 0.09 0.16 0.26 0.31 0.37 0.49 0.53 0.64 0.82 1.06 1.30 1.24 0.98 0.71 0.64 0.26 0.06 0.03 0.18 0.39 0.40 0.48 0.42 0.56 0.47 0.52 0.40 0.55 0.55 0.65 0.52 0.54 0.39 0.48 0.58 0.70 0.89 1.30 1.74 2.21 2.45 2.43 2.78 2.19 2.04 1.31 2.06 1.12 1.22 1.04 0.68 2.36 3.80 7.88 12.04 18.43 25.73
0.00 0.00 0.00 0.00 0.00 0.00 0.00 0.00 0.00 0.00 0.00 0.00 0.00 0.00 0.00 0.00 0.02 0.08 0.05 0.00 0.00 0.00 0.00 0.01 0.03 0.11 0.12 0.23 0.38 0.47 0.52 0.56 0.68 0.80 0.93 1.08 1.27 1.29 1.31 1.16 0.82 0.67 0.47 0.47 0.40 0.52 0.65 0.84 0.84 0.93 1.12 0.92 1.23 0.81 0.72 1.06 1.20 1.18 1.02 0.68 1.06 1.17 1.61 2.47 3.01 3.81 3.66 5.06 4.48 5.83 4.30 5.62 4.71 5.12 4.00 2.61 3.27 3.05 5.08 8.01 14.49 20.32 28.58 33.92
0.00 0.00 0.00 0.00 0.00 0.00 0.00 0.00 0.00 0.00 0.00 0.00 0.00 0.00 0.00 0.09 0.06 0.20 0.21 0.04 0.06 0.00 0.05 0.12 0.16 0.27 0.29 0.42 0.49 0.80 0.78 0.80 0.91 1.09 1.37 1.49 1.60 1.57 1.59 1.48 1.22 1.17 0.83 0.69 0.81 0.97 1.01 1.77 1.74 1.99 1.93 2.11 2.05 1.39 1.65 1.71 2.34 2.50 3.00 2.19 2.49 2.51 3.18 4.09 5.05 6.15 7.07 8.46 9.99 9.03 9.57 11.33 9.62 9.01 7.33 5.59 6.62 6.09 11.32 19.22 24.59 31.58 39.68 42.85
0.00 0.00 0.00 0.00 0.00 0.00 0.00 0.00 0.00 0.00 0.00 0.00 0.00 0.01 0.00 0.15 0.15 0.42 0.37 0.10 0.09 0.01 0.11 0.25 0.40 0.42 0.43 0.57 0.57 0.92 0.95 1.11 1.14 1.35 1.75 1.83 1.94 1.81 1.75 1.64 1.64 1.63 1.63 1.89 2.07 2.11 2.61 2.99 3.63 4.17 4.73 4.75 3.84 2.76 2.92 3.11 3.93 4.40 5.58 4.97 6.80 6.66 6.47 7.26 8.82 10.97 11.86 12.73 13.17 14.61 15.60 15.87 18.22 17.01 12.87 12.07 14.36 14.27 23.63 30.46 35.88 38.44 43.89 44.96
0.00 0.00 0.00 0.00 0.00 0.00 0.00 0.00 0.00 0.00 0.00 0.12 0.15 0.07 0.12 0.27 0.36 0.61 0.52 0.49 0.31 0.28 0.28 0.47 0.63 0.73 0.74 1.10 1.03 1.32 1.42 1.81 1.69 1.83 1.82 2.12 2.00 1.77 1.73 1.72 1.92 2.37 2.75 3.07 3.43 4.34 5.33 6.32 7.37 11.38 10.99 13.20 9.81 8.06 6.50 5.69 6.68 8.09 9.45 10.29 10.86 13.32 14.31 12.83 16.18 20.02 22.42 20.74 23.11 22.16 24.52 25.29 25.77 25.30 22.55 20.75 23.88 25.31 33.27 40.19 42.54 40.12 44.80 46.79
0.00 0.00 0.00 0.01 0.01 0.00 0.00 0.00 0.01 0.01 0.02 0.07 0.10 0.21 0.23 0.41 0.41 0.85 0.74 0.65 0.58 0.39 0.51 0.70 0.84 1.52 1.80 1.71 1.62 1.84 1.95 2.36 2.27 2.53 2.37 2.39 2.62 2.49 2.90 3.49 3.75 4.44 4.73 4.99 6.13 7.28 8.31 11.32 14.60 18.00 21.67 20.65 16.66 10.83 11.68 10.15 13.53 11.90 15.12 19.68 18.30 19.77 21.45 20.58 25.66 27.76 27.35 24.83 27.11 28.78 33.79 32.65 32.48 34.55 35.28 38.86 44.86 45.40 49.61 54.12 51.72 46.82 47.44 46.19
0.00 0.00 0.00 0.01 0.02 0.00 0.01 0.03 0.06 0.04 0.04 0.17 0.34 0.47 0.45 0.71 0.79 1.22 1.16 0.99 0.83 0.65 0.86 1.04 1.26 2.28 2.38 2.24 2.31 2.41 2.49 2.77 2.58 2.70 2.61 2.56 3.19 3.22 4.05 3.73 4.20 5.13 5.53 7.63 9.75 11.21 16.73 22.35 28.75 30.32 28.68 27.72 28.08 22.55 18.54 18.46 21.39 22.08 21.77 23.75 25.36 27.96 30.67 29.63 31.05 33.01 33.48 31.85 32.95 34.22 40.16 44.30 48.53 46.84 49.35 56.41 59.53 60.23 59.44 57.51 48.79 43.67 45.37 45.44
0.05 0.11 0.11 0.03 0.12 0.01 0.08 0.10 0.09 0.15 0.31 0.53 0.80 0.99 0.99 1.06 1.13 1.47 1.32 1.11 0.99 1.00 1.11 1.27 1.56 2.87 3.16 3.51 3.56 3.35 3.51 3.31 3.28 3.53 3.41 3.74 3.95 5.03 5.43 5.48 5.96 7.29 9.95 11.49 14.30 17.86 27.33 32.59 36.23 35.31 37.15 36.57 36.63 28.83 23.48 25.19 31.44 32.34 31.68 34.94 35.18 36.85 37.81 36.59 36.49 37.12 36.64 34.49 35.51 39.37 50.63 55.58 60.88 68.64 68.80 74.20 74.35 75.26 71.59 64.39 55.51 46.40 44.00 43.64
0.14 0.20 0.26 0.17 0.22 0.11 0.21 0.27 0.31 0.55 0.76 0.89 0.98 1.33 1.28 1.28 1.38 1.82 1.65 1.41 1.50 1.47 1.63 1.87 2.19 3.70 4.19 4.05 4.10 3.85 3.92 3.99 4.10 4.41 4.14 3.94 5.70 5.92 6.83 8.54 9.59 11.38 14.12 16.31 20.48 25.25 32.62 39.91 40.11 38.83 41.68 40.81 38.69 37.40 33.64 37.13 41.89 42.47 44.70 45.55 43.29 44.49 44.13 39.90 40.71 37.39 38.03 37.49 40.61 46.47 58.17 68.54 76.16 87.77 94.99 97.45 90.38 83.35 76.15 66.34 62.03 47.75 45.31 39.59
0.23 0.39 0.36 0.32 0.26 0.20 0.37 0.53 0.64 0.79 1.13 1.07 1.16 1.47 1.49 1.47 1.62 1.97 1.98 1.83 2.02 2.19 2.21 2.52 2.74 4.23 4.22 4.64 4.51 5.51 5.49 5.48 5.62 4.99 5.20 6.05 6.87 8.40 9.23 9.93 11.99 14.71 17.52 20.25 24.44 28.92 37.21 39.87 45.35 44.85 44.19 47.54 46.91 43.20 42.34 45.21 49.58 50.37 52.95 56.39 59.41 56.16 50.52 45.46 44.45 43.43 40.26 41.09 47.32 53.61 60.28 76.97 86.72 99.97 109.43 105.44 88.49 83.46 75.08 62.26 56.84 43.92 42.63 33.47
0.40 0.51 0.40 0.44 0.34 0.30 0.54 0.63 0.83 1.13 1.30 1.20 1.36 1.80 1.82 1.72 1.81 2.04 1.68 1.80 2.12 2.13 2.49 2.70 3.50 4.62 4.85 5.20 5.54 7.10 7.39 6.95 7.58 6.59 7.93 8.40 9.85 10.82 12.83 13.97 15.22 17.24 19.81 22.65 25.10 34.11 40.40 46.43 51.04 57.70 54.91 54.51 57.26 54.70 51.38 51.32 53.79 58.07 56.29 56.85 62.34 60.51 53.53 48.16 46.06 45.22 41.64 43.68 46.44 51.78 60.30 74.70 85.41 95.48 105.33 98.17 81.35 82.27 70.75 56.07 45.67 34.86 34.68 29.83
0.32 0.45 0.41 0.37 0.41 0.50 0.63 0.78 1.07 1.06 1.41 1.56 1.54 1.74 1.73 1.31 1.54 1.88 1.88 2.19 2.93 2.83 3.11 3.92 4.52 5.36 5.61 6.20 6.69 9.05 9.46 10.42 10.05 8.64 8.40 10.87 12.44 12.96 15.02 17.28 18.72 19.68 20.08 20.86 26.27 38.92 48.56 55.60 62.43 68.76 65.95 65.46 64.09 66.65 67.01 65.97 67.23 64.70 56.26 58.50 64.82 62.83 57.52 54.30 52.37 49.92 45.65 45.25 47.73 51.17 60.01 68.07 76.29 84.59 93.05 82.31 74.49 70.27 55.41 48.69 35.54 29.42 28.94 23.10
0.17 0.27 0.28 0.31 0.35 0.46 0.64 0.81 1.15 1.18 1.39 1.54 1.63 1.46 1.64 1.41 1.42 1.66 1.64 1.97 2.96 2.94 3.53 4.82 5.74 7.23 9.15 9.97 9.61 12.71 13.62 13.76 13.54 10.44 10.55 12.31 13.99 15.40 17.16 18.22 18.31 19.36 19.77 20.59 23.13 35.42 55.49 65.78 69.73 74.96 75.87 72.48 70.83 71.24 73.64 77.41 73.47 71.37 68.42 64.43 63.18 63.08 60.92 57.09 51.90 47.67 43.85 41.07 42.32 44.72 53.61 59.70 65.96 70.69 71.83 63.62 56.69 51.25 40.64 32.99 28.83 23.52 22.53 17.90
0.17 0.49 0.28 0.41 0.41 0.40 0.69 1.03 1.33 1.27 1.47 1.38 1.64 1.72 1.70 1.39 1.53 1.41 1.82 2.18 3.11 3.22 4.17 5.30 7.20 9.28 10.28 12.57 13.54 15.12 16.30 15.59 14.15 12.02 11.67 13.03 12.84 13.95 16.62 18.85 18.88 19.44 19.11 21.62 21.17 33.67 54.34 64.73 68.16 69.72 72.79 73.57 72.15 76.44 80.23 80.54 80.89 74.67 63.15 58.31 58.07 60.27 61.92 60.44 53.07 46.78 42.20 39.66 42.07 42.98 48.69 51.79 54.62 57.72 63.93 51.06 45.05 37.27 29.41 24.26 20.92 18.77 16.87 15.88
0.20 0.41 0.19 0.35 0.38 0.51 0.78 0.98 1.32 1.20 1.30 1.55 1.76 1.70 1.56 1.26 1.27 1.29 1.61 2.28 2.94 3.31 4.49 7.04 8.58 11.93 13.88 15.35 16.87 19.09 17.66 17.32 14.62 11.85 11.54 9.12 10.33 11.84 14.04 16.23 16.61 18.79 18.78 22.06 25.56 36.15 51.47 61.52 64.78 69.37 70.33 75.54 75.76 78.29 80.27 82.52 86.28 84.43 70.94 61.07 56.72 56.93 62.55 58.85 52.06 47.68 43.33 39.39 40.81 40.82 42.35 44.88 50.01 52.23 51.05 44.37 36.72 28.82 22.65 19.88 17.30 14.87 14.46 11.99
0.14 0.41 0.33 0.53 0.56 0.71 0.85 1.12 1.34 1.32 1.44 1.44 1.59 1.67 1.66 1.45 1.46 1.30 1.62 2.16 3.16 4.39 6.17 8.84 13.47 15.87 17.56 20.01 19.19 20.29 20.21 16.73 15.55 11.07 9.98 7.80 8.19 10.00 12.18 15.64 17.73 20.99 23.49 30.45 31.91 37.37 55.97 65.66 66.61 71.00 69.26 72.73 73.10 76.18 79.89 80.09 84.19 83.53 73.57 53.68 52.39 54.96 54.52 52.87 50.57 47.70 41.07 37.96 37.74 37.01 38.32 37.31 41.39 43.91 39.27 36.63 29.59 20.48 18.02 15.06 13.16 10.88 10.30 8.78
0.25 0.57 0.38 0.61 0.79 1.02 1.12 1.46 1.54 1.43 1.43 1.50 1.54 1.67 1.72 1.56 1.49 1.41 1.88 2.73 3.80 4.76 7.30 11.65 16.96 19.68 18.63 21.65 22.94 22.65 21.26 19.21 16.97 13.34 9.62 7.94 8.04 9.54 11.07 14.95 16.52 20.25 24.22 31.70 36.16 43.75 54.14 60.24 63.85 69.87 66.23 70.27 70.66 70.92 71.23 73.23 73.64 70.97 65.80 55.68 51.33 49.15 48.85 48.68 46.25 46.86 40.82 37.18 35.59 32.01 31.40 30.25 31.22 33.16 30.26 26.92 23.94 16.60 13.60 10.80 8.90 8.89 8.21 6.94
0.33 0.59 0.41 0.72 0.90 1.28 1.48 1.57 1.68 1.39 1.49 1.47 1.55 1.40 1.56 1.76 1.67 1.61 2.25 3.09 4.09 5.41 9.07 15.26 21.90 24.60 24.08 26.69 25.61 29.88 25.23 22.09 21.37 17.02 13.63 10.38 9.37 10.66 11.22 12.94 15.47 18.95 23.99 31.44 37.84 45.34 52.54 56.30 61.70 65.90 65.58 64.47 65.91 62.60 57.03 62.67 62.98 59.43 54.82 50.13 44.42 41.85 42.61 41.95 38.58 37.02 32.97 31.49 28.80 29.38 25.63 22.83 21.63 23.76 19.09 20.09 16.35 11.68 9.92 8.25 7.52 7.16 6.56 5.75
0.23 0.55 0.71 0.83 1.02 1.62 1.86 1.75 1.68 1.49 1.63 1.52 1.73 1.66 1.73 1.80 1.97 2.23 3.03 3.90 5.54 7.32 10.96 16.80 23.29 30.02 30.14 29.14 33.83 32.38 28.83 26.69 22.72 20.30 16.64 12.46 10.88 11.48 11.28 13.36 16.02 18.79 23.26 30.00 37.04 42.68 47.98 53.11 60.44 62.39 60.22 59.93 60.79 55.76 55.63 56.16 57.36 53.62 48.32 40.96 37.31 36.10 35.28 34.78 31.00 29.47 28.48 25.72 24.93 23.11 19.24 17.44 15.41 14.99 14.21 12.81 11.45 8.78 7.09 5.58 4.86 5.07 4.99 4.59
0.37 0.60 0.69 0.87 0.89 1.60 1.79 1.91 1.73 1.41 1.71 1.79 1.75 1.67 1.65 2.05 2.51 3.14 3.52 4.48 5.72 7.95 11.74 19.32 22.42 28.41 30.88 30.17 30.39 28.40 24.60 23.94 24.07 19.97 17.18 15.99 12.32 12.08 11.62 11.98 15.43 17.23 21.25 28.13 35.84 39.10 44.88 50.91 54.36 59.96 59.27 57.36 55.42 52.48 51.06 50.32 49.47 46.90 42.07 35.43 32.03 30.36 28.47 26.44 24.78 24.07 22.91 21.11 19.46 17.43 15.81 12.60 11.16 10.64 10.64 9.90 8.41 6.10 4.88 3.57 3.51 4.22 3.73 3.86
0.51 0.79 0.99 1.19 1.27 1.88 2.20 2.14 1.98 1.84 2.37 2.30 2.66 2.67 2.68 2.68 2.98 4.01 4.34 5.60 7.08 10.33 13.89 19.55 22.18 24.93 28.23 27.79 29.81 26.56 24.89 24.29 23.42 21.13 18.67 17.28 15.75 14.05 12.06 12.18 13.21 15.67 20.17 25.18 31.86 36.44 42.15 46.50 51.61 56.17 57.08 55.84 54.36 52.37 50.46 48.09 44.94 40.99 37.10 30.98 27.76 26.13 24.48 22.59 20.41 18.42 18.03 16.30 15.24 14.11 12.77 11.28 9.29 8.68 8.10 7.06 6.16 4.70 2.83 2.50 2.10 2.67 3.22 2.49
0.65 0.95 1.22 1.19 1.33 2.39 2.55 2.58 2.39 2.58 2.65 3.22 3.59 3.80 4.12 4.59 4.51 5.33 5.78 6.96 8.37 11.61 14.32 18.16 20.49 22.59 24.13 24.28 25.33 23.43 22.91 23.77 22.21 20.76 18.78 16.77 16.19 17.28 13.36 11.77 12.10 13.04 16.84 21.67 27.10 33.19 39.33 44.18 48.59 52.90 54.22 54.09 52.88 51.04 49.09 44.78 40.26 35.47 31.23 26.21 23.19 21.67 20.42 18.82 17.52 15.16 15.11 13.64 12.09 10.21 9.63 8.59 7.50 6.64 6.17 4.78 4.02 3.30 2.43 2.10 1.99 1.93 2.36 1.81
1.15 1.68 1.95 2.18 2.07 3.51 3.55 3.32 3.19 3.26 4.29 5.45 5.32 6.59 6.70 7.29 6.99 7.48 7.64 8.48 10.31 12.72 14.82 19.43 21.31 24.80 26.74 23.70 21.73 21.25 20.16 21.56 22.63 21.14 19.89 16.86 14.61 14.88 12.83 11.52 10.43 11.57 14.91 18.83 22.82 29.40 37.53 43.44 48.69 52.01 52.94 52.10 51.13 48.83 46.59 42.86 36.99 32.26 26.92 22.75 19.93 18.01 16.88 15.16 14.02 11.79 11.10 9.88 8.65 7.82 7.32 6.80 6.20 5.31 4.80 3.90 3.11 2.50 1.78 1.76 1.71 1.55 1.73 1.42
1.41 2.23 2.30 2.63 2.63 4.28 4.35 4.78 4.68 5.42 7.10 9.16 9.87 11.26 11.29 10.87 10.62 11.54 13.26 12.56 13.48 17.31 17.30 20.83 24.00 25.67 25.05 21.60 20.89 18.41 17.78 19.73 20.43 19.17 17.73 15.44 12.43 12.98 11.92 10.96 10.02 10.10 11.72 15.91 20.90 25.38 33.12 40.29 45.59 49.77 49.38 48.38 47.65 45.11 42.02 38.36 32.96 29.01 23.55 19.88 17.51 15.86 14.58 12.47 11.41 9.56 8.78 7.73 6.86 6.04 5.09 4.42 3.99 3.37 3.04 2.61 2.13 1.59 1.32 1.21 1.08 0.97 1.09 0.80
1.92 2.52 3.07 3.54 3.63 5.88 5.87 6.17 6.81 7.51 10.07 13.24 16.22 17.93 16.67 17.24 15.97 16.27 16.88 17.60 19.45 20.71 20.66 24.23 27.23 26.29 27.80 25.82 20.41 15.42 17.31 18.10 19.60 18.18 16.89 14.10 11.04 10.26 9.63 9.78 8.70 8.70 10.37 13.78 18.73 24.37 31.98 38.47 43.99 47.31 47.17 45.28 43.75 41.01 37.79 33.47 28.31 24.57 20.30 16.85 14.68 13.36 12.24 10.47 9.35 7.47 6.91 5.85 5.27 4.64 4.14 3.71 3.34 3.01 2.67 2.44 1.88 1.43 1.12 0.92 0.80 0.48 0.49 0.24
2.03 2.97 3.56 4.03 4.09 6.71 6.91 7.68 8.83 11.90 14.87 18.75 22.03 20.67 22.70 22.53 23.27 23.78 27.35 27.51 27.83 27.66 28.64 29.83 29.85 28.65 27.77 24.79 19.14 16.52 16.21 15.86 16.32 15.22 14.08 12.14 9.69 8.22 7.96 7.82 7.57 8.14 9.94 12.60 16.99 22.59 28.95 35.67 40.10 43.89 42.34 41.37 39.17 36.76 33.63 29.24 24.69 21.01 17.29 14.29 12.39 10.91 10.14 8.87 7.91 6.24 5.59 4.68 4.15 3.60 3.16 2.89 2.49 2.30 1.91 1.73 1.36 1.19 1.03 0.77 0.64 0.42 0.36 0.15
3.12 3.63 4.42 5.41 6.24 8.75 9.43 11.55 13.25 16.57 23.23 23.86 22.96 25.89 26.55 27.77 27.70 29.35 33.51 37.40 35.96 37.07 35.76 33.39 33.52 30.73 26.98 23.05 20.15 15.01 14.05 15.32 14.39 12.51 11.42 9.76 7.18 6.19 5.59 6.33 6.04 6.84 8.88 11.76 15.58 19.99 28.93 33.19 37.46 39.40 39.10 36.95 34.97 32.16 28.78 24.62 20.37 17.72 14.65 12.39 10.44 9.15 8.34 7.21 6.55 5.09 4.58 3.89 3.56 3.10 2.73 2.54 2.19 2.04 1.54 1.53 1.09 0.96 0.82 0.65 0.43 0.27 0.19 0.02
3.91 4.71 5.81 6.49 7.63 10.66 11.34 13.83 16.59 20.01 24.07 25.15 26.76 27.94 30.47 31.50 32.60 32.69 38.35 41.63 42.88 44.38 43.42 40.23 40.43 35.91 30.83 26.15 20.66 15.39 15.02 15.09 15.32 13.17 10.07 9.24 7.06 4.77 4.55 4.33 4.77 5.71 7.39 11.29 13.58 18.90 25.01 30.02 33.70 35.51 34.23 32.27 29.97 27.40 24.05 19.79 16.72 14.63 12.64 10.26 8.89 7.47 6.53 5.56 5.06 3.89 3.68 3.02 2.68 2.34 2.11 2.14 1.88 1.67 1.21 1.21 0.95 0.88 0.79 0.64 0.46 0.29 0.22 0.00
5.18 5.11 6.13 7.64 9.57 12.95 14.72 17.77 21.08 24.52 27.39 29.25 32.08 31.13 33.52 36.72 37.81 38.02 40.94 44.88 47.27 47.74 47.89 47.33 46.19 42.08 37.70 28.73 19.18 15.34 14.84 14.02 15.43 12.74 10.19 8.54 6.57 4.69 3.58 3.81 4.11 4.30 5.91 9.40 11.80 16.23 21.73 26.17 28.80 30.48 29.17 26.99 25.09 22.67 19.91 16.28 13.42 12.36 10.76 9.17 7.77 6.62 5.88 4.99 4.62 3.64 3.32 2.79 2.36 2.02 1.82 1.68 1.40 1.30 0.90 0.88 0.70 0.69 0.61 0.49 0.38 0.26 0.19 0.03
6.99 6.59 7.72 10.15 12.40 17.30 19.46 21.38 25.35 27.33 28.25 31.85 33.36 34.22 35.88 39.81 41.13 40.49 41.33 44.85 46.52 49.11 50.93 49.20 45.09 42.50 38.89 31.36 21.76 19.47 17.05 16.28 15.67 13.29 9.33 8.44 5.89 3.75 2.86 2.63 2.75 3.48 4.34 7.25 10.10 13.73 18.16 21.61 23.58 25.17 23.23 20.92 18.98 16.95 14.87 12.31 10.59 10.17 9.09 7.71 6.49 5.76 5.12 4.59 4.08 3.31 3.10 2.67 2.43 2.08 1.85 1.68 1.42 1.32 0.94 0.80 0.51 0.45 0.37 0.29 0.26 0.12 0.06 0.00
7.60 6.90 8.75 11.22 13.71 18.86 22.81 25.02 28.73 32.15 32.46 35.22 36.54 38.82 40.67 41.98 44.61 43.37 42.13 42.66 43.24 46.97 50.10 49.00 48.66 43.64 40.46 34.08 27.45 22.88 21.43 18.02 15.13 12.86 10.67 8.55 6.15 3.74 2.95 2.18 2.34 3.01 3.72 5.93 8.35 11.21 14.71 17.56 18.41 19.42 18.44 16.30 14.61 13.33 12.06 9.97 8.93 8.97 8.10 7.28 6.19 5.56 4.82 4.21 3.85 3.10 2.97 2.53 2.29 1.94 1.65 1.47 1.23 1.12 0.88 0.68 0.48 0.50 0.44 0.36 0.25 0.13 0.08 0.00
8.57 8.61 10.80 13.16 16.76 22.85 26.69 29.91 33.29 37.29 37.78 38.11 38.99 41.31 42.97 44.96 45.69 43.66 43.39 41.15 43.23 44.67 45.95 46.57 44.40 38.98 37.36 32.16 29.12 25.11 20.25 17.85 13.39 10.14 9.06 7.69 5.01 2.96 2.53 2.18 2.02 2.36 2.98 4.41 6.28 8.24 10.97 13.47 13.70 14.43 13.18 11.82 10.93 10.66 9.84 8.73 7.92 7.95 7.35 6.55 5.56 5.06 4.28 3.71 3.26 2.58 2.36 2.05 1.87 1.54 1.48 1.29 1.04 1.03 0.79 0.65 0.35 0.30 0.24 0.20 0.12 0.06 0.02 0.00
