QPF/QPF_202208082200-60.txt
ncols 525
nrows 625
xllcorner -31082
yllcorner 11395
cellsize 1000.0
NODATA_value -9999.0
[rows 114 to 151 of 625, columns 420 to 503 of 525]
0.00 0.00 0.00 0.00 0.00 0.00 0.00 0.00 0.00 0.00 0.00 0.00 0.00 0.00 0.00 0.00 0.00 0.00 0.00 0.00 0.00 0.00 0.00 0.00 0.00 0.00 0.00 0.00 0.00 0.00 0.00 0.00 0.00 0.02 0.02 0.04 0.03 0.09 0.11 0.12 0.20 0.31 0.36 0.39 0.51 0.40 0.37 0.36 0.45 0.90 0.89 0.88 0.89 0.89 0.90 0.92 0.91 1.02 1.03 0.98 0.96 0.88 0.81 0.76 0.71 0.73 0.72 0.65 0.63 0.53 0.52 0.44 0.33 0.29 0.23 0.11 0.00 0.00 0.00 0.00 0.00 0.00 0.00 0.00
0.00 0.00 0.00 0.00 0.00 0.00 0.00 0.00 0.00 0.00 0.00 0.00 0.00 0.00 0.00 0.00 0.00 0.00 0.00 0.00 0.00 0.00 0.00 0.00 0.00 0.00 0.00 0.00 0.00 0.00 0.00 0.03 0.00 0.10 0.10 0.15 0.12 0.23 0.23 0.22 0.29 0.44 0.49 0.55 0.54 0.53 0.50 0.49 0.61 0.98 0.96 0.99 0.96 0.95 0.96 0.94 0.96 1.02 1.02 1.01 0.95 0.87 0.84 0.77 0.68 0.71 0.68 0.63 0.63 0.51 0.54 0.37 0.30 0.23 0.17 0.06 0.00 0.00 0.00 0.00 0.00 0.00 0.00 0.00
0.00 0.00 0.00 0.00 0.00 0.00 0.00 0.00 0.00 0.00 0.00 0.00 0.00 0.00 0.00 0.00 0.00 0.00 0.00 0.00 0.00 0.00 0.00 0.00 0.00 0.00 0.00 0.00 0.00 0.00 0.00 0.00 0.00 0.13 0.14 0.16 0.16 0.21 0.22 0.25 0.32 0.43 0.56 0.54 0.57 0.52 0.55 0.53 0.65 0.98 1.01 1.00 0.96 1.03 0.96 0.96 1.00 1.07 1.06 0.99 0.93 0.82 0.81 0.80 0.71 0.76 0.68 0.68 0.66 0.53 0.52 0.40 0.25 0.17 0.06 0.00 0.00 0.00 0.00 0.00 0.00 0.00 0.00 0.00
0.00 0.00 0.00 0.00 0.00 0.00 0.00 0.00 0.00 0.00 0.00 0.00 0.00 0.00 0.00 0.00 0.00 0.00 0.00 0.00 0.00 0.00 0.00 0.00 0.00 0.00 0.00 0.00 0.00 0.00 0.00 0.00 0.01 0.12 0.13 0.14 0.17 0.26 0.25 0.36 0.40 0.49 0.50 0.60 0.60 0.56 0.59 0.60 0.67 0.99 1.08 1.07 1.01 1.13 1.07 1.02 1.06 1.11 1.03 0.94 0.91 0.77 0.78 0.84 0.77 0.85 0.75 0.65 0.65 0.52 0.48 0.30 0.16 0.09 0.01 0.00 0.00 0.00 0.00 0.00 0.00 0.00 0.00 0.00
0.00 0.00 0.00 0.00 0.00 0.00 0.00 0.00 0.00 0.00 0.00 0.00 0.00 0.00 0.00 0.00 0.00 0.00 0.00 0.00 0.00 0.00 0.00 0.00 0.00 0.00 0.00 0.00 0.00 0.00 0.00 0.00 0.00 0.13 0.12 0.16 0.16 0.26 0.27 0.34 0.41 0.46 0.55 0.56 0.64 0.55 0.58 0.68 0.72 1.01 1.04 1.04 1.00 1.16 1.10 1.08 1.08 1.07 1.04 1.01 0.93 0.82 0.81 0.80 0.79 0.84 0.81 0.65 0.60 0.49 0.42 0.29 0.16 0.07 0.01 0.00 0.00 0.00 0.00 0.00 0.00 0.00 0.00 0.00
0.00 0.00 0.00 0.00 0.00 0.00 0.00 0.00 0.00 0.00 0.00 0.00 0.00 0.00 0.00 0.00 0.00 0.00 0.00 0.00 0.00 0.00 0.00 0.00 0.00 0.00 0.00 0.00 0.00 0.00 0.00 0.00 0.00 0.10 0.08 0.10 0.10 0.21 0.22 0.29 0.33 0.38 0.49 0.54 0.56 0.53 0.57 0.64 0.67 0.93 0.99 0.98 0.96 1.14 1.16 1.14 1.14 1.09 1.07 1.03 0.98 0.83 0.83 0.86 0.83 0.91 0.80 0.69 0.63 0.52 0.51 0.36 0.35 0.18 0.01 0.01 0.00 0.00 0.00 0.00 0.00 0.00 0.00 0.00
0.00 0.00 0.00 0.00 0.00 0.00 0.00 0.00 0.00 0.00 0.00 0.00 0.00 0.00 0.00 0.00 0.00 0.00 0.00 0.00 0.00 0.00 0.00 0.00 0.00 0.00 0.00 0.00 0.00 0.00 0.00 0.00 0.01 0.11 0.14 0.15 0.12 0.27 0.26 0.33 0.42 0.42 0.57 0.57 0.61 0.54 0.58 0.64 0.66 0.98 0.98 0.99 0.99 1.17 1.20 1.22 1.14 1.12 1.05 0.99 0.97 0.80 0.81 0.81 0.84 0.93 0.78 0.61 0.52 0.47 0.50 0.35 0.37 0.16 0.01 0.00 0.00 0.00 0.00 0.00 0.00 0.00 0.00 0.00
0.00 0.00 0.00 0.00 0.00 0.00 0.00 0.00 0.00 0.00 0.00 0.00 0.00 0.00 0.00 0.00 0.00 0.00 0.00 0.00 0.00 0.00 0.00 0.00 0.00 0.00 0.00 0.00 0.00 0.00 0.00 0.00 0.01 0.14 0.16 0.18 0.16 0.31 0.28 0.35 0.43 0.47 0.54 0.52 0.58 0.56 0.57 0.68 0.66 1.06 1.04 0.98 1.02 1.17 1.18 1.19 1.14 1.07 1.06 1.01 0.96 0.82 0.80 0.81 0.80 0.91 0.72 0.60 0.48 0.52 0.54 0.39 0.41 0.20 0.05 0.01 0.00 0.00 0.00 0.00 0.00 0.00 0.00 0.00
0.00 0.00 0.00 0.00 0.00 0.00 0.00 0.00 0.00 0.00 0.00 0.00 0.00 0.00 0.00 0.00 0.00 0.00 0.00 0.00 0.00 0.00 0.00 0.00 0.00 0.00 0.00 0.00 0.00 0.00 0.00 0.01 0.01 0.16 0.20 0.21 0.19 0.32 0.29 0.42 0.45 0.53 0.57 0.58 0.59 0.57 0.59 0.70 0.71 1.13 1.07 1.03 1.05 1.18 1.18 1.14 1.14 1.09 1.05 1.01 0.96 0.87 0.82 0.79 0.81 0.89 0.74 0.62 0.52 0.56 0.55 0.42 0.47 0.22 0.08 0.01 0.01 0.01 0.00 0.00 0.00 0.00 0.00 0.00
0.00 0.00 0.00 0.00 0.00 0.00 0.00 0.00 0.00 0.00 0.00 0.00 0.00 0.00 0.00 0.00 0.00 0.00 0.00 0.00 0.00 0.00 0.00 0.00 0.00 0.00 0.00 0.00 0.00 0.00 0.00 0.02 0.01 0.23 0.26 0.29 0.25 0.44 0.32 0.46 0.50 0.54 0.55 0.59 0.61 0.58 0.65 0.67 0.75 1.16 1.09 1.09 1.09 1.26 1.21 1.21 1.17 1.11 1.08 1.08 1.06 0.93 0.91 0.86 0.88 0.98 0.85 0.76 0.68 0.57 0.57 0.49 0.49 0.30 0.16 0.05 0.05 0.06 0.02 0.00 0.00 0.00 0.00 0.00
0.00 0.00 0.00 0.00 0.00 0.00 0.00 0.00 0.00 0.00 0.00 0.00 0.00 0.00 0.00 0.00 0.00 0.00 0.00 0.00 0.00 0.00 0.00 0.00 0.00 0.00 0.00 0.00 0.00 0.00 0.00 0.04 0.03 0.28 0.29 0.26 0.27 0.50 0.38 0.48 0.48 0.56 0.60 0.62 0.63 0.64 0.66 0.69 0.78 1.14 1.09 1.12 1.11 1.30 1.24 1.22 1.19 1.10 1.06 1.12 1.06 0.95 0.92 0.87 0.89 1.02 0.92 0.81 0.77 0.59 0.59 0.47 0.43 0.31 0.19 0.11 0.07 0.07 0.05 0.03 0.00 0.00 0.00 0.00
0.00 0.00 0.00 0.00 0.00 0.00 0.00 0.00 0.00 0.00 0.00 0.00 0.00 0.00 0.00 0.00 0.00 0.00 0.00 0.00 0.00 0.00 0.00 0.00 0.00 0.00 0.00 0.00 0.00 0.00 0.00 0.03 0.02 0.32 0.34 0.32 0.34 0.50 0.48 0.46 0.53 0.55 0.58 0.69 0.66 0.66 0.66 0.68 0.77 1.14 1.11 1.14 1.16 1.29 1.27 1.24 1.21 1.11 1.09 1.14 1.10 0.96 0.90 0.85 0.84 0.97 0.89 0.82 0.79 0.61 0.61 0.48 0.44 0.39 0.34 0.21 0.14 0.15 0.08 0.03 0.00 0.00 0.00 0.00
0.00 0.00 0.00 0.00 0.00 0.00 0.00 0.00 0.00 0.00 0.00 0.00 0.00 0.00 0.00 0.00 0.00 0.00 0.00 0.00 0.00 0.00 0.00 0.00 0.00 0.00 0.00 0.00 0.00 0.00 0.00 0.04 0.03 0.40 0.39 0.41 0.40 0.55 0.53 0.50 0.50 0.52 0.58 0.69 0.68 0.67 0.70 0.72 0.76 1.17 1.14 1.19 1.15 1.34 1.28 1.27 1.24 1.12 1.12 1.16 1.10 0.95 0.92 0.83 0.81 0.99 0.92 0.85 0.83 0.59 0.63 0.46 0.40 0.42 0.39 0.30 0.17 0.19 0.10 0.05 0.02 0.00 0.00 0.00
0.00 0.00 0.00 0.00 0.00 0.00 0.00 0.00 0.00 0.00 0.00 0.00 0.00 0.00 0.00 0.00 0.00 0.00 0.00 0.00 0.00 0.00 0.00 0.00 0.00 0.00 0.00 0.00 0.00 0.01 0.03 0.07 0.09 0.54 0.50 0.52 0.54 0.59 0.60 0.58 0.62 0.67 0.77 0.89 0.90 0.82 0.92 0.84 0.95 1.33 1.33 1.39 1.33 1.45 1.37 1.33 1.29 1.16 1.18 1.22 1.15 0.98 0.92 0.80 0.76 0.91 0.87 0.76 0.80 0.55 0.55 0.38 0.34 0.40 0.38 0.32 0.22 0.20 0.14 0.09 0.01 0.00 0.00 0.00
0.00 0.00 0.00 0.00 0.00 0.00 0.00 0.00 0.00 0.00 0.00 0.00 0.00 0.00 0.00 0.00 0.00 0.00 0.00 0.00 0.00 0.00 0.00 0.00 0.00 0.00 0.00 0.00 0.00 0.01 0.02 0.08 0.09 0.58 0.54 0.55 0.56 0.59 0.61 0.65 0.71 0.76 0.82 0.89 0.94 0.84 0.95 0.86 0.93 1.35 1.33 1.36 1.34 1.43 1.34 1.31 1.27 1.17 1.18 1.20 1.15 0.96 0.89 0.75 0.72 0.92 0.88 0.74 0.77 0.51 0.53 0.43 0.40 0.43 0.38 0.36 0.28 0.22 0.16 0.08 0.00 0.00 0.00 0.00
0.00 0.00 0.00 0.00 0.00 0.00 0.00 0.00 0.00 0.00 0.00 0.00 0.00 0.00 0.00 0.00 0.00 0.00 0.00 0.00 0.00 0.00 0.00 0.00 0.00 0.00 0.00 0.00 0.01 0.04 0.05 0.10 0.10 0.52 0.54 0.48 0.49 0.58 0.57 0.64 0.71 0.77 0.80 0.87 0.92 0.90 0.97 0.89 0.96 1.34 1.32 1.33 1.33 1.46 1.36 1.34 1.27 1.19 1.16 1.18 1.13 0.92 0.87 0.73 0.70 0.93 0.89 0.76 0.79 0.54 0.58 0.49 0.45 0.48 0.44 0.39 0.27 0.23 0.15 0.06 0.00 0.00 0.00 0.00
0.00 0.00 0.00 0.00 0.00 0.00 0.00 0.00 0.00 0.00 0.00 0.00 0.00 0.00 0.00 0.00 0.00 0.00 0.00 0.00 0.00 0.00 0.00 0.00 0.00 0.00 0.00 0.02 0.05 0.07 0.09 0.14 0.12 0.53 0.51 0.55 0.57 0.59 0.63 0.62 0.69 0.77 0.78 0.85 0.91 0.91 0.94 0.91 0.97 1.33 1.34 1.33 1.32 1.44 1.39 1.33 1.29 1.15 1.12 1.14 1.09 0.89 0.86 0.73 0.70 0.92 0.87 0.75 0.76 0.56 0.59 0.47 0.45 0.47 0.43 0.39 0.28 0.23 0.17 0.08 0.02 0.00 0.00 0.00
0.00 0.00 0.00 0.00 0.00 0.00 0.00 0.00 0.00 0.00 0.00 0.00 0.00 0.00 0.00 0.00 0.00 0.00 0.00 0.00 0.00 0.00 0.00 0.00 0.04 0.19 0.20 0.20 0.23 0.32 0.31 0.32 0.30 0.75 0.75 0.76 0.80 0.83 0.90 0.86 0.95 1.00 1.05 1.10 1.14 1.13 1.17 1.14 1.18 1.55 1.51 1.55 1.50 1.60 1.54 1.49 1.39 1.22 1.16 1.13 1.05 0.86 0.77 0.67 0.65 0.84 0.77 0.68 0.64 0.47 0.49 0.29 0.29 0.34 0.29 0.26 0.22 0.18 0.14 0.07 0.01 0.00 0.00 0.00
0.00 0.00 0.00 0.00 0.00 0.00 0.00 0.00 0.00 0.00 0.00 0.00 0.00 0.00 0.00 0.00 0.00 0.00 0.00 0.00 0.00 0.00 0.00 0.00 0.01 0.25 0.26 0.28 0.31 0.45 0.43 0.41 0.47 0.86 0.81 0.86 0.86 0.92 0.93 0.97 1.03 1.04 1.08 1.14 1.18 1.19 1.22 1.18 1.16 1.44 1.56 1.61 1.58 1.62 1.55 1.50 1.42 1.28 1.20 1.14 1.09 0.86 0.81 0.70 0.63 0.79 0.73 0.67 0.63 0.47 0.50 0.31 0.30 0.31 0.28 0.25 0.22 0.19 0.15 0.07 0.01 0.00 0.00 0.00
0.00 0.00 0.00 0.00 0.00 0.00 0.00 0.00 0.00 0.00 0.00 0.00 0.00 0.00 0.00 0.00 0.00 0.00 0.00 0.00 0.00 0.00 0.00 0.05 0.03 0.27 0.31 0.36 0.36 0.43 0.50 0.45 0.51 0.85 0.84 0.88 0.89 0.94 0.98 1.02 1.06 1.10 1.10 1.12 1.16 1.19 1.21 1.17 1.21 1.46 1.49 1.54 1.56 1.57 1.51 1.49 1.43 1.29 1.23 1.14 1.13 0.88 0.82 0.71 0.66 0.76 0.73 0.68 0.66 0.50 0.51 0.36 0.34 0.33 0.27 0.25 0.23 0.20 0.16 0.08 0.02 0.00 0.00 0.00
0.00 0.00 0.00 0.00 0.00 0.00 0.00 0.00 0.00 0.00 0.00 0.00 0.00 0.00 0.00 0.00 0.00 0.00 0.00 0.00 0.00 0.01 0.01 0.08 0.10 0.38 0.41 0.48 0.49 0.48 0.56 0.45 0.52 0.90 0.90 0.91 0.93 1.01 0.99 1.02 1.06 1.09 1.13 1.12 1.11 1.19 1.23 1.20 1.22 1.51 1.53 1.56 1.50 1.52 1.47 1.51 1.45 1.31 1.25 1.19 1.16 0.80 0.76 0.71 0.67 0.76 0.73 0.67 0.63 0.48 0.49 0.37 0.34 0.35 0.32 0.28 0.23 0.19 0.16 0.07 0.02 0.00 0.00 0.00
0.00 0.00 0.00 0.00 0.00 0.00 0.00 0.00 0.00 0.00 0.00 0.00 0.00 0.00 0.00 0.00 0.00 0.00 0.00 0.01 0.02 0.04 0.07 0.15 0.14 0.51 0.55 0.61 0.57 0.67 0.69 0.79 0.75 1.09 1.11 1.11 1.11 1.14 1.11 1.06 1.10 1.14 1.18 1.19 1.20 1.26 1.34 1.27 1.26 1.52 1.50 1.47 1.39 1.40 1.36 1.38 1.30 1.18 1.13 1.09 1.09 0.71 0.67 0.64 0.62 0.71 0.69 0.64 0.63 0.51 0.51 0.45 0.40 0.38 0.37 0.38 0.26 0.24 0.19 0.09 0.05 0.00 0.00 0.00
0.00 0.00 0.00 0.00 0.00 0.00 0.00 0.00 0.00 0.00 0.00 0.00 0.00 0.00 0.00 0.00 0.00 0.02 0.03 0.01 0.06 0.07 0.11 0.17 0.16 0.60 0.59 0.62 0.61 0.68 0.73 0.76 0.78 1.20 1.11 1.14 1.15 1.16 1.13 1.09 1.08 1.11 1.15 1.18 1.20 1.25 1.24 1.24 1.22 1.49 1.51 1.44 1.39 1.40 1.34 1.36 1.28 1.14 1.10 1.06 1.04 0.67 0.66 0.63 0.61 0.70 0.68 0.66 0.64 0.53 0.54 0.46 0.41 0.41 0.39 0.39 0.29 0.25 0.20 0.10 0.06 0.00 0.00 0.00
0.00 0.00 0.00 0.00 0.00 0.00 0.00 0.00 0.00 0.00 0.00 0.00 0.00 0.00 0.00 0.00 0.00 0.03 0.05 0.03 0.08 0.10 0.13 0.17 0.21 0.62 0.64 0.60 0.65 0.69 0.70 0.77 0.79 1.20 1.18 1.15 1.11 1.13 1.11 1.08 1.08 1.06 1.12 1.13 1.17 1.21 1.20 1.22 1.25 1.48 1.48 1.40 1.36 1.36 1.31 1.33 1.24 1.11 1.09 1.06 1.03 0.71 0.70 0.70 0.63 0.73 0.71 0.66 0.64 0.54 0.55 0.50 0.44 0.45 0.40 0.42 0.33 0.29 0.22 0.15 0.11 0.00 0.00 0.00
0.00 0.00 0.00 0.00 0.00 0.00 0.00 0.00 0.00 0.00 0.00 0.00 0.00 0.00 0.00 0.00 0.00 0.03 0.07 0.07 0.12 0.13 0.15 0.22 0.26 0.63 0.67 0.61 0.67 0.71 0.70 0.77 0.81 1.24 1.16 1.16 1.18 1.10 1.12 1.10 1.12 1.12 1.12 1.15 1.14 1.16 1.16 1.11 1.22 1.48 1.49 1.39 1.38 1.36 1.31 1.30 1.21 1.12 1.08 1.04 1.03 0.72 0.71 0.69 0.65 0.73 0.72 0.67 0.65 0.57 0.57 0.52 0.47 0.47 0.44 0.45 0.36 0.34 0.27 0.20 0.14 0.00 0.00 0.00
0.00 0.00 0.00 0.00 0.00 0.00 0.00 0.00 0.00 0.00 0.00 0.00 0.00 0.00 0.00 0.00 0.00 0.05 0.08 0.07 0.14 0.11 0.15 0.22 0.24 0.64 0.60 0.68 0.67 0.73 0.69 0.80 0.74 1.12 1.11 1.10 1.14 1.05 1.08 1.03 1.06 1.04 1.04 1.04 1.06 1.07 1.08 1.03 1.06 1.28 1.30 1.25 1.21 1.22 1.19 1.18 1.12 1.00 0.93 0.89 0.87 0.70 0.67 0.69 0.64 0.70 0.67 0.64 0.63 0.56 0.56 0.52 0.47 0.48 0.42 0.45 0.35 0.32 0.29 0.24 0.19 0.00 0.00 0.00
0.00 0.00 0.00 0.00 0.00 0.00 0.00 0.00 0.00 0.00 0.00 0.00 0.00 0.00 0.00 0.00 0.00 0.08 0.10 0.11 0.15 0.17 0.19 0.24 0.25 0.66 0.67 0.69 0.69 0.72 0.73 0.78 0.77 1.11 1.13 1.13 1.14 1.07 1.08 1.04 1.06 1.03 1.03 1.06 1.08 1.11 1.10 1.03 1.02 1.24 1.26 1.22 1.17 1.22 1.15 1.16 1.10 0.96 0.93 0.87 0.83 0.70 0.68 0.66 0.65 0.72 0.70 0.65 0.64 0.58 0.58 0.56 0.52 0.50 0.44 0.47 0.35 0.38 0.29 0.23 0.20 0.00 0.00 0.00
0.00 0.00 0.00 0.00 0.00 0.00 0.00 0.00 0.00 0.00 0.00 0.00 0.00 0.00 0.00 0.00 0.00 0.09 0.12 0.13 0.19 0.19 0.24 0.29 0.33 0.74 0.70 0.70 0.72 0.74 0.75 0.80 0.84 1.16 1.15 1.20 1.17 1.18 1.16 1.11 1.06 1.03 1.00 1.03 1.08 1.09 1.13 1.06 1.06 1.23 1.25 1.19 1.13 1.20 1.14 1.14 1.09 0.95 0.94 0.86 0.85 0.68 0.65 0.67 0.67 0.74 0.74 0.69 0.67 0.63 0.63 0.59 0.56 0.50 0.46 0.47 0.38 0.41 0.28 0.24 0.19 0.00 0.00 0.00
0.00 0.00 0.00 0.00 0.00 0.00 0.00 0.00 0.00 0.00 0.00 0.00 0.00 0.00 0.00 0.00 0.00 0.10 0.15 0.18 0.21 0.22 0.25 0.29 0.37 0.71 0.67 0.70 0.72 0.78 0.76 0.84 0.86 1.12 1.16 1.19 1.18 1.15 1.17 1.11 1.12 1.07 1.06 1.04 1.04 1.08 1.09 1.09 1.11 1.22 1.23 1.18 1.12 1.20 1.15 1.13 1.07 0.94 0.92 0.86 0.85 0.71 0.67 0.70 0.69 0.78 0.76 0.69 0.67 0.64 0.63 0.59 0.55 0.54 0.50 0.47 0.39 0.42 0.32 0.27 0.22 0.00 0.00 0.00
0.00 0.00 0.00 0.00 0.00 0.00 0.00 0.00 0.00 0.00 0.00 0.00 0.00 0.00 0.00 0.00 0.00 0.10 0.16 0.17 0.22 0.26 0.29 0.35 0.52 0.78 0.77 0.74 0.77 0.86 0.86 0.92 0.95 1.18 1.18 1.16 1.14 1.16 1.14 1.19 1.13 1.15 1.13 1.12 1.07 1.10 1.11 1.09 1.12 1.22 1.22 1.17 1.11 1.17 1.11 1.12 1.07 0.96 0.93 0.87 0.87 0.77 0.72 0.77 0.75 0.83 0.80 0.76 0.73 0.67 0.67 0.63 0.62 0.58 0.55 0.53 0.48 0.48 0.39 0.32 0.24 0.00 0.00 0.00
0.00 0.00 0.00 0.00 0.00 0.00 0.00 0.00 0.00 0.00 0.00 0.00 0.00 0.00 0.00 0.00 0.00 0.12 0.17 0.19 0.23 0.31 0.31 0.40 0.55 0.79 0.76 0.75 0.79 0.86 0.87 0.95 0.97 1.21 1.20 1.16 1.16 1.10 1.14 1.16 1.15 1.14 1.12 1.13 1.10 1.09 1.12 1.06 1.14 1.16 1.25 1.18 1.11 1.14 1.12 1.11 1.05 0.93 0.90 0.90 0.86 0.78 0.74 0.80 0.77 0.86 0.84 0.77 0.75 0.67 0.66 0.64 0.62 0.58 0.55 0.52 0.45 0.45 0.36 0.31 0.22 0.00 0.00 0.00
0.00 0.00 0.00 0.00 0.00 0.00 0.00 0.00 0.00 0.00 0.00 0.00 0.00 0.00 0.00 0.00 0.01 0.14 0.18 0.19 0.29 0.35 0.36 0.43 0.54 0.72 0.74 0.74 0.79 0.86 0.87 0.92 0.95 1.14 1.16 1.13 1.15 1.16 1.18 1.19 1.20 1.19 1.15 1.12 1.04 1.02 1.05 1.05 1.14 1.19 1.19 1.12 1.11 1.14 1.11 1.09 1.04 0.92 0.91 0.89 0.89 0.79 0.77 0.81 0.78 0.89 0.86 0.82 0.77 0.69 0.66 0.64 0.63 0.57 0.53 0.51 0.44 0.42 0.36 0.29 0.19 0.00 0.00 0.00
0.00 0.00 0.00 0.00 0.00 0.00 0.00 0.00 0.00 0.00 0.00 0.00 0.00 0.00 0.00 0.00 0.01 0.16 0.21 0.26 0.32 0.39 0.46 0.52 0.56 0.76 0.73 0.77 0.77 0.83 0.89 0.94 0.97 1.12 1.12 1.16 1.11 1.17 1.17 1.22 1.19 1.20 1.15 1.11 1.02 1.03 1.05 1.08 1.12 1.12 1.14 1.10 1.05 1.08 1.10 1.07 1.06 0.90 0.91 0.91 0.87 0.78 0.77 0.80 0.80 0.88 0.89 0.83 0.81 0.69 0.66 0.64 0.64 0.55 0.52 0.51 0.42 0.39 0.32 0.28 0.19 0.00 0.00 0.00
0.00 0.00 0.00 0.00 0.00 0.00 0.00 0.00 0.00 0.00 0.00 0.00 0.00 0.00 0.00 0.00 0.02 0.20 0.25 0.28 0.31 0.49 0.50 0.53 0.55 0.71 0.70 0.72 0.74 0.82 0.90 0.94 0.96 1.07 1.08 1.09 1.05 1.13 1.14 1.15 1.09 1.14 1.11 1.05 1.03 1.03 1.05 1.05 1.07 1.14 1.15 1.13 1.06 1.06 1.07 1.06 1.01 0.87 0.85 0.83 0.81 0.76 0.75 0.79 0.78 0.84 0.84 0.77 0.75 0.65 0.63 0.60 0.60 0.51 0.48 0.43 0.32 0.27 0.22 0.17 0.13 0.00 0.00 0.00
0.00 0.00 0.00 0.00 0.00 0.00 0.00 0.00 0.00 0.00 0.00 0.00 0.00 0.00 0.00 0.04 0.03 0.20 0.26 0.29 0.31 0.49 0.49 0.56 0.56 0.72 0.72 0.74 0.75 0.89 0.91 0.92 0.93 1.08 1.04 1.05 1.05 1.03 1.07 1.08 1.08 1.13 1.12 1.06 1.07 1.12 1.07 1.03 1.05 1.11 1.10 1.07 1.04 1.02 1.03 1.03 0.97 0.86 0.85 0.84 0.82 0.77 0.77 0.80 0.77 0.83 0.82 0.80 0.77 0.67 0.65 0.61 0.58 0.50 0.49 0.41 0.31 0.26 0.22 0.16 0.12 0.00 0.00 0.00
0.00 0.00 0.00 0.00 0.00 0.00 0.00 0.00 0.00 0.00 0.00 0.00 0.00 0.00 0.05 0.07 0.06 0.26 0.29 0.37 0.33 0.46 0.48 0.50 0.52 0.73 0.78 0.80 0.79 0.93 0.96 0.98 0.92 1.10 1.10 1.09 1.02 1.05 1.06 1.04 1.08 1.10 1.07 1.02 1.05 1.02 1.03 1.00 1.01 1.12 1.01 1.04 1.00 0.98 0.95 0.93 0.90 0.85 0.84 0.84 0.82 0.82 0.79 0.80 0.79 0.86 0.86 0.86 0.81 0.73 0.70 0.66 0.65 0.51 0.46 0.39 0.27 0.24 0.22 0.14 0.11 0.00 0.00 0.00
0.00 0.00 0.00 0.00 0.00 0.00 0.00 0.00 0.00 0.00 0.00 0.00 0.02 0.05 0.09 0.10 0.11 0.31 0.37 0.42 0.42 0.51 0.49 0.50 0.51 0.73 0.78 0.76 0.83 0.91 0.92 0.95 0.97 1.08 1.11 1.08 1.04 1.08 1.08 1.13 1.12 1.10 1.05 0.99 0.96 1.02 0.96 0.99 0.96 1.05 1.03 1.02 1.02 0.97 0.92 0.89 0.88 0.86 0.83 0.83 0.82 0.78 0.80 0.83 0.82 0.87 0.86 0.86 0.83 0.68 0.70 0.64 0.63 0.51 0.47 0.41 0.30 0.26 0.22 0.14 0.11 0.00 0.00 0.00
0.00 0.00 0.00 0.00 0.00 0.00 0.00 0.00 0.00 0.00 0.00 0.03 0.06 0.12 0.13 0.14 0.21 0.41 0.45 0.49 0.52 0.61 0.64 0.69 0.69 0.90 0.94 0.99 0.92 1.01 1.01 1.06 1.03 1.22 1.17 1.17 1.12 1.14 1.17 1.18 1.18 1.12 1.08 1.03 1.02 1.06 1.02 0.99 0.98 1.12 1.08 1.06 1.08 0.99 0.96 0.91 0.88 0.84 0.82 0.82 0.83 0.80 0.83 0.84 0.83 0.91 0.90 0.87 0.87 0.78 0.74 0.68 0.63 0.50 0.48 0.37 0.27 0.22 0.19 0.11 0.07 0.00 0.00 0.00
