QPF/QPF_202208082200-70.txt
ncols 525
nrows 625
xllcorner -31082
yllcorner 11395
cellsize 1000.0
NODATA_value -9999.0
[rows 216 to 251 of 625, columns 246 to 327 of 525]
12.91 13.98 14.50 15.50 16.43 16.23 14.70 15.73 14.74 13.72 11.36 9.91 11.14 11.56 11.64 11.39 10.73 7.90 5.97 4.10 3.27 2.69 2.31 2.45 2.26 2.07 2.13 1.78 2.00 2.36 2.49 3.26 3.31 3.24 3.26 3.39 3.45 3.76 3.91 4.28 4.21 4.05 4.44 4.25 4.38 4.56 4.95 4.95 5.10 4.97 5.00 5.38 5.19 5.60 5.46 5.18 5.29 5.00 4.81 4.85 5.10 5.11 4.95 4.57 4.29 4.45 4.28 4.28 4.43 4.08 3.76 2.98 2.95 2.88 2.68 2.77 2.82 2.71 2.68 2.63 2.78 2.91
8.97 8.77 9.36 10.28 9.96 9.66 11.27 12.58 11.43 10.51 9.45 9.37 9.02 9.02 7.97 8.99 7.31 5.64 4.72 3.53 2.99 2.77 2.56 2.60 2.46 2.16 2.08 1.77 1.91 2.08 2.22 2.95 3.01 3.02 3.28 3.44 3.50 3.67 3.75 4.15 4.03 4.05 4.25 4.22 4.40 4.60 4.82 4.98 4.91 4.82 4.98 5.08 5.25 5.17 5.31 5.10 5.03 4.88 4.47 4.43 4.60 4.59 4.41 4.04 3.90 3.85 3.67 3.65 3.45 3.19 3.16 2.54 2.49 2.45 2.31 2.47 2.50 2.53 2.62 2.53 2.64 2.74
6.77 7.04 6.81 7.74 7.72 7.84 8.68 11.55 10.47 10.62 9.67 9.26 8.89 8.25 7.31 7.74 6.15 4.69 4.09 3.01 2.66 2.65 2.47 2.38 2.23 1.94 1.82 1.62 1.66 1.83 2.03 2.76 2.84 2.82 2.87 2.93 3.33 3.51 3.70 3.82 3.70 3.91 4.22 4.05 4.26 4.52 4.65 4.62 4.59 4.75 4.47 4.97 5.14 5.13 5.14 5.14 4.62 4.62 4.44 4.14 4.20 4.53 4.38 3.88 3.72 3.59 3.53 3.28 3.03 2.79 2.85 2.43 2.26 2.24 2.17 2.31 2.25 2.30 2.38 2.29 2.37 2.42
7.73 6.84 7.18 7.40 7.11 9.44 8.23 9.79 8.95 9.48 8.82 8.55 8.22 8.66 7.70 7.53 6.59 4.95 4.76 3.10 2.70 2.63 2.36 2.35 2.17 1.89 1.78 1.70 1.76 2.01 2.34 2.84 2.89 2.92 3.19 3.25 3.57 3.79 3.85 3.73 3.51 3.50 3.90 3.74 3.91 4.01 4.11 4.11 3.98 4.08 4.13 4.50 4.47 4.48 4.28 4.39 4.16 4.25 4.16 3.89 3.93 4.04 3.65 3.05 2.98 2.77 2.66 2.40 2.17 1.98 1.99 1.72 1.67 1.67 1.67 1.82 1.86 1.96 2.02 2.00 1.99 2.03
6.03 6.31 7.07 7.37 7.26 8.89 7.80 8.32 7.92 8.24 7.67 7.02 6.39 6.74 6.23 6.30 5.40 3.97 3.84 2.47 2.29 2.25 2.05 2.03 1.88 1.62 1.53 1.45 1.44 1.67 1.90 2.38 2.39 2.36 2.47 2.77 3.03 3.42 3.53 3.49 3.20 2.94 3.23 3.51 3.70 3.72 3.83 3.81 3.72 3.84 3.80 4.24 4.27 4.11 4.02 4.15 3.90 4.05 3.86 3.64 3.62 3.50 3.23 2.90 2.59 2.47 2.41 2.06 1.96 1.69 1.73 1.56 1.49 1.49 1.47 1.62 1.71 1.73 1.76 1.75 1.86 1.88
8.35 8.72 9.36 9.15 8.69 9.18 9.03 9.03 8.22 8.90 7.97 7.20 6.48 5.82 4.88 3.98 3.50 2.58 2.24 1.58 1.43 1.36 1.30 1.40 1.31 1.24 1.18 1.12 1.11 1.28 1.40 1.81 1.87 1.81 1.84 2.15 2.33 2.56 2.85 2.96 2.79 2.60 2.78 2.99 3.42 3.41 3.53 3.57 3.69 3.69 3.71 4.28 3.99 3.83 3.83 3.94 3.68 3.85 3.68 3.31 3.32 3.04 3.05 2.74 2.46 2.25 2.07 1.84 1.74 1.49 1.47 1.36 1.39 1.42 1.33 1.49 1.56 1.52 1.56 1.62 1.58 1.62
7.34 7.84 7.62 7.06 6.84 7.39 7.58 7.70 6.90 7.42 7.01 5.84 5.48 4.86 4.14 3.28 2.82 2.05 1.79 1.16 0.99 0.98 0.95 1.06 0.99 0.95 0.93 0.82 0.86 1.00 1.11 1.65 1.71 1.73 1.77 1.97 2.14 2.35 2.51 2.80 2.65 2.51 2.52 2.60 3.13 3.12 3.28 3.45 3.51 3.56 3.52 3.77 3.62 3.50 3.34 3.45 3.45 3.45 3.37 3.00 2.93 2.90 2.81 2.33 2.22 2.05 1.84 1.77 1.63 1.42 1.27 1.13 1.22 1.28 1.27 1.34 1.39 1.36 1.43 1.49 1.50 1.55
6.94 7.80 7.82 8.21 7.60 7.55 7.21 6.15 5.35 5.03 5.16 3.93 4.11 3.47 3.27 2.52 2.25 1.69 1.64 1.07 0.89 0.84 0.80 0.76 0.71 0.63 0.59 0.48 0.54 0.61 0.69 0.99 0.99 1.03 1.07 1.32 1.49 1.63 1.84 2.25 2.27 2.22 2.34 2.44 2.78 2.87 3.05 3.32 3.27 3.26 3.15 3.24 3.07 2.97 2.78 2.92 2.87 2.61 2.42 2.34 2.40 2.44 2.28 1.79 1.76 1.54 1.39 1.36 1.27 1.22 1.08 0.80 0.82 0.91 0.86 0.88 0.90 0.87 0.93 0.98 1.00 1.03
6.30 7.04 7.07 7.38 7.30 6.86 6.64 4.96 4.66 4.46 4.43 3.35 3.17 2.74 2.50 1.83 1.68 1.20 1.00 0.71 0.57 0.57 0.55 0.55 0.56 0.47 0.42 0.32 0.37 0.46 0.55 0.84 0.88 0.94 0.95 1.21 1.36 1.46 1.71 1.99 2.07 2.16 2.21 2.20 2.44 2.59 2.90 3.00 3.01 3.05 2.88 2.89 2.79 2.77 2.59 2.62 2.53 2.30 2.22 2.14 2.32 2.17 2.04 1.59 1.63 1.51 1.41 1.29 1.15 1.10 1.06 0.75 0.72 0.74 0.75 0.81 0.84 0.80 0.82 0.95 1.01 0.92
5.16 5.47 5.53 5.55 5.61 5.61 5.91 4.17 3.85 3.71 3.34 2.50 2.38 2.17 1.98 1.52 1.33 0.98 1.11 0.60 0.41 0.39 0.39 0.33 0.32 0.23 0.20 0.18 0.23 0.34 0.46 0.73 0.84 0.91 0.93 1.22 1.33 1.43 1.66 1.83 1.96 2.11 2.05 1.99 2.03 2.37 2.57 2.89 2.83 2.84 2.75 2.65 2.53 2.48 2.39 2.37 2.38 2.21 2.18 2.03 2.10 2.04 1.94 1.61 1.54 1.43 1.35 1.21 1.15 1.06 0.97 0.66 0.60 0.58 0.66 0.73 0.82 0.73 0.74 0.90 0.84 0.82
4.53 4.71 4.82 4.72 4.63 4.85 5.06 3.71 3.26 2.91 2.58 1.86 1.92 1.67 1.83 1.43 1.02 0.72 0.44 0.16 0.12 0.13 0.12 0.11 0.11 0.08 0.06 0.06 0.08 0.23 0.37 0.58 0.70 0.80 0.82 1.13 1.28 1.38 1.53 1.69 1.87 1.97 1.95 1.93 1.92 2.22 2.44 2.71 2.74 2.73 2.62 2.43 2.42 2.30 2.29 2.26 2.30 2.21 2.20 2.09 2.00 1.82 1.83 1.50 1.45 1.27 1.34 1.19 1.04 0.95 0.88 0.54 0.44 0.40 0.48 0.69 0.70 0.66 0.63 0.80 0.84 0.80
3.94 4.13 4.44 4.32 4.54 4.81 4.70 3.06 2.61 1.88 1.44 0.93 0.78 0.53 0.31 0.06 0.01 0.00 0.00 0.00 0.00 0.00 0.00 0.00 0.00 0.00 0.00 0.00 0.00 0.05 0.15 0.41 0.53 0.67 0.73 0.98 1.05 1.15 1.34 1.55 1.66 1.76 1.70 1.74 1.90 2.11 2.28 2.59 2.64 2.60 2.46 2.35 2.30 2.24 2.13 2.02 1.94 1.91 1.91 1.70 1.70 1.51 1.56 1.28 1.27 1.12 1.10 0.89 0.75 0.63 0.52 0.35 0.27 0.23 0.19 0.25 0.29 0.38 0.41 0.51 0.53 0.55
3.57 3.82 4.08 3.72 3.58 3.86 3.66 2.41 2.14 1.62 1.20 0.74 0.58 0.40 0.26 0.05 0.00 0.00 0.00 0.00 0.00 0.00 0.00 0.00 0.00 0.00 0.00 0.00 0.00 0.04 0.17 0.43 0.53 0.66 0.73 0.90 0.98 1.05 1.18 1.35 1.50 1.57 1.57 1.69 1.68 1.97 1.99 2.33 2.15 2.21 2.13 2.09 2.01 1.91 1.83 1.68 1.70 1.67 1.66 1.44 1.40 1.31 1.33 1.13 1.11 0.90 0.86 0.69 0.64 0.57 0.45 0.26 0.22 0.16 0.13 0.19 0.22 0.31 0.33 0.44 0.46 0.48
3.22 3.45 3.82 3.23 3.01 3.21 3.08 1.72 1.55 1.26 1.05 0.65 0.51 0.38 0.23 0.07 0.01 0.00 0.00 0.00 0.00 0.00 0.00 0.00 0.00 0.00 0.00 0.00 0.01 0.13 0.22 0.42 0.50 0.62 0.69 0.80 0.88 0.98 1.09 1.34 1.37 1.47 1.46 1.59 1.53 1.52 1.74 1.98 2.18 2.10 2.07 1.85 1.81 1.72 1.63 1.61 1.63 1.54 1.56 1.29 1.32 1.28 1.16 0.97 0.96 0.80 0.81 0.63 0.63 0.51 0.34 0.12 0.12 0.10 0.06 0.04 0.10 0.18 0.23 0.39 0.43 0.34
2.96 3.19 3.39 2.74 2.65 2.88 2.89 1.29 1.17 0.85 0.63 0.37 0.34 0.23 0.11 0.02 0.00 0.00 0.00 0.00 0.00 0.00 0.00 0.00 0.00 0.01 0.01 0.03 0.05 0.17 0.26 0.42 0.52 0.61 0.65 0.69 0.70 0.81 0.93 1.11 1.11 1.25 1.42 1.48 1.30 1.20 1.37 1.73 1.92 1.80 1.80 1.48 1.51 1.46 1.42 1.46 1.35 1.29 1.22 1.03 1.07 1.05 0.98 0.79 0.77 0.67 0.59 0.55 0.53 0.47 0.40 0.04 0.04 0.01 0.01 0.01 0.01 0.05 0.12 0.34 0.36 0.32
2.06 2.20 2.39 2.26 2.15 1.97 2.06 0.84 0.73 0.45 0.46 0.10 0.06 0.03 0.00 0.00 0.00 0.00 0.00 0.00 0.00 0.00 0.00 0.00 0.01 0.04 0.04 0.08 0.12 0.23 0.36 0.50 0.56 0.61 0.64 0.61 0.53 0.51 0.68 0.74 0.73 0.79 1.02 1.05 0.86 0.87 0.92 1.16 1.11 1.05 1.13 0.65 0.67 0.61 0.57 0.65 0.62 0.62 0.56 0.43 0.40 0.34 0.37 0.19 0.19 0.11 0.10 0.09 0.08 0.06 0.13 0.00 0.00 0.00 0.00 0.00 0.00 0.00 0.01 0.05 0.05 0.05
1.69 1.98 2.29 1.79 1.71 1.58 1.65 0.50 0.61 0.18 0.20 0.02 0.01 0.00 0.00 0.00 0.00 0.00 0.00 0.00 0.00 0.00 0.00 0.01 0.01 0.05 0.07 0.13 0.16 0.23 0.33 0.42 0.49 0.54 0.58 0.51 0.42 0.40 0.42 0.67 0.71 0.71 0.82 0.95 0.85 0.81 0.96 1.01 0.86 0.89 0.99 0.55 0.50 0.48 0.50 0.57 0.56 0.53 0.56 0.39 0.37 0.30 0.30 0.13 0.10 0.07 0.06 0.06 0.02 0.01 0.02 0.00 0.00 0.00 0.00 0.00 0.00 0.00 0.00 0.01 0.01 0.01
1.33 1.32 1.30 1.21 1.15 1.11 1.14 0.15 0.14 0.01 0.00 0.00 0.00 0.00 0.00 0.00 0.00 0.00 0.00 0.00 0.00 0.01 0.01 0.03 0.05 0.10 0.13 0.21 0.21 0.26 0.31 0.35 0.39 0.45 0.48 0.41 0.29 0.27 0.28 0.52 0.58 0.49 0.63 0.89 0.81 0.70 0.74 0.80 0.67 0.59 0.75 0.35 0.34 0.37 0.37 0.54 0.42 0.39 0.42 0.29 0.29 0.23 0.17 0.04 0.04 0.04 0.02 0.02 0.01 0.01 0.03 0.00 0.00 0.00 0.00 0.00 0.00 0.00 0.00 0.01 0.01 0.01
1.32 1.30 1.27 1.05 0.98 0.84 1.05 0.04 0.06 0.00 0.00 0.00 0.00 0.00 0.00 0.00 0.00 0.00 0.00 0.00 0.00 0.03 0.05 0.08 0.08 0.13 0.16 0.26 0.27 0.28 0.31 0.32 0.33 0.35 0.41 0.38 0.28 0.28 0.28 0.40 0.41 0.43 0.38 0.71 0.71 0.60 0.56 0.72 0.56 0.46 0.45 0.19 0.21 0.25 0.24 0.37 0.31 0.27 0.27 0.14 0.24 0.18 0.17 0.01 0.01 0.01 0.01 0.01 0.01 0.00 0.00 0.00 0.00 0.00 0.00 0.00 0.00 0.00 0.00 0.00 0.00 0.00
1.77 1.56 1.42 1.12 0.93 0.82 0.96 0.04 0.09 0.00 0.00 0.00 0.00 0.00 0.00 0.00 0.00 0.00 0.00 0.04 0.05 0.10 0.12 0.14 0.13 0.17 0.22 0.30 0.32 0.34 0.33 0.27 0.26 0.24 0.24 0.20 0.15 0.13 0.12 0.17 0.22 0.22 0.22 0.37 0.44 0.32 0.33 0.39 0.28 0.22 0.22 0.06 0.10 0.20 0.16 0.21 0.19 0.12 0.11 0.08 0.06 0.02 0.04 0.00 0.00 0.00 0.00 0.00 0.00 0.00 0.00 0.00 0.00 0.00 0.00 0.00 0.00 0.00 0.00 0.00 0.00 0.00
1.60 1.40 1.29 0.95 0.71 0.63 0.68 0.00 0.00 0.00 0.00 0.00 0.00 0.00 0.01 0.00 0.01 0.02 0.02 0.04 0.06 0.09 0.10 0.14 0.13 0.19 0.22 0.29 0.29 0.31 0.30 0.20 0.19 0.19 0.19 0.14 0.14 0.13 0.16 0.16 0.20 0.21 0.20 0.29 0.32 0.27 0.24 0.23 0.28 0.17 0.18 0.02 0.01 0.04 0.09 0.16 0.14 0.07 0.07 0.04 0.03 0.01 0.00 0.00 0.00 0.00 0.00 0.00 0.00 0.00 0.00 0.00 0.00 0.00 0.00 0.00 0.00 0.00 0.00 0.00 0.00 0.00
1.42 1.08 1.02 0.49 0.41 0.41 0.42 0.01 0.00 0.00 0.01 0.01 0.01 0.04 0.06 0.09 0.09 0.12 0.14 0.17 0.19 0.23 0.19 0.23 0.23 0.26 0.28 0.28 0.33 0.31 0.29 0.12 0.12 0.11 0.11 0.07 0.06 0.05 0.09 0.10 0.12 0.10 0.11 0.11 0.13 0.15 0.13 0.08 0.08 0.05 0.03 0.00 0.00 0.01 0.02 0.05 0.04 0.02 0.00 0.01 0.01 0.00 0.00 0.00 0.00 0.00 0.00 0.00 0.00 0.00 0.00 0.00 0.00 0.00 0.00 0.00 0.00 0.00 0.00 0.00 0.00 0.00
1.23 1.01 0.88 0.48 0.29 0.28 0.26 0.00 0.00 0.00 0.01 0.01 0.01 0.05 0.08 0.17 0.18 0.20 0.22 0.30 0.30 0.31 0.29 0.34 0.33 0.33 0.34 0.27 0.31 0.28 0.25 0.06 0.06 0.05 0.04 0.02 0.01 0.01 0.02 0.04 0.03 0.03 0.03 0.02 0.06 0.12 0.06 0.03 0.01 0.01 0.04 0.00 0.00 0.01 0.01 0.01 0.01 0.01 0.01 0.00 0.00 0.00 0.00 0.00 0.00 0.00 0.00 0.00 0.00 0.00 0.00 0.00 0.00 0.00 0.00 0.00 0.00 0.00 0.00 0.00 0.00 0.00
0.44 0.33 0.29 0.20 0.19 0.20 0.21 0.01 0.00 0.02 0.02 0.02 0.03 0.08 0.15 0.22 0.23 0.25 0.29 0.37 0.38 0.37 0.38 0.44 0.39 0.37 0.38 0.35 0.30 0.19 0.10 0.01 0.01 0.00 0.00 0.00 0.00 0.00 0.00 0.00 0.00 0.00 0.00 0.00 0.00 0.00 0.00 0.00 0.00 0.00 0.00 0.00 0.00 0.00 0.00 0.00 0.00 0.00 0.00 0.00 0.00 0.00 0.00 0.00 0.00 0.00 0.00 0.00 0.00 0.00 0.00 0.00 0.00 0.00 0.00 0.00 0.00 0.00 0.00 0.00 0.00 0.00
0.45 0.32 0.24 0.21 0.20 0.16 0.22 0.01 0.01 0.02 0.03 0.03 0.04 0.09 0.14 0.18 0.19 0.24 0.26 0.33 0.34 0.32 0.31 0.34 0.29 0.28 0.25 0.20 0.14 0.10 0.02 0.00 0.01 0.00 0.00 0.00 0.00 0.00 0.00 0.00 0.00 0.00 0.00 0.00 0.00 0.00 0.00 0.00 0.00 0.00 0.00 0.00 0.00 0.00 0.00 0.00 0.00 0.00 0.00 0.00 0.00 0.00 0.00 0.00 0.00 0.00 0.00 0.00 0.00 0.00 0.00 0.00 0.00 0.00 0.00 0.00 0.00 0.00 0.00 0.00 0.00 0.00
0.40 0.33 0.28 0.23 0.23 0.18 0.25 0.03 0.03 0.04 0.06 0.06 0.05 0.06 0.10 0.11 0.11 0.13 0.18 0.23 0.23 0.22 0.21 0.20 0.17 0.21 0.20 0.15 0.08 0.02 0.00 0.00 0.00 0.00 0.00 0.00 0.00 0.00 0.00 0.00 0.00 0.00 0.00 0.00 0.00 0.00 0.00 0.00 0.00 0.00 0.00 0.00 0.00 0.00 0.00 0.00 0.00 0.00 0.00 0.00 0.00 0.00 0.00 0.00 0.00 0.00 0.00 0.00 0.00 0.00 0.00 0.00 0.00 0.00 0.00 0.00 0.00 0.00 0.00 0.00 0.00 0.00
0.35 0.29 0.24 0.22 0.22 0.15 0.13 0.03 0.02 0.03 0.05 0.05 0.05 0.04 0.06 0.06 0.05 0.08 0.13 0.16 0.17 0.20 0.18 0.12 0.09 0.13 0.11 0.12 0.03 0.01 0.00 0.00 0.00 0.00 0.00 0.00 0.00 0.00 0.00 0.00 0.00 0.00 0.00 0.00 0.00 0.00 0.00 0.00 0.00 0.00 0.00 0.00 0.00 0.00 0.00 0.00 0.00 0.00 0.00 0.00 0.00 0.00 0.00 0.00 0.00 0.00 0.00 0.00 0.00 0.00 0.00 0.00 0.00 0.00 0.00 0.00 0.00 0.00 0.00 0.00 0.00 0.00
0.19 0.18 0.18 0.15 0.14 0.12 0.10 0.01 0.01 0.01 0.01 0.02 0.01 0.01 0.01 0.01 0.00 0.01 0.06 0.07 0.04 0.01 0.01 0.00 0.01 0.01 0.01 0.01 0.00 0.00 0.00 0.00 0.00 0.00 0.00 0.00 0.00 0.00 0.00 0.00 0.00 0.00 0.00 0.00 0.00 0.00 0.00 0.00 0.00 0.00 0.00 0.00 0.00 0.00 0.00 0.00 0.00 0.00 0.00 0.00 0.00 0.00 0.00 0.00 0.00 0.00 0.00 0.00 0.00 0.00 0.00 0.00 0.00 0.00 0.00 0.00 0.00 0.00 0.00 0.00 0.00 0.00
0.13 0.12 0.11 0.10 0.09 0.07 0.03 0.01 0.01 0.01 0.01 0.01 0.01 0.01 0.01 0.01 0.01 0.01 0.02 0.03 0.01 0.01 0.01 0.00 0.01 0.01 0.00 0.00 0.00 0.00 0.00 0.00 0.00 0.00 0.00 0.00 0.00 0.00 0.00 0.00 0.00 0.00 0.00 0.00 0.00 0.00 0.00 0.00 0.00 0.00 0.00 0.00 0.00 0.00 0.00 0.00 0.00 0.00 0.00 0.00 0.00 0.00 0.00 0.00 0.00 0.00 0.00 0.00 0.00 0.00 0.00 0.00 0.00 0.00 0.00 0.00 0.00 0.00 0.00 0.00 0.00 0.00
0.02 0.03 0.02 0.03 0.01 0.02 0.00 0.00 0.00 0.00 0.00 0.00 0.00 0.00 0.00 0.00 0.00 0.00 0.01 0.01 0.00 0.00 0.00 0.00 0.00 0.00 0.00 0.00 0.00 0.00 0.00 0.00 0.00 0.00 0.00 0.00 0.00 0.00 0.00 0.00 0.00 0.00 0.00 0.00 0.00 0.00 0.00 0.00 0.00 0.00 0.00 0.00 0.00 0.00 0.00 0.00 0.00 0.00 0.00 0.00 0.00 0.00 0.00 0.00 0.00 0.00 0.00 0.00 0.00 0.00 0.00 0.00 0.00 0.00 0.00 0.00 0.00 0.00 0.00 0.00 0.00 0.00
0.01 0.01 0.01 0.01 0.01 0.01 0.00 0.00 0.00 0.00 0.00 0.00 0.00 0.00 0.01 0.00 0.00 0.00 0.01 0.01 0.00 0.00 0.00 0.00 0.00 0.00 0.00 0.00 0.00 0.00 0.00 0.00 0.00 0.00 0.00 0.00 0.00 0.00 0.00 0.00 0.00 0.00 0.00 0.00 0.00 0.00 0.00 0.00 0.00 0.00 0.00 0.00 0.00 0.00 0.00 0.00 0.00 0.00 0.00 0.00 0.00 0.00 0.00 0.00 0.00 0.00 0.00 0.00 0.00 0.00 0.00 0.00 0.00 0.00 0.00 0.00 0.00 0.00 0.00 0.00 0.00 0.00
0.00 0.00 0.00 0.00 0.00 0.00 0.00 0.00 0.00 0.00 0.00 0.00 0.00 0.00 0.00 0.00 0.00 0.00 0.01 0.01 0.00 0.00 0.00 0.00 0.00 0.00 0.00 0.00 0.00 0.00 0.00 0.00 0.00 0.00 0.00 0.00 0.00 0.00 0.00 0.00 0.00 0.00 0.00 0.00 0.00 0.00 0.00 0.00 0.00 0.00 0.00 0.00 0.00 0.00 0.00 0.00 0.00 0.00 0.00 0.00 0.00 0.00 0.00 0.00 0.00 0.00 0.00 0.00 0.00 0.00 0.00 0.00 0.00 0.00 0.00 0.00 0.00 0.00 0.00 0.00 0.00 0.00
0.00 0.00 0.00 0.00 0.00 0.00 0.00 0.00 0.00 0.00 0.00 0.00 0.00 0.00 0.00 0.00 0.00 0.00 0.00 0.00 0.00 0.00 0.00 0.00 0.00 0.00 0.00 0.00 0.00 0.00 0.00 0.00 0.00 0.00 0.00 0.00 0.00 0.00 0.00 0.00 0.00 0.00 0.00 0.00 0.00 0.00 0.00 0.00 0.00 0.00 0.00 0.00 0.00 0.00 0.00 0.00 0.00 0.00 0.00 0.00 0.00 0.00 0.00 0.00 0.00 0.00 0.00 0.00 0.00 0.00 0.00 0.00 0.00 0.00 0.00 0.00 0.00 0.00 0.00 0.00 0.00 0.00
0.00 0.00 0.00 0.00 0.00 0.00 0.00 0.00 0.00 0.00 0.00 0.00 0.00 0.00 0.00 0.00 0.00 0.00 0.00 0.00 0.00 0.00 0.00 0.00 0.00 0.00 0.00 0.00 0.00 0.00 0.00 0.00 0.00 0.00 0.00 0.00 0.00 0.00 0.00 0.00 0.00 0.00 0.00 0.00 0.00 0.00 0.00 0.00 0.00 0.00 0.00 0.00 0.00 0.00 0.00 0.00 0.00 0.00 0.00 0.00 0.00 0.00 0.00 0.00 0.00 0.00 0.00 0.00 0.00 0.00 0.00 0.00 0.00 0.00 0.00 0.00 0.00 0.00 0.00 0.00 0.00 0.00
0.00 0.00 0.00 0.00 0.00 0.00 0.00 0.00 0.00 0.00 0.00 0.00 0.00 0.00 0.00 0.00 0.00 0.00 0.00 0.00 0.00 0.00 0.00 0.00 0.00 0.00 0.00 0.00 0.00 0.00 0.00 0.00 0.00 0.00 0.00 0.00 0.00 0.00 0.00 0.00 0.00 0.00 0.00 0.00 0.00 0.00 0.00 0.00 0.00 0.00 0.00 0.00 0.00 0.00 0.00 0.00 0.00 0.00 0.00 0.00 0.00 0.00 0.00 0.00 0.00 0.00 0.00 0.00 0.00 0.00 0.00 0.00 0.00 0.00 0.00 0.00 0.00 0.00 0.00 0.00 0.00 0.00
0.00 0.00 0.00 0.00 0.00 0.00 0.00 0.00 0.00 0.00 0.00 0.00 0.00 0.00 0.00 0.00 0.00 0.00 0.00 0.00 0.00 0.00 0.00 0.00 0.00 0.00 0.00 0.00 0.00 0.00 0.00 0.00 0.00 0.00 0.00 0.00 0.00 0.00 0.00 0.00 0.00 0.00 0.00 0.00 0.00 0.00 0.00 0.00 0.00 0.00 0.00 0.00 0.00 0.00 0.00 0.00 0.00 0.00 0.00 0.00 0.00 0.00 0.00 0.00 0.00 0.00 0.00 0.00 0.00 0.00 0.00 0.00 0.00 0.00 0.00 0.00 0.00 0.00 0.00 0.00 0.00 0.00
