QPF/QPF_202208082200-20.txt
ncols 525
nrows 625
xllcorner -31082
yllcorner 11395
cellsize 1000.0
NODATA_value -9999.0
[rows 190 to 227 of 625, columns 252 to 335 of 525]
1.96 1.37 1.42 1.47 1.28 1.65 1.57 1.44 0.90 0.49 0.41 0.28 0.36 0.49 0.88 0.94 0.99 0.66 0.38 0.21 0.02 0.00 0.00 0.00 0.00 0.00 0.00 0.00 0.00 0.00 0.00 0.00 0.00 0.00 0.00 0.00 0.00 0.00 0.00 0.00 0.00 0.00 0.04 0.19 0.64 1.07 1.54 1.73 1.66 2.10 2.47 3.76 5.21 7.17 9.39 13.95 18.79 26.08 25.29 26.23 25.72 23.61 21.20 18.69 16.31 13.95 13.90 12.99 11.55 10.29 8.40 8.47 7.17 6.60 7.05 7.64 7.81 7.70 7.60 8.22 8.27 7.61 7.58 8.08
2.22 2.09 2.15 2.32 2.00 2.32 2.12 1.78 1.44 1.13 1.05 1.07 0.90 1.83 1.51 1.61 1.50 0.82 1.03 0.69 0.25 0.11 0.04 0.00 0.00 0.00 0.00 0.00 0.00 0.00 0.00 0.00 0.00 0.00 0.00 0.00 0.00 0.03 0.02 0.12 0.20 0.56 0.92 1.49 1.93 3.08 3.14 2.94 3.22 4.08 5.24 8.21 10.66 13.45 17.43 23.61 26.28 32.20 29.51 29.10 25.80 24.36 20.35 17.30 13.47 11.07 10.58 9.19 8.21 7.47 6.53 5.97 5.45 5.28 5.34 5.57 5.30 5.04 5.27 5.77 6.58 6.72 6.23 6.51
2.52 2.41 2.89 2.91 2.84 3.75 3.42 3.11 3.06 2.81 3.21 2.83 3.37 3.24 3.22 2.89 2.60 1.85 2.01 0.73 0.73 0.65 0.39 0.16 0.04 0.00 0.00 0.00 0.00 0.00 0.00 0.04 0.09 0.04 0.01 0.01 0.06 0.26 0.45 0.75 0.94 1.65 2.25 2.11 4.10 4.52 5.30 5.15 5.88 6.89 9.27 12.63 17.13 20.23 24.46 29.55 32.92 37.09 33.69 30.78 26.68 23.83 20.14 15.86 11.67 8.64 7.89 6.98 6.28 5.71 5.20 4.81 4.50 4.25 4.47 3.97 4.01 3.66 4.10 4.95 5.57 5.77 5.27 5.20
2.45 3.04 3.88 4.02 4.14 4.91 4.53 4.41 4.34 4.73 4.80 5.23 5.53 8.38 6.83 5.30 5.41 2.52 2.33 1.95 1.56 0.86 0.83 0.58 0.15 0.00 0.00 0.01 0.00 0.01 0.18 0.30 0.53 0.37 0.14 0.41 0.75 1.10 1.65 2.01 2.00 3.05 4.34 5.36 6.18 7.03 7.37 8.12 9.14 10.31 14.18 18.99 24.76 28.81 31.67 36.24 37.53 38.89 35.06 30.20 26.24 22.68 18.10 14.26 9.83 6.73 6.29 5.81 5.28 4.96 4.59 3.90 3.90 3.65 3.61 3.64 3.23 3.13 3.26 4.21 4.76 5.03 4.34 3.73
3.09 4.03 4.77 5.18 5.36 6.45 5.98 5.94 6.61 7.17 7.17 9.18 9.34 13.82 11.13 7.86 9.77 5.78 4.75 3.08 2.67 2.60 2.18 1.98 1.42 0.63 0.85 0.67 0.92 1.22 1.42 2.01 1.83 1.32 1.53 1.36 2.01 2.48 2.64 3.32 3.96 5.95 7.45 9.42 9.64 8.97 9.39 9.59 12.60 16.50 21.16 25.70 30.29 34.72 36.19 37.84 39.06 39.23 35.31 29.40 25.46 20.05 15.92 12.97 8.94 6.09 6.05 5.40 4.92 4.67 4.08 3.76 3.47 3.26 3.44 3.21 3.20 2.86 3.05 3.44 3.72 3.52 2.99 2.62
4.46 5.36 6.33 6.54 7.43 8.19 8.13 8.30 8.30 8.57 10.07 12.31 12.18 18.93 18.31 14.29 13.13 9.16 9.41 5.17 5.44 3.91 6.50 4.27 4.05 3.43 2.98 2.75 3.03 2.67 4.82 3.95 3.54 3.34 2.85 3.22 3.55 4.61 5.20 5.50 7.35 8.68 11.42 12.87 13.61 13.74 12.47 12.34 16.88 20.81 24.96 30.14 33.75 36.47 38.08 37.78 35.93 37.58 33.60 26.73 23.65 17.74 13.37 10.47 8.05 5.31 4.74 4.84 4.32 4.45 4.12 3.54 3.42 3.29 3.23 3.48 3.14 2.89 2.88 2.87 2.56 2.38 1.68 1.64
6.49 8.25 8.30 8.42 8.61 9.94 9.96 10.14 11.20 10.39 10.81 12.48 15.43 18.48 17.52 20.40 14.58 12.82 12.75 12.52 9.95 9.37 12.97 12.09 9.97 8.59 6.72 6.23 6.16 7.06 7.08 7.17 5.62 4.79 5.63 5.80 6.97 7.71 7.59 9.24 10.38 11.79 13.80 18.04 20.20 20.95 17.13 17.87 20.07 23.50 27.03 31.62 33.71 33.86 35.44 36.04 33.53 33.34 29.19 23.69 20.12 14.98 11.73 8.76 6.89 4.85 4.49 4.10 4.20 4.52 4.25 3.82 3.51 3.10 3.18 3.07 3.05 2.79 2.62 2.50 2.01 1.79 1.64 1.24
9.57 10.81 10.55 9.95 10.75 11.73 12.36 12.77 13.65 13.32 13.94 16.78 20.59 24.06 22.06 23.92 20.32 18.87 18.27 19.78 18.72 16.31 16.94 19.38 15.98 17.41 14.13 11.62 13.69 12.94 12.50 12.62 10.94 9.74 10.84 10.45 10.01 10.92 11.52 12.54 12.72 13.70 18.17 22.69 24.36 23.74 25.52 24.65 25.40 26.35 26.86 29.59 29.65 30.20 30.67 30.26 28.79 27.77 23.36 19.19 15.38 11.58 9.67 7.59 5.89 4.20 3.97 3.72 3.58 4.32 4.29 3.83 3.46 2.79 2.79 2.71 2.86 2.38 2.36 2.08 1.90 1.60 1.34 1.05
14.73 14.62 12.49 12.26 13.59 14.94 15.72 15.99 16.07 17.05 17.26 19.11 23.94 30.17 27.80 26.11 25.45 21.17 27.61 26.21 26.36 24.33 23.05 28.95 22.99 27.89 18.45 17.07 20.50 18.59 19.40 22.63 16.98 13.38 13.42 14.33 13.52 13.85 14.05 14.27 15.85 15.97 19.34 22.22 27.11 26.37 26.52 24.26 26.93 23.70 24.51 23.75 23.06 23.01 23.89 23.02 22.17 21.80 17.65 14.47 11.84 9.39 7.79 6.12 4.84 3.82 3.53 3.54 3.59 4.30 3.97 3.94 3.39 2.83 2.52 2.51 2.32 1.84 2.10 1.78 1.72 1.46 1.30 1.07
19.65 21.95 18.60 17.24 19.05 20.31 20.51 19.25 19.60 20.51 23.47 26.45 27.35 31.98 38.01 30.61 29.23 27.33 26.39 29.09 31.15 29.53 30.16 35.92 33.90 32.28 34.30 27.40 33.76 29.73 30.20 32.02 20.06 17.31 16.12 15.97 17.39 16.78 17.04 17.79 18.01 16.83 16.62 22.43 23.27 24.77 24.55 24.33 22.59 21.25 19.73 18.10 17.41 16.40 16.47 16.47 16.34 15.86 12.47 10.27 8.68 7.05 6.08 4.94 4.19 3.41 3.23 3.40 3.42 3.82 3.71 3.47 3.25 2.47 2.41 2.13 2.16 1.65 1.66 1.71 1.65 1.34 1.19 0.88
23.50 24.93 20.20 21.85 22.38 23.81 24.14 23.12 24.97 30.21 29.41 29.74 32.01 35.06 37.17 31.60 30.98 25.23 27.45 30.98 33.99 35.61 29.77 34.29 35.32 35.87 39.74 35.88 38.68 39.43 39.39 37.36 26.99 21.98 18.04 17.40 18.38 18.01 19.50 17.64 17.98 13.59 14.69 15.46 15.05 17.72 19.49 16.34 14.45 15.04 13.71 12.69 11.61 11.12 11.19 10.98 11.66 10.96 8.99 7.48 6.33 5.23 4.61 3.83 3.46 2.91 3.09 3.16 3.31 3.51 3.31 2.97 2.71 2.38 1.96 1.89 1.72 1.52 1.39 1.14 1.28 1.09 0.88 0.81
31.16 31.76 26.86 25.12 26.99 30.27 31.57 28.56 29.13 33.93 33.73 37.52 38.10 37.60 37.38 34.97 38.04 28.80 25.88 33.34 33.23 34.41 29.92 31.07 32.15 34.52 39.13 38.33 39.02 42.71 41.76 31.47 26.50 22.87 18.89 18.98 18.18 21.48 19.98 17.11 16.29 13.35 12.18 12.35 11.45 12.14 14.43 12.40 9.62 9.89 9.27 8.68 7.86 7.31 7.56 7.62 7.54 7.38 6.23 5.21 4.84 4.11 3.54 3.10 2.64 2.56 2.72 2.93 3.09 3.20 2.87 2.44 2.11 1.84 1.65 1.53 1.37 1.19 1.16 1.06 0.89 0.75 0.71 0.69
38.10 33.15 32.48 28.03 29.27 34.68 35.11 32.98 33.52 28.78 36.85 39.76 37.61 40.17 35.62 36.60 36.98 31.17 28.50 31.86 31.24 34.09 31.16 32.23 31.55 34.06 40.33 40.51 35.15 39.52 40.23 37.05 29.03 25.64 20.89 17.64 17.49 18.68 17.90 15.49 13.58 12.12 9.74 8.95 8.18 9.24 8.46 7.70 7.12 6.77 6.42 5.86 5.33 4.88 5.29 5.50 5.34 5.49 4.86 4.44 4.14 3.52 3.03 2.62 2.40 2.30 2.36 2.65 2.74 2.81 2.52 2.14 1.83 1.61 1.39 1.31 1.16 1.11 1.04 0.88 0.64 0.61 0.54 0.49
39.66 35.09 33.16 31.84 31.76 35.54 43.06 39.77 41.72 38.14 41.24 41.86 42.26 47.96 40.21 39.36 36.02 32.35 30.03 31.50 31.78 33.97 35.74 36.48 36.86 36.28 37.19 38.02 35.99 35.48 35.54 35.13 28.33 23.32 19.67 16.23 15.36 13.19 12.02 12.61 12.45 7.79 6.74 6.55 6.76 6.50 5.45 4.50 4.70 4.67 4.60 4.22 4.08 3.48 3.62 4.23 4.31 4.19 4.02 3.78 3.59 3.29 2.74 2.38 2.21 2.19 2.19 2.34 2.50 2.50 2.23 1.97 1.67 1.47 1.33 1.18 1.06 1.09 0.99 0.65 0.61 0.51 0.42 0.41
39.47 36.66 36.42 34.21 32.42 35.56 42.85 52.13 39.90 39.92 44.79 45.01 44.78 47.88 49.03 43.59 37.71 36.59 32.07 27.42 30.90 37.13 38.75 36.68 38.21 39.18 37.39 36.48 35.26 34.82 34.23 34.08 27.79 21.61 17.27 13.98 12.12 10.30 9.24 9.54 9.85 6.52 5.87 5.49 5.36 4.81 4.40 4.00 4.07 4.08 3.84 3.55 3.43 3.01 2.98 3.50 3.61 3.80 3.68 3.41 3.29 3.09 2.66 2.34 2.19 2.12 2.08 2.13 2.24 2.29 2.06 1.74 1.62 1.40 1.30 1.14 1.07 0.99 0.85 0.62 0.58 0.42 0.35 0.30
40.20 38.36 42.48 39.39 36.86 39.31 38.84 58.41 46.32 49.69 49.38 49.38 51.60 51.49 51.60 48.12 45.56 39.92 28.37 26.35 27.99 37.41 40.55 38.10 36.93 38.54 35.19 33.84 34.60 32.37 31.46 30.93 24.20 18.95 13.97 11.37 9.79 7.87 7.47 6.86 5.44 4.86 4.66 4.71 4.28 4.00 3.63 3.56 3.53 3.39 3.37 3.11 2.86 2.74 2.55 2.62 3.10 3.22 3.07 3.04 3.01 2.92 2.65 2.37 2.14 2.07 1.96 1.99 2.08 2.05 1.84 1.63 1.50 1.35 1.26 1.12 1.01 0.90 0.76 0.65 0.51 0.34 0.28 0.26
45.45 45.40 46.33 42.33 44.01 44.87 48.82 50.43 50.70 48.32 51.62 57.36 53.93 54.91 55.29 54.16 43.29 49.16 33.74 27.54 29.14 36.28 38.21 38.58 37.04 36.90 35.55 32.18 30.65 27.06 26.46 25.01 20.50 14.73 10.62 9.08 7.57 6.00 5.56 5.16 4.21 4.00 3.83 3.59 3.62 3.26 3.28 2.86 3.04 3.16 2.95 2.76 2.73 2.39 2.50 2.35 2.67 3.00 2.89 2.97 2.83 2.89 2.59 2.44 2.26 2.14 2.02 1.92 1.77 1.68 1.60 1.44 1.41 1.30 1.23 1.08 0.97 0.81 0.69 0.59 0.41 0.25 0.22 0.23
45.01 42.16 38.17 45.90 47.14 51.11 57.02 57.57 61.04 58.83 62.85 61.23 61.95 62.07 60.59 63.82 56.29 51.51 44.75 39.58 37.24 36.96 37.96 37.99 36.58 33.98 32.36 29.68 27.13 23.83 20.46 18.86 15.61 11.01 8.26 6.57 5.40 4.29 3.88 3.53 3.50 3.14 3.27 3.18 3.34 3.33 2.71 2.67 2.83 2.82 2.72 2.81 2.49 2.39 2.16 2.33 2.49 2.85 2.83 2.84 2.83 2.78 2.64 2.44 2.32 2.22 1.99 1.84 1.67 1.46 1.37 1.33 1.30 1.27 1.17 1.02 0.87 0.75 0.67 0.51 0.32 0.20 0.22 0.19
43.55 41.91 40.78 46.16 50.16 58.55 53.21 63.90 67.69 65.68 71.22 70.32 67.24 69.55 63.08 69.70 63.68 58.40 53.02 43.41 42.40 37.85 37.92 36.95 33.44 30.26 27.86 24.65 21.44 17.63 14.77 13.35 10.83 7.73 5.63 4.25 3.61 2.92 2.77 2.74 2.84 2.87 2.78 2.97 3.34 3.56 3.21 2.44 2.71 2.95 2.75 2.68 2.49 2.51 2.22 2.36 2.42 2.61 2.84 2.85 2.74 2.70 2.54 2.41 2.34 2.21 2.03 1.78 1.55 1.29 1.25 1.19 1.23 1.20 1.07 0.94 0.82 0.72 0.65 0.48 0.28 0.16 0.14 0.13
39.70 40.89 45.82 51.06 54.00 64.27 62.31 75.31 72.34 68.61 72.11 62.42 71.73 75.02 74.17 71.42 70.38 64.51 58.47 47.21 42.54 38.67 36.15 31.52 27.82 24.26 22.57 21.11 17.57 12.22 9.58 8.44 6.61 5.03 3.91 2.81 2.53 2.20 2.02 2.10 2.29 2.38 2.68 2.97 3.19 3.12 3.07 2.88 2.73 2.73 2.70 2.67 2.53 2.37 2.36 2.34 2.53 2.59 2.65 2.77 2.66 2.82 2.66 2.62 2.49 2.37 2.17 1.88 1.61 1.29 1.27 1.18 1.19 1.12 1.00 0.89 0.79 0.71 0.64 0.43 0.22 0.11 0.10 0.11
37.93 39.23 45.13 48.19 53.85 68.07 74.32 72.50 76.50 79.12 67.88 60.31 69.72 73.88 73.98 74.34 69.50 60.34 55.91 44.63 39.34 35.45 31.44 27.12 23.24 18.15 17.19 14.89 12.19 8.54 6.35 4.99 3.98 2.98 2.50 2.12 1.91 1.66 1.61 1.71 1.91 2.24 2.62 2.76 3.12 3.11 3.33 3.22 2.64 2.57 2.55 2.64 2.52 2.52 2.41 2.43 2.47 2.50 2.50 2.69 2.59 2.73 2.70 2.63 2.50 2.25 2.02 1.77 1.56 1.29 1.24 1.20 1.19 1.04 0.93 0.83 0.77 0.65 0.58 0.37 0.18 0.08 0.08 0.10
30.55 32.48 36.09 42.88 49.32 61.48 70.56 72.27 80.45 86.12 63.29 58.90 67.33 70.40 75.13 71.53 66.61 58.59 50.89 41.13 35.75 30.66 27.30 22.26 18.62 13.30 11.72 9.29 7.36 5.20 4.14 3.27 2.58 1.88 1.68 1.40 1.49 1.37 1.45 1.62 2.01 2.09 2.12 2.64 3.02 3.15 3.16 3.38 2.91 2.45 2.36 2.47 2.68 2.68 2.56 2.48 2.45 2.51 2.31 2.51 2.66 2.82 2.83 2.79 2.42 2.11 1.86 1.70 1.55 1.36 1.34 1.27 1.19 1.09 0.94 0.83 0.74 0.63 0.58 0.46 0.24 0.10 0.09 0.10
24.16 26.85 28.15 35.26 43.37 48.14 64.37 65.89 73.62 77.08 52.82 57.48 60.17 61.01 61.77 59.31 56.31 47.07 41.61 34.52 27.78 23.13 20.46 16.39 13.20 8.56 6.82 5.19 3.91 2.81 2.61 2.12 1.70 1.36 1.18 1.02 1.15 1.27 1.48 1.69 1.77 2.16 2.32 2.33 2.91 3.14 3.30 3.28 3.22 2.66 2.28 2.39 2.38 2.55 2.51 2.71 2.54 2.58 2.39 2.43 2.57 2.82 2.85 2.73 2.40 1.90 1.63 1.56 1.50 1.38 1.35 1.27 1.22 1.06 0.95 0.83 0.75 0.66 0.58 0.51 0.27 0.12 0.13 0.12
15.82 18.94 20.63 26.53 31.01 38.06 51.71 58.85 62.67 61.31 48.35 50.68 50.38 53.27 52.36 48.08 42.49 37.49 31.64 24.59 19.92 15.80 13.72 10.95 8.93 5.86 3.91 3.40 2.30 1.65 1.50 1.35 1.15 0.89 0.88 0.79 0.99 1.17 1.48 1.58 1.80 1.98 2.15 2.46 2.59 3.00 3.04 3.13 3.27 3.38 2.49 2.52 2.37 2.62 2.64 2.68 2.63 2.54 2.39 2.45 2.50 2.70 2.70 2.60 2.14 1.79 1.61 1.46 1.50 1.40 1.38 1.27 1.21 1.12 0.99 0.85 0.74 0.65 0.60 0.54 0.31 0.14 0.15 0.16
8.08 9.46 10.19 17.74 24.70 28.30 38.82 42.17 47.80 42.93 37.38 40.22 37.42 36.54 37.56 33.64 29.32 25.09 20.22 14.91 11.47 9.04 7.83 5.66 4.48 3.28 2.26 1.73 1.35 1.08 0.88 0.92 0.79 0.66 0.66 0.64 0.85 1.02 1.22 1.61 1.84 1.89 2.17 2.28 2.52 2.69 2.91 3.51 3.57 3.65 2.77 2.18 2.43 2.49 2.73 2.88 2.70 2.71 2.36 2.39 2.44 2.62 2.53 2.34 2.03 1.77 1.59 1.51 1.50 1.41 1.37 1.25 1.19 1.10 0.98 0.84 0.80 0.67 0.68 0.52 0.36 0.19 0.22 0.26
4.42 3.72 4.72 8.81 14.43 19.51 25.11 28.79 30.10 28.53 26.86 28.78 26.97 25.56 24.54 20.60 17.09 13.93 11.07 7.77 5.56 4.55 3.72 2.78 2.27 1.55 1.11 0.91 0.78 0.67 0.61 0.56 0.55 0.51 0.46 0.53 0.70 0.84 1.05 1.29 1.60 1.85 1.90 2.13 2.25 2.60 2.76 3.24 3.66 3.92 3.42 2.45 2.58 2.62 2.68 2.75 2.66 2.39 2.46 2.25 2.31 2.42 2.38 2.18 1.96 1.81 1.67 1.58 1.49 1.42 1.37 1.27 1.19 1.12 1.05 0.86 0.82 0.74 0.69 0.59 0.48 0.37 0.41 0.43
2.26 2.56 3.91 5.69 8.23 10.50 13.41 17.01 17.42 16.63 16.64 18.49 16.76 14.58 13.05 10.45 7.96 6.13 4.64 3.16 2.15 1.79 1.47 1.21 1.15 0.88 0.59 0.53 0.49 0.44 0.39 0.44 0.42 0.36 0.32 0.45 0.64 0.74 0.91 1.10 1.50 1.67 1.85 1.94 2.23 2.42 2.45 3.10 3.27 3.33 3.45 2.82 2.54 2.36 2.53 2.72 2.58 2.41 2.20 2.28 2.18 2.19 2.22 2.12 1.94 1.84 1.74 1.60 1.53 1.41 1.37 1.28 1.20 1.16 1.09 0.95 0.88 0.77 0.70 0.67 0.66 0.59 0.61 0.69
2.04 2.55 3.44 5.17 5.82 6.68 6.87 7.70 8.58 9.94 10.18 10.66 9.42 8.82 6.77 4.96 3.67 2.37 1.45 0.97 0.77 0.66 0.58 0.48 0.46 0.35 0.25 0.26 0.15 0.16 0.21 0.28 0.26 0.33 0.32 0.41 0.53 0.58 0.80 0.98 1.28 1.54 1.59 1.77 1.87 2.19 2.42 2.57 3.01 3.54 3.73 2.99 2.82 2.09 2.49 2.69 2.43 2.32 2.22 2.10 2.03 2.05 1.94 2.08 1.97 1.97 1.77 1.66 1.55 1.48 1.41 1.33 1.26 1.21 1.16 1.00 0.95 0.81 0.80 0.77 0.80 0.76 0.77 0.81
1.37 1.79 2.15 3.37 4.12 4.75 4.14 4.50 4.12 5.22 6.04 5.42 5.14 4.62 2.78 1.90 1.34 0.92 0.53 0.38 0.22 0.16 0.14 0.09 0.05 0.04 0.03 0.02 0.03 0.08 0.12 0.21 0.23 0.20 0.24 0.31 0.41 0.48 0.76 0.87 1.09 1.27 1.39 1.48 1.59 1.93 2.23 2.67 2.90 3.25 2.63 2.64 2.59 2.35 2.29 2.98 2.48 2.42 2.31 2.19 2.14 2.04 2.03 2.04 2.11 2.00 1.88 1.72 1.64 1.57 1.47 1.42 1.33 1.29 1.24 1.11 0.99 0.97 0.96 0.94 0.91 0.83 0.90 0.96
1.00 1.16 1.32 1.63 1.85 2.57 2.45 2.30 2.26 2.34 2.19 2.30 2.11 1.34 0.97 0.69 0.45 0.16 0.05 0.03 0.01 0.01 0.00 0.00 0.00 0.00 0.00 0.01 0.01 0.03 0.08 0.16 0.15 0.18 0.22 0.28 0.41 0.44 0.65 0.79 0.96 1.07 1.18 1.19 1.50 1.72 2.08 2.53 2.63 2.54 2.59 2.63 2.58 2.66 2.87 3.41 2.50 2.45 2.38 2.22 2.18 2.10 1.97 2.05 2.15 2.15 1.99 1.88 1.81 1.71 1.69 1.54 1.53 1.43 1.36 1.21 1.20 1.14 1.14 1.13 1.06 1.10 1.10 1.18
0.83 0.91 1.03 1.04 1.13 1.28 1.25 1.27 1.07 0.99 1.08 1.02 0.66 0.50 0.38 0.12 0.05 0.01 0.00 0.00 0.00 0.00 0.00 0.00 0.00 0.00 0.00 0.00 0.01 0.02 0.04 0.09 0.12 0.15 0.18 0.23 0.34 0.45 0.56 0.71 0.82 0.84 0.97 1.08 1.31 1.59 1.97 2.23 2.33 2.40 2.34 2.33 2.63 2.75 2.83 2.55 2.66 2.52 2.30 2.39 2.36 2.17 2.12 2.09 2.21 2.32 2.20 2.06 1.93 1.89 1.78 1.75 1.64 1.58 1.48 1.39 1.40 1.36 1.36 1.40 1.37 1.32 1.32 1.36
0.63 0.52 0.57 0.55 0.55 0.57 0.54 0.51 0.46 0.42 0.32 0.21 0.07 0.05 0.02 0.01 0.00 0.00 0.00 0.00 0.00 0.00 0.00 0.00 0.00 0.00 0.00 0.00 0.00 0.01 0.02 0.05 0.08 0.11 0.13 0.18 0.26 0.38 0.48 0.60 0.70 0.78 0.91 0.95 1.15 1.40 1.51 1.65 2.01 2.19 2.13 2.23 2.40 2.48 2.31 2.51 2.57 2.64 2.49 2.43 2.36 2.29 2.21 2.19 2.25 2.44 2.37 2.27 2.17 2.11 2.11 2.00 1.91 1.82 1.75 1.69 1.66 1.64 1.60 1.68 1.62 1.67 1.58 1.56
0.39 0.24 0.26 0.25 0.18 0.20 0.16 0.11 0.11 0.06 0.03 0.01 0.00 0.00 0.00 0.00 0.00 0.00 0.00 0.00 0.00 0.00 0.00 0.00 0.00 0.00 0.00 0.00 0.00 0.01 0.01 0.02 0.03 0.07 0.09 0.13 0.16 0.23 0.40 0.48 0.61 0.73 0.80 0.87 1.02 1.12 1.41 1.53 1.64 1.84 1.96 2.01 2.16 2.10 2.43 2.57 2.56 2.56 2.63 2.48 2.44 2.43 2.35 2.30 2.32 2.40 2.51 2.45 2.39 2.32 2.21 2.14 2.03 1.98 1.97 1.88 1.87 1.78 1.78 1.82 1.85 1.87 1.78 1.73
0.13 0.04 0.06 0.07 0.05 0.04 0.02 0.01 0.00 0.00 0.00 0.00 0.00 0.00 0.00 0.00 0.00 0.00 0.00 0.00 0.00 0.00 0.00 0.00 0.00 0.00 0.00 0.00 0.00 0.00 0.00 0.01 0.02 0.06 0.05 0.05 0.09 0.16 0.32 0.41 0.52 0.64 0.67 0.73 0.85 0.90 1.12 1.32 1.43 1.58 1.67 1.65 1.75 2.18 2.36 2.49 2.33 2.44 2.64 2.55 2.55 2.53 2.51 2.41 2.35 2.47 2.44 2.59 2.52 2.50 2.44 2.42 2.42 2.30 2.25 2.22 2.12 2.09 2.03 2.03 1.98 2.05 1.92 1.76
0.02 0.01 0.02 0.03 0.01 0.02 0.01 0.00 0.00 0.00 0.00 0.00 0.00 0.00 0.00 0.00 0.00 0.00 0.00 0.00 0.00 0.00 0.00 0.00 0.00 0.00 0.00 0.00 0.00 0.00 0.00 0.01 0.01 0.03 0.02 0.04 0.07 0.11 0.20 0.29 0.40 0.56 0.55 0.64 0.74 0.76 0.95 1.13 1.25 1.44 1.43 1.54 1.70 1.91 2.17 2.32 2.35 2.46 2.47 2.71 2.74 2.75 2.67 2.57 2.50 2.43 2.41 2.54 2.60 2.72 2.70 2.71 2.59 2.51 2.51 2.41 2.38 2.31 2.21 2.18 2.26 2.20 2.12 1.88
0.01 0.01 0.01 0.01 0.01 0.00 0.00 0.00 0.00 0.00 0.00 0.00 0.00 0.00 0.00 0.00 0.00 0.00 0.00 0.00 0.00 0.00 0.00 0.00 0.00 0.00 0.00 0.00 0.00 0.00 0.00 0.00 0.01 0.01 0.01 0.03 0.05 0.07 0.12 0.19 0.29 0.46 0.50 0.57 0.64 0.69 0.79 0.95 1.08 1.17 1.34 1.48 1.58 1.89 2.06 2.05 2.33 2.45 2.52 2.67 2.79 2.92 2.85 2.71 2.54 2.48 2.35 2.43 2.64 2.82 2.92 2.91 2.88 2.83 2.70 2.64 2.61 2.60 2.52 2.47 2.39 2.31 2.11 1.87
0.00 0.00 0.00 0.00 0.00 0.00 0.00 0.00 0.00 0.00 0.00 0.00 0.00 0.00 0.00 0.00 0.00 0.00 0.00 0.00 0.00 0.00 0.00 0.00 0.00 0.00 0.00 0.00 0.00 0.00 0.00 0.00 0.00 0.01 0.01 0.01 0.02 0.04 0.06 0.13 0.24 0.38 0.47 0.50 0.60 0.59 0.71 0.84 0.96 1.06 1.23 1.32 1.58 1.80 1.96 2.00 2.15 2.37 2.45 2.64 2.99 3.28 2.96 2.81 2.63 2.49 2.27 2.36 2.53 2.92 3.06 3.03 2.97 2.96 2.84 2.77 2.81 2.80 2.72 2.56 2.51 2.35 2.09 1.81
0.00 0.00 0.00 0.00 0.00 0.00 0.00 0.00 0.00 0.00 0.00 0.00 0.00 0.00 0.00 0.00 0.00 0.00 0.00 0.00 0.00 0.00 0.00 0.00 0.00 0.00 0.00 0.00 0.00 0.00 0.00 0.00 0.00 0.00 0.00 0.01 0.02 0.01 0.03 0.11 0.18 0.29 0.43 0.46 0.52 0.52 0.61 0.77 0.86 0.96 1.10 1.24 1.51 1.63 1.85 1.88 2.05 2.31 2.44 2.67 3.01 3.18 3.04 2.89 2.68 2.49 2.30 2.19 2.45 2.80 2.96 3.01 2.99 2.96 2.83 2.78 2.76 2.76 2.68 2.59 2.44 2.18 2.00 1.64
