QPF/QPF_202208082200-90.txt
ncols 525
nrows 625
xllcorner -31082
yllcorner 11395
cellsize 1000.0
NODATA_value -9999.0
[rows 238 to 271 of 625, columns 154 to 230 of 525]
0.58 0.44 0.36 0.00 0.01 0.00 0.00 0.00 0.01 0.01 0.00 0.03 -0.05 0.11 0.15 0.65 0.66 0.73 0.83 1.45 1.64 2.22 2.26 2.63 2.63 3.13 3.63 2.58 2.74 2.46 2.35 2.31 1.98 1.79 1.39 2.38 3.01 3.65 4.67 4.02 4.32 3.27 3.51 2.68 2.35 1.14 1.41 1.53 1.26 0.79 0.47 0.00 0.00 0.00 0.00 0.00 0.00 0.00 0.00 0.00 0.00 0.01 0.00 0.00 0.04 0.04 0.00 0.00 0.00 0.00 0.00 0.00 0.03 0.04 0.04 0.05 0.06
1.90 1.53 1.58 0.17 0.16 0.24 0.05 0.03 0.10 0.08 0.05 0.10 0.26 0.44 0.50 1.07 1.27 1.13 1.25 1.58 1.60 2.08 2.15 2.71 2.95 3.01 3.23 2.64 2.66 2.35 2.29 2.06 1.75 1.77 1.59 2.82 3.33 4.27 4.75 4.95 4.29 3.51 3.53 2.99 2.52 1.01 1.31 1.22 1.29 0.67 0.49 0.00 0.00 0.00 0.00 0.00 0.00 0.00 0.00 0.00 0.00 0.00 0.00 0.00 0.00 0.00 0.00 0.00 0.00 0.00 0.00 0.00 0.00 0.00 0.00 0.00 0.00
2.73 1.82 1.66 0.03 0.04 -0.05 -0.02 0.03 -0.03 0.03 0.06 0.27 0.30 0.37 0.58 1.07 1.18 1.17 1.33 1.63 1.77 2.05 2.20 2.76 2.80 3.05 3.14 2.47 2.59 2.28 2.10 2.13 2.02 1.87 1.62 2.52 3.17 4.20 4.37 5.12 4.59 3.65 3.68 2.65 2.34 1.43 1.06 1.14 1.27 0.66 0.44 0.00 0.00 0.00 0.00 0.00 0.00 0.00 0.00 0.00 0.00 0.00 0.00 0.00 0.00 0.00 0.00 0.00 0.00 0.00 0.00 0.00 0.00 0.00 0.00 0.00 0.00
3.22 2.23 2.03 0.31 0.20 0.20 0.15 0.09 0.13 0.14 0.07 0.17 0.28 0.37 0.54 1.17 1.21 1.11 1.29 1.62 1.86 2.02 2.11 2.27 2.51 2.61 2.64 2.46 2.33 2.16 1.91 2.07 2.18 2.06 2.10 2.71 2.91 3.83 4.22 4.57 4.06 3.57 3.57 2.67 2.44 1.45 1.14 1.12 0.97 0.50 0.30 0.00 0.00 0.00 0.00 0.00 0.00 0.00 0.00 0.00 0.00 0.00 0.00 0.00 0.00 0.00 0.00 0.00 0.00 0.00 0.00 0.00 0.00 0.00 0.00 0.00 0.00
3.85 2.73 2.29 0.28 0.20 0.25 0.31 0.22 0.24 0.21 0.15 0.15 0.24 0.34 0.53 1.26 1.30 1.25 1.42 1.77 1.81 2.19 2.31 2.20 2.50 2.70 2.83 2.65 2.58 2.03 2.12 2.46 2.10 2.14 2.29 2.83 3.19 3.48 4.08 4.03 4.27 3.34 2.96 2.31 2.17 1.23 1.11 1.06 0.97 0.48 0.30 0.00 0.00 0.00 0.00 0.00 0.00 0.00 0.00 0.00 0.00 0.00 0.02 0.00 0.00 0.00 0.00 0.00 0.00 0.00 0.00 0.00 0.00 0.00 0.00 0.00 0.00
4.25 3.14 2.74 0.68 0.49 0.51 0.36 0.18 0.28 0.39 0.26 0.17 0.26 0.51 0.65 1.11 1.19 1.30 1.31 1.72 1.94 2.13 2.20 2.13 2.06 2.26 2.56 2.32 2.33 1.88 1.89 2.18 2.08 2.15 2.05 2.41 2.62 3.15 3.06 3.49 3.16 2.38 2.07 1.54 1.67 1.05 0.90 0.77 0.76 0.48 0.48 0.01 0.01 0.00 0.00 0.00 0.02 0.03 0.04 0.03 0.04 0.04 0.05 0.02 0.00 0.00 0.00 0.00 0.00 0.00 0.00 0.00 0.00 0.00 0.00 0.00 0.00
4.77 3.70 3.14 1.08 0.84 0.78 0.58 0.35 0.41 0.49 0.34 0.26 0.31 0.44 0.57 1.04 1.12 1.17 1.33 1.75 1.82 1.98 2.12 1.95 1.99 2.28 2.50 2.39 2.51 2.25 2.08 2.12 2.15 2.15 2.27 2.62 3.07 3.38 3.37 4.17 2.76 2.17 2.32 1.81 1.68 1.18 1.04 0.87 0.59 0.60 0.61 0.01 0.00 0.00 0.00 0.06 0.03 0.02 0.01 0.01 0.04 0.02 0.06 0.01 0.00 0.00 0.00 0.00 0.00 0.00 0.00 0.00 0.00 0.00 0.00 0.00 0.00
5.84 3.97 3.56 0.97 0.84 0.80 0.69 0.66 0.78 0.67 0.66 0.56 0.60 0.65 0.70 1.11 1.15 1.19 1.28 1.74 1.87 1.98 2.09 1.78 1.95 2.13 2.45 2.35 2.31 2.07 2.14 2.24 2.01 2.04 1.98 2.10 2.79 2.66 3.64 3.05 2.33 2.14 2.34 1.89 1.69 1.24 1.08 0.76 0.68 0.77 0.67 0.01 0.01 0.01 0.01 0.00 0.01 0.01 0.01 0.01 0.01 0.02 -0.01 0.06 0.01 0.00 0.00 0.00 0.00 0.00 0.00 0.00 0.00 0.00 0.00 0.00 0.00
6.13 5.08 4.47 1.16 1.12 0.82 0.79 0.73 0.76 0.67 0.65 0.56 0.61 0.69 0.78 1.10 1.09 1.10 1.32 1.59 1.72 1.83 1.84 1.68 1.75 2.10 2.28 2.27 2.50 2.18 2.43 2.17 1.76 2.25 2.10 2.11 2.30 2.92 2.99 2.64 2.26 2.48 2.06 1.96 1.63 1.00 1.18 0.74 0.83 0.67 0.74 0.00 0.01 0.01 0.00 0.00 0.00 0.01 0.01 0.01 0.01 -0.02 -0.07 0.04 0.01 0.00 0.00 0.00 0.00 0.00 0.00 0.00 0.00 0.00 0.00 0.00 0.00
8.37 5.84 5.11 1.57 1.44 1.22 1.01 0.92 0.79 0.70 0.68 0.53 0.52 0.50 0.54 0.76 0.76 0.86 1.00 1.23 1.22 1.23 1.32 1.38 1.49 1.82 1.90 2.03 2.07 1.90 2.33 2.12 1.95 1.81 1.91 1.75 1.94 1.99 2.26 2.34 2.37 2.41 2.55 1.96 1.68 1.18 1.30 0.93 0.91 0.78 0.84 0.00 0.00 0.00 0.00 0.00 0.00 0.01 0.02 0.02 0.01 0.03 0.06 0.11 0.08 0.08 0.05 0.00 0.00 0.00 0.00 0.00 0.00 0.00 0.00 0.00 0.00
7.45 5.32 4.68 1.52 1.48 1.07 0.94 0.84 0.76 0.73 0.67 0.48 0.48 0.43 0.45 0.63 0.62 0.89 0.93 1.11 1.09 1.07 1.23 1.23 1.39 1.82 1.77 1.90 1.68 1.96 2.24 1.55 1.74 2.00 1.75 1.93 1.97 1.97 1.35 1.93 2.15 2.55 2.26 1.96 1.70 1.25 1.24 0.92 0.97 0.78 0.77 0.00 0.00 0.00 0.00 0.00 0.00 0.07 0.05 0.08 0.05 0.02 0.07 0.15 0.18 0.12 0.06 0.00 0.00 0.00 0.00 0.00 0.00 0.00 0.00 0.00 0.00
6.33 4.49 3.70 1.32 1.15 0.85 0.76 0.71 0.70 0.68 0.59 0.32 0.31 0.31 0.37 0.52 0.55 0.73 0.78 0.90 0.87 0.93 0.96 0.98 0.99 1.37 1.44 1.54 2.12 2.14 2.25 1.80 1.53 1.31 1.10 1.06 1.16 0.74 0.76 1.57 1.59 1.40 1.94 1.99 1.57 1.44 1.26 1.04 1.04 0.76 0.76 0.00 0.00 0.00 0.00 0.00 0.00 0.01 0.02 0.03 0.02 0.03 0.11 0.18 0.20 0.19 0.08 0.00 0.00 0.00 0.00 0.00 0.00 0.00 0.00 0.00 0.00
5.12 3.67 3.02 1.19 1.06 0.87 0.76 0.75 0.75 0.77 0.63 0.33 0.33 0.28 0.30 0.33 0.37 0.63 0.65 0.84 0.89 0.84 0.91 0.83 0.75 0.94 1.10 1.06 1.39 1.37 1.38 1.21 1.04 1.03 0.92 0.73 0.37 0.71 0.67 1.21 1.34 1.25 1.56 1.79 1.38 1.20 1.26 1.04 0.83 0.74 0.82 0.00 0.00 0.00 0.00 0.00 0.02 0.01 0.01 0.04 0.02 0.05 0.15 0.32 0.27 0.20 0.07 0.00 0.00 0.00 0.00 0.00 0.00 0.00 0.00 0.00 0.00
3.78 2.91 2.46 1.25 1.18 0.95 0.82 0.79 0.71 0.66 0.64 0.30 0.33 0.18 0.15 0.19 0.20 0.26 0.30 0.34 0.42 0.45 0.44 0.48 0.38 0.47 0.52 0.45 0.72 0.74 0.67 0.55 0.41 0.30 0.23 0.15 0.11 0.20 0.15 0.48 0.42 0.67 0.76 1.13 1.02 0.86 0.70 0.82 0.68 0.52 0.70 0.00 0.00 0.00 0.00 0.00 0.07 0.01 0.00 0.06 0.07 0.10 0.23 0.44 0.32 0.17 0.02 0.00 0.00 0.00 0.00 0.00 0.00 0.00 0.00 0.00 0.00
3.40 2.54 2.18 1.22 1.05 0.93 0.86 0.84 0.79 0.62 0.61 0.20 0.18 0.11 0.08 0.07 0.11 0.09 0.11 0.19 0.33 0.34 0.29 0.25 0.17 0.36 0.46 0.35 0.48 0.50 0.42 0.36 0.39 0.24 0.20 0.11 0.06 0.17 0.15 0.33 0.40 0.34 0.45 0.96 0.82 0.81 0.74 0.67 0.64 0.50 0.59 0.00 0.00 0.00 0.00 0.00 0.02 0.01 0.01 0.03 0.05 0.05 0.18 0.37 0.20 0.10 0.00 0.00 0.00 0.00 0.00 0.00 0.00 0.00 0.00 0.00 0.00
2.59 1.91 1.76 1.05 0.97 0.98 0.80 0.84 0.87 0.62 0.60 0.30 0.28 0.21 0.17 0.09 0.11 0.26 0.30 0.24 0.21 0.33 0.36 0.31 0.19 0.23 0.45 0.39 0.45 0.31 0.34 0.31 0.34 0.22 0.05 0.21 0.40 0.29 0.32 0.55 0.50 0.32 0.44 0.75 0.87 0.79 0.92 0.74 0.65 0.60 0.64 0.00 0.00 0.00 0.00 0.00 -0.00 0.01 0.00 0.07 0.06 0.00 0.10 0.22 0.06 0.03 0.00 0.00 0.00 0.00 0.00 0.00 0.00 0.00 0.00 0.00 0.00
2.22 1.88 1.58 0.93 1.02 0.85 0.67 0.79 0.69 0.67 0.53 0.42 0.42 0.38 0.21 0.13 0.19 0.18 0.16 0.22 0.28 0.37 0.41 0.38 0.38 0.31 0.39 0.45 0.38 0.38 0.39 0.31 0.24 0.07 -0.01 0.00 0.01 -0.02 -0.04 0.24 0.13 0.17 0.25 0.56 0.47 0.58 0.82 0.64 0.66 0.61 0.47 0.00 0.00 0.00 0.00 0.00 0.00 0.01 0.00 0.01 0.02 0.00 0.04 0.10 0.00 0.00 0.00 -0.00 0.00 0.00 0.00 0.00 0.00 0.00 0.00 0.00 0.00
2.77 2.54 2.30 1.98 1.72 1.46 1.31 1.35 1.24 1.09 0.95 0.57 0.50 0.48 0.46 0.42 0.46 0.58 0.58 0.62 0.61 0.63 0.66 0.58 0.60 0.60 0.49 0.52 0.44 0.53 0.66 0.38 0.26 0.02 -0.01 0.02 0.05 0.35 0.66 1.13 0.74 0.80 0.79 1.31 1.29 1.50 1.29 0.97 1.14 0.87 0.43 0.00 0.00 0.00 0.00 0.00 0.00 0.00 0.00 0.01 0.00 0.00 0.00 0.00 0.00 0.00 0.00 -0.00 -0.00 0.00 -0.00 0.00 0.00 0.00 0.00 0.00 0.00
2.00 1.71 1.58 1.44 1.26 1.09 0.90 1.14 1.04 0.92 0.79 0.40 0.36 0.36 0.42 0.43 0.45 0.46 0.52 0.50 0.52 0.53 0.58 0.55 0.55 0.51 0.42 0.46 0.37 0.56 0.54 0.19 0.12 0.17 -0.02 0.05 0.12 0.46 0.38 0.91 0.62 0.66 0.74 1.17 1.06 1.11 1.10 0.84 0.83 0.76 0.55 0.00 0.00 0.00 0.00 0.00 0.00 0.00 0.00 0.00 0.00 0.00 0.00 0.00 0.00 0.00 0.00 -0.00 -0.00 -0.00 -0.00 0.00 0.00 0.00 0.00 0.00 0.00
1.16 1.06 0.97 1.02 0.93 0.77 0.73 0.85 0.82 0.65 0.61 0.27 0.28 0.26 0.31 0.40 0.44 0.36 0.34 0.32 0.33 0.37 0.37 0.36 0.35 0.23 0.19 0.20 0.16 0.25 0.21 0.00 0.09 0.02 -0.01 0.02 0.10 0.17 0.14 0.60 0.52 0.46 0.31 0.82 0.60 0.76 0.80 0.27 0.49 0.80 0.53 0.00 0.00 0.00 0.00 0.00 0.00 0.00 0.00 0.00 0.00 0.00 0.00 0.00 0.00 0.00 0.00 -0.00 -0.00 -0.00 -0.00 -0.00 0.00 0.00 0.00 0.00 0.00
0.94 0.80 0.70 0.70 0.64 0.61 0.52 0.67 0.60 0.55 0.48 0.20 0.23 0.21 0.25 0.33 0.29 0.26 0.29 0.14 0.14 0.16 0.19 0.23 0.25 0.16 0.11 0.07 0.09 0.08 0.10 0.00 0.03 0.00 0.00 0.08 0.19 0.22 0.09 0.41 0.33 0.26 0.32 0.63 0.47 0.37 0.30 0.26 0.62 0.63 0.45 0.00 0.00 0.00 0.00 0.00 0.00 0.00 0.00 0.00 0.00 -0.00 -0.00 0.00 0.00 0.00 -0.00 -0.00 -0.00 -0.00 -0.00 -0.00 -0.00 0.00 0.00 0.00 0.00
0.21 0.17 0.18 0.21 0.19 0.23 0.22 0.28 0.36 0.29 0.29 0.13 0.14 0.14 0.18 0.23 0.20 0.16 0.09 0.01 0.02 0.02 0.02 0.04 0.07 0.03 0.02 0.01 0.00 0.00 0.00 0.00 0.00 0.00 0.00 0.00 0.00 0.01 0.03 0.12 0.05 0.19 0.31 0.93 1.03 1.58 1.74 1.96 1.02 0.40 0.08 0.00 0.00 0.00 0.00 0.00 0.00 0.00 0.00 0.00 0.00 -0.00 -0.00 0.00 0.00 0.00 -0.00 -0.00 -0.00 -0.00 -0.00 -0.00 -0.00 0.00 0.00 0.00 0.00
0.12 0.11 0.13 0.16 0.14 0.16 0.16 0.24 0.30 0.27 0.23 0.09 0.08 0.08 0.11 0.19 0.17 0.11 0.09 0.01 0.01 0.02 0.01 0.02 0.03 0.02 0.02 0.00 0.00 0.00 0.00 0.00 0.00 0.00 0.00 0.00 0.05 0.02 0.00 0.04 0.19 0.33 0.47 0.97 1.10 1.74 1.79 2.02 0.98 0.21 0.00 0.00 0.00 0.00 0.00 0.00 0.00 0.00 0.00 0.00 0.00 -0.00 -0.00 0.00 0.00 0.00 -0.00 -0.00 -0.00 -0.00 -0.00 -0.00 -0.00 -0.00 -0.00 0.00 0.00
0.07 0.04 0.06 0.10 0.10 0.09 0.09 0.13 0.17 0.16 0.12 0.04 0.03 0.03 0.04 0.12 0.13 0.12 0.07 0.02 0.02 0.01 0.03 0.03 0.03 0.02 0.01 0.00 0.00 0.00 0.00 0.00 0.00 0.00 0.00 0.00 0.00 0.00 0.00 0.00 0.03 0.09 0.11 0.43 0.59 0.77 0.84 0.89 0.42 0.00 0.00 -0.00 -0.00 0.00 0.00 0.00 0.00 0.00 0.00 0.00 -0.00 -0.00 -0.00 -0.00 -0.00 -0.00 -0.00 -0.00 -0.00 -0.00 -0.00 -0.00 -0.00 -0.00 -0.00 0.00 0.00
0.02 0.01 0.03 0.04 0.05 0.05 0.05 0.06 0.10 0.11 0.06 0.03 0.02 0.02 0.03 0.09 0.12 0.10 0.10 0.01 0.02 0.02 0.02 0.02 0.01 0.01 0.01 0.00 0.00 0.00 0.00 0.00 0.00 0.00 0.00 0.00 0.00 0.00 0.00 0.00 0.01 0.15 0.21 0.38 0.36 0.38 0.41 0.23 0.00 0.00 0.00 -0.00 -0.00 -0.00 0.00 0.00 0.00 0.00 0.00 -0.00 -0.00 -0.00 -0.00 -0.00 -0.00 -0.00 -0.00 -0.00 -0.00 -0.00 -0.00 -0.00 -0.00 -0.00 -0.00 0.00 0.00
0.00 0.00 0.00 0.01 0.01 0.01 0.01 0.01 0.03 0.04 0.02 0.01 0.01 0.01 0.01 0.06 0.11 0.09 0.10 0.02 0.05 0.07 0.06 0.02 0.03 0.02 0.02 0.00 0.01 0.00 0.00 0.00 0.00 0.00 0.00 0.00 0.00 0.00 0.00 0.00 0.00 0.00 0.00 0.00 0.00 0.00 -0.00 -0.00 0.00 -0.00 -0.00 -0.00 -0.00 -0.00 -0.00 -0.00 -0.00 -0.00 -0.00 -0.00 -0.00 -0.00 -0.00 -0.00 -0.00 -0.00 -0.00 -0.00 -0.00 -0.00 -0.00 -0.00 -0.00 -0.00 -0.00 0.00 0.00
0.00 0.00 0.00 0.00 0.00 0.00 0.00 0.01 0.04 0.05 0.02 0.01 0.01 0.00 0.01 0.09 0.09 0.07 0.07 0.03 0.05 0.07 0.06 0.03 0.01 0.00 0.00 0.00 0.00 0.00 0.00 0.00 0.00 0.00 0.00 0.00 0.00 0.00 0.00 0.00 0.00 0.00 0.00 0.00 0.00 0.00 -0.00 -0.00 -0.00 -0.00 -0.00 -0.00 -0.00 -0.00 -0.00 -0.00 -0.00 -0.00 -0.00 -0.00 -0.00 -0.00 -0.00 -0.00 -0.00 -0.00 -0.00 -0.00 -0.00 -0.00 -0.00 -0.00 -0.00 -0.00 -0.00 0.00 0.00
0.00 0.00 0.00 0.00 0.00 0.00 0.00 0.01 0.01 0.01 0.02 0.01 0.00 0.00 0.00 0.05 0.03 0.04 0.03 0.01 0.01 0.01 0.01 0.00 0.00 0.00 0.00 0.00 0.00 0.00 0.00 0.00 0.00 0.00 0.00 0.00 0.00 0.00 0.00 0.00 0.00 0.00 0.00 -0.00 -0.00 -0.00 -0.00 -0.00 -0.00 -0.00 -0.00 -0.00 -0.00 -0.00 -0.00 -0.00 -0.00 -0.00 -0.00 -0.00 -0.00 -0.00 -0.00 -0.00 -0.00 -0.00 -0.00 -0.00 -0.00 -0.00 -0.00 -0.00 -0.00 -0.00 -0.00 0.00 0.00
0.00 0.00 0.00 0.00 0.00 0.00 0.00 0.00 0.01 0.02 0.02 0.01 0.00 0.00 0.00 0.01 0.02 0.04 0.02 0.00 0.01 0.01 0.01 0.00 0.00 0.00 0.00 0.00 0.00 0.00 0.00 0.00 0.00 0.00 0.00 0.00 0.00 0.00 0.00 0.00 0.00 0.00 0.00 -0.00 -0.00 -0.00 -0.00 -0.00 -0.00 -0.00 -0.00 -0.00 -0.00 -0.00 -0.00 -0.00 -0.00 -0.00 -0.00 -0.00 -0.00 -0.00 -0.00 -0.00 -0.00 -0.00 -0.00 -0.00 -0.00 -0.00 -0.00 -0.00 -0.00 -0.00 -0.00 0.00 0.00
0.00 0.00 0.00 0.00 0.00 0.00 0.00 0.00 0.01 0.01 0.01 0.01 0.00 0.00 0.00 0.00 0.01 0.02 0.01 0.00 0.00 0.01 0.01 0.00 0.00 0.00 0.00 0.00 0.00 0.00 0.00 0.00 0.00 0.00 0.00 0.00 0.00 0.00 0.00 0.00 0.00 0.00 -0.00 -0.00 -0.00 -0.00 -0.00 -0.00 -0.00 -0.00 -0.00 -0.00 -0.00 -0.00 -0.00 -0.00 -0.00 -0.00 -0.00 -0.00 -0.00 -0.00 -0.00 -0.00 -0.00 -0.00 -0.00 -0.00 -0.00 -0.00 -0.00 -0.00 -0.00 -0.00 -0.00 -0.00 0.00
0.00 0.00 0.00 0.00 0.00 0.00 0.00 0.00 0.00 0.01 0.01 0.02 0.00 0.00 0.00 0.00 0.00 0.00 0.00 0.00 0.00 0.00 0.01 0.00 0.00 0.00 0.00 0.00 0.00 0.00 0.00 0.00 0.00 0.00 0.00 0.00 0.00 0.00 0.00 0.00 0.00 0.00 -0.00 -0.00 -0.00 -0.00 -0.00 -0.00 -0.00 -0.00 -0.00 -0.00 -0.00 -0.00 -0.00 -0.00 -0.00 -0.00 -0.00 -0.00 -0.00 -0.00 -0.00 -0.00 -0.00 -0.00 -0.00 -0.00 -0.00 -0.00 -0.00 -0.00 -0.00 -0.00 -0.00 -0.00 0.00
0.00 0.00 0.00 0.00 0.00 0.00 0.00 0.00 0.00 0.01 0.01 0.00 0.00 0.00 0.00 0.00 0.00 0.00 0.00 0.00 0.00 0.00 0.00 0.00 0.00 0.00 0.00 0.00 0.00 0.00 0.00 0.00 0.00 0.00 0.00 0.00 -0.00 -0.00 -0.00 -0.00 -0.00 -0.00 -0.00 -0.00 -0.00 -0.00 -0.00 -0.00 -0.00 -0.00 -0.00 -0.00 -0.00 -0.00 -0.00 -0.00 -0.00 -0.00 -0.00 -0.00 -0.00 -0.00 -0.00 -0.00 -0.00 -0.00 -0.00 -0.00 -0.00 -0.00 -0.00 -0.00 -0.00 -0.00 -0.00 -0.00 -0.00
0.00 0.00 0.00 0.00 0.00 0.00 0.00 0.00 0.00 0.01 0.00 0.00 0.00 0.00 0.00 0.00 0.00 0.00 0.00 0.00 0.00 0.00 0.00 0.00 0.00 0.00 0.00 0.00 0.00 0.00 0.00 0.00 0.00 0.00 0.00 0.00 -0.00 -0.00 -0.00 -0.00 -0.00 -0.00 -0.00 -0.00 -0.00 -0.00 -0.00 -0.00 -0.00 -0.00 -0.00 -0.00 -0.00 -0.00 -0.00 -0.00 -0.00 -0.00 -0.00 -0.00 -0.00 -0.00 -0.00 -0.00 -0.00 -0.00 -0.00 -0.00 -0.00 -0.00 -0.00 -0.00 -0.00 -0.00 -0.00 -0.00 -0.00
-0.00 -0.00 -0.00 -0.00 -0.00 -0.00 0.00 0.00 0.00 0.00 0.00 0.00 0.00 0.00 0.00 0.00 0.00 0.00 0.00 0.00 -0.00 -0.00 -0.00 -0.00 -0.00 -0.00 -0.00 -0.00 -0.00 -0.00 -0.00 -0.00 -0.00 -0.00 -0.00 -0.00 -0.00 -0.00 -0.00 -0.00 -0.00 -0.00 -0.00 -0.00 -0.00 -0.00 -0.00 -0.00 -0.00 -0.00 -0.00 -0.00 -0.00 -0.00 -0.00 -0.00 -0.00 -0.00 -0.00 -0.00 -0.00 -0.00 -0.00 -0.00 -0.00 -0.00 -0.00 -0.00 -0.00 -0.00 -0.00 -0.00 -0.00 -0.00 -0.00 -0.00 -0.00
