QPF/QPF_202208082200-10.txt
ncols 525
nrows 625
xllcorner -31082
yllcorner 11395
cellsize 1000.0
NODATA_value -9999.0
[rows 170 to 203 of 625, columns 385 to 461 of 525]
0.94 1.12 1.17 1.36 1.61 1.62 1.63 1.77 1.80 1.88 1.87 1.81 1.98 1.96 1.92 1.92 1.84 1.99 2.03 1.98 2.11 2.09 2.23 2.14 2.07 2.10 2.12 2.03 1.98 2.08 2.14 2.04 2.05 2.11 1.81 1.74 1.52 1.38 1.26 1.21 1.15 1.20 1.05 1.07 0.94 0.87 0.72 0.75 0.72 0.66 0.52 0.51 0.50 0.52 0.52 0.55 0.64 0.69 0.70 0.75 0.81 0.90 1.00 1.05 1.20 1.13 1.15 1.15 1.13 1.04 1.03 1.02 1.00 1.00 1.04 0.96 0.98
1.30 1.27 1.32 1.46 1.63 1.83 1.84 1.86 1.97 1.95 1.95 1.95 1.92 1.89 1.85 1.95 1.93 2.00 2.12 2.02 2.11 2.08 2.05 2.19 2.19 2.11 2.02 2.07 1.92 2.20 2.09 1.93 1.90 1.97 1.70 1.58 1.41 1.31 1.24 1.21 1.15 1.11 1.04 0.89 0.82 0.78 0.75 0.72 0.70 0.64 0.49 0.50 0.48 0.50 0.52 0.55 0.55 0.60 0.65 0.72 0.79 0.82 0.93 0.97 1.02 1.08 1.10 1.09 1.08 0.99 1.00 1.00 0.99 0.95 0.95 0.94 0.96
1.35 1.38 1.37 1.53 1.78 2.10 1.99 1.93 2.04 2.11 2.00 1.97 1.90 1.93 1.92 2.09 2.04 2.18 2.19 2.16 2.13 2.06 1.91 2.16 2.04 2.00 2.04 2.06 1.93 1.96 1.93 1.78 1.67 1.69 1.66 1.56 1.31 1.26 1.23 1.17 1.13 1.07 0.94 0.82 0.75 0.61 0.69 0.73 0.66 0.64 0.52 0.51 0.49 0.56 0.52 0.51 0.49 0.55 0.57 0.59 0.65 0.76 0.88 0.92 0.93 1.03 1.09 1.06 1.02 1.01 0.99 0.97 0.97 0.97 0.92 0.94 0.94
1.53 1.46 1.35 1.69 1.84 1.76 1.86 2.07 2.15 2.04 2.05 1.98 2.04 2.05 1.88 2.00 2.02 2.30 2.25 2.23 2.09 2.06 1.97 1.93 1.99 1.98 1.96 2.01 1.85 1.88 1.79 1.68 1.57 1.60 1.50 1.48 1.26 1.18 1.16 1.16 1.09 0.98 0.88 0.76 0.77 0.72 0.67 0.67 0.63 0.57 0.49 0.50 0.54 0.59 0.53 0.48 0.49 0.54 0.52 0.58 0.66 0.71 0.78 0.88 0.93 0.98 0.98 1.01 1.04 0.93 0.96 0.96 0.93 0.97 0.95 0.96 0.93
1.55 1.50 1.50 1.65 1.71 1.65 1.79 1.98 2.17 2.03 1.95 1.99 1.94 1.96 1.90 2.00 2.04 2.32 2.29 2.12 2.07 2.00 1.84 1.88 2.06 1.93 1.91 1.87 1.84 1.75 1.62 1.59 1.53 1.52 1.42 1.34 1.34 1.16 1.15 1.12 1.05 0.89 0.89 0.87 0.80 0.79 0.70 0.56 0.60 0.56 0.52 0.55 0.56 0.54 0.51 0.49 0.50 0.55 0.53 0.59 0.58 0.68 0.77 0.81 0.91 1.00 0.98 0.98 1.01 0.91 0.92 0.94 0.91 0.93 0.97 0.97 0.91
1.57 1.60 1.54 1.55 1.55 1.69 1.74 1.97 1.90 1.97 1.93 1.96 1.99 1.90 1.94 2.10 2.21 2.15 2.25 2.21 1.99 2.03 2.01 2.05 2.01 1.72 1.79 1.75 1.73 1.61 1.61 1.54 1.49 1.47 1.40 1.25 1.24 1.21 1.17 1.08 1.06 0.99 1.05 0.97 0.72 0.73 0.69 0.60 0.56 0.56 0.58 0.54 0.58 0.50 0.49 0.52 0.48 0.54 0.51 0.55 0.60 0.65 0.72 0.78 0.90 0.93 0.96 0.89 0.89 0.90 0.91 0.90 0.87 0.92 0.90 0.99 0.94
1.49 1.67 1.57 1.55 1.61 1.61 1.67 1.66 1.74 1.82 1.89 1.83 1.88 2.05 1.99 2.12 2.05 2.06 2.19 2.28 2.02 2.00 2.08 1.99 1.92 1.82 1.72 1.66 1.63 1.49 1.51 1.46 1.45 1.38 1.39 1.29 1.22 1.18 1.14 1.12 1.05 1.03 1.05 0.93 0.78 0.71 0.67 0.55 0.53 0.48 0.52 0.58 0.57 0.49 0.51 0.50 0.48 0.55 0.53 0.52 0.56 0.62 0.69 0.79 0.86 0.84 0.86 0.83 0.87 0.88 0.87 0.87 0.88 0.90 0.86 0.98 0.96
1.62 1.71 1.67 1.54 1.53 1.60 1.63 1.53 1.49 1.65 1.71 1.83 1.94 2.01 2.14 1.94 2.07 2.06 2.03 2.02 1.85 1.91 1.98 1.86 1.86 1.87 1.61 1.56 1.57 1.40 1.37 1.42 1.42 1.39 1.35 1.25 1.22 1.20 1.10 1.11 1.06 1.06 1.07 1.01 0.86 0.79 0.71 0.52 0.47 0.44 0.53 0.55 0.52 0.48 0.45 0.43 0.45 0.45 0.46 0.51 0.54 0.59 0.70 0.69 0.76 0.75 0.81 0.80 0.80 0.83 0.81 0.83 0.80 0.85 0.82 0.91 0.87
1.62 1.65 1.68 1.62 1.57 1.59 1.51 1.48 1.45 1.62 1.64 1.73 1.92 1.88 1.95 1.95 2.00 1.93 1.86 1.73 1.74 1.80 1.84 1.94 2.08 1.98 1.76 1.58 1.52 1.44 1.33 1.36 1.34 1.28 1.29 1.30 1.14 1.17 1.12 1.07 1.05 1.04 1.05 1.01 0.80 0.74 0.66 0.47 0.44 0.45 0.52 0.54 0.45 0.41 0.41 0.39 0.40 0.41 0.44 0.47 0.48 0.52 0.59 0.62 0.68 0.67 0.75 0.74 0.77 0.78 0.76 0.77 0.77 0.79 0.79 0.80 0.85
1.65 1.61 1.68 1.68 1.52 1.50 1.45 1.49 1.43 1.61 1.59 1.61 1.73 1.90 1.90 1.88 1.93 1.87 1.74 1.69 1.71 1.79 1.87 2.09 2.03 1.95 1.72 1.66 1.62 1.51 1.42 1.35 1.34 1.24 1.20 1.27 1.17 1.13 1.15 1.03 1.03 0.96 0.94 0.87 0.90 0.78 0.60 0.41 0.42 0.44 0.47 0.47 0.37 0.38 0.34 0.33 0.34 0.36 0.39 0.42 0.43 0.48 0.57 0.58 0.60 0.63 0.64 0.67 0.68 0.68 0.72 0.71 0.69 0.70 0.71 0.73 0.84
1.70 1.57 1.56 1.53 1.49 1.50 1.44 1.46 1.45 1.56 1.56 1.64 1.69 1.71 1.86 1.89 1.89 1.89 1.75 1.71 1.69 1.80 2.05 2.11 2.09 2.00 1.93 1.87 1.74 1.64 1.58 1.39 1.30 1.25 1.15 1.22 1.21 1.14 1.05 1.00 0.99 0.90 0.81 0.77 0.76 0.72 0.51 0.41 0.40 0.39 0.40 0.37 0.33 0.29 0.28 0.31 0.34 0.34 0.35 0.37 0.37 0.45 0.50 0.51 0.52 0.51 0.55 0.57 0.59 0.57 0.59 0.61 0.58 0.62 0.67 0.72 0.77
1.65 1.54 1.49 1.37 1.39 1.46 1.45 1.55 1.55 1.65 1.58 1.59 1.59 1.60 1.68 1.81 1.87 1.95 1.93 1.87 1.81 2.03 1.98 2.11 2.21 2.12 1.98 1.87 1.84 1.70 1.59 1.50 1.30 1.25 1.23 1.19 1.12 1.08 1.01 0.91 0.90 0.79 0.73 0.64 0.67 0.68 0.50 0.35 0.35 0.33 0.34 0.29 0.26 0.26 0.28 0.27 0.30 0.31 0.30 0.32 0.35 0.40 0.45 0.43 0.45 0.47 0.45 0.47 0.50 0.51 0.50 0.48 0.51 0.55 0.57 0.70 0.68
1.69 1.42 1.39 1.31 1.31 1.42 1.46 1.58 1.53 1.64 1.55 1.57 1.48 1.46 1.54 1.66 1.88 2.06 1.93 1.98 1.90 1.95 2.18 2.24 2.23 2.05 1.99 1.98 1.88 1.74 1.59 1.45 1.27 1.24 1.10 1.12 1.05 1.05 0.96 0.82 0.75 0.63 0.57 0.55 0.48 0.61 0.47 0.35 0.32 0.32 0.26 0.24 0.21 0.25 0.30 0.26 0.30 0.28 0.25 0.26 0.30 0.32 0.38 0.38 0.41 0.42 0.41 0.40 0.43 0.40 0.40 0.41 0.43 0.45 0.47 0.53 0.57
1.61 1.46 1.31 1.30 1.31 1.31 1.41 1.55 1.62 1.59 1.61 1.62 1.52 1.43 1.56 1.72 1.77 1.97 2.07 2.09 2.11 2.17 2.39 2.36 2.13 2.05 2.08 2.00 1.78 1.75 1.50 1.36 1.23 1.12 0.92 0.94 1.03 0.97 0.87 0.76 0.74 0.47 0.45 0.51 0.53 0.52 0.42 0.31 0.34 0.26 0.21 0.21 0.20 0.26 0.28 0.25 0.25 0.23 0.20 0.22 0.24 0.26 0.28 0.33 0.35 0.39 0.35 0.36 0.36 0.35 0.35 0.35 0.36 0.36 0.38 0.45 0.46
1.60 1.58 1.29 1.23 1.24 1.21 1.33 1.42 1.58 1.61 1.59 1.64 1.66 1.53 1.68 1.84 1.93 1.92 2.08 2.06 2.11 2.30 2.38 2.29 2.25 2.27 1.96 1.88 1.72 1.59 1.44 1.37 1.21 1.09 0.79 0.85 0.94 0.87 0.89 0.70 0.61 0.51 0.58 0.42 0.41 0.41 0.37 0.34 0.35 0.25 0.21 0.21 0.24 0.23 0.26 0.23 0.22 0.21 0.18 0.20 0.19 0.18 0.22 0.26 0.33 0.34 0.32 0.31 0.34 0.30 0.28 0.29 0.26 0.29 0.32 0.35 0.37
1.45 1.45 1.37 1.15 1.20 1.21 1.31 1.36 1.46 1.64 1.61 1.60 1.74 1.67 1.82 1.82 1.91 1.95 2.05 2.08 2.24 2.38 2.24 2.33 2.28 2.03 1.85 1.63 1.59 1.52 1.32 1.26 1.15 1.01 0.84 0.78 0.85 0.81 0.81 0.68 0.60 0.71 0.60 0.55 0.42 0.32 0.33 0.28 0.25 0.19 0.18 0.19 0.19 0.22 0.23 0.19 0.20 0.17 0.19 0.21 0.19 0.16 0.16 0.22 0.25 0.27 0.29 0.28 0.27 0.26 0.25 0.21 0.20 0.24 0.27 0.29 0.31
1.50 1.38 1.27 1.17 1.25 1.23 1.34 1.40 1.45 1.57 1.64 1.60 1.68 1.74 1.80 1.81 1.89 1.93 2.02 2.04 2.31 2.19 2.24 2.18 2.12 1.98 1.75 1.53 1.50 1.44 1.34 1.22 1.12 0.96 0.93 0.96 0.88 0.71 0.65 0.64 0.65 0.64 0.55 0.52 0.37 0.32 0.27 0.21 0.18 0.14 0.18 0.19 0.20 0.20 0.19 0.19 0.19 0.19 0.18 0.21 0.20 0.17 0.15 0.17 0.18 0.20 0.24 0.23 0.24 0.20 0.19 0.16 0.15 0.19 0.21 0.26 0.27
1.39 1.38 1.28 1.19 1.27 1.28 1.43 1.48 1.46 1.58 1.54 1.64 1.84 1.92 2.01 1.86 1.90 1.90 1.92 1.96 2.01 1.99 1.90 2.08 1.96 1.81 1.67 1.49 1.41 1.33 1.27 1.13 1.05 0.99 0.93 0.87 0.91 0.65 0.49 0.54 0.57 0.61 0.54 0.40 0.32 0.28 0.23 0.21 0.15 0.11 0.17 0.20 0.19 0.20 0.18 0.19 0.20 0.17 0.15 0.19 0.21 0.18 0.13 0.14 0.12 0.14 0.17 0.16 0.18 0.17 0.14 0.10 0.11 0.12 0.17 0.20 0.22
1.39 1.25 1.30 1.17 1.20 1.28 1.43 1.57 1.47 1.47 1.66 1.90 2.03 2.02 2.01 1.95 1.94 1.92 1.87 1.84 1.87 1.77 1.62 1.69 1.84 1.69 1.46 1.40 1.29 1.22 1.18 1.08 0.99 0.98 0.91 0.83 0.81 0.55 0.45 0.48 0.50 0.52 0.41 0.35 0.27 0.23 0.23 0.21 0.16 0.15 0.16 0.16 0.18 0.18 0.18 0.19 0.18 0.14 0.12 0.15 0.16 0.13 0.11 0.10 0.07 0.08 0.07 0.08 0.11 0.11 0.09 0.07 0.06 0.07 0.10 0.13 0.15
1.37 1.21 1.18 1.13 1.18 1.28 1.43 1.50 1.46 1.62 1.75 1.93 2.02 2.02 1.99 2.00 2.02 1.94 1.86 1.87 1.78 1.62 1.52 1.48 1.51 1.53 1.34 1.28 1.19 1.14 1.07 1.04 0.96 0.92 0.92 0.92 0.76 0.61 0.50 0.42 0.45 0.44 0.44 0.39 0.27 0.23 0.23 0.22 0.17 0.12 0.09 0.12 0.15 0.16 0.15 0.17 0.15 0.14 0.13 0.11 0.09 0.07 0.07 0.07 0.05 0.05 0.03 0.05 0.06 0.05 0.05 0.04 0.02 0.05 0.05 0.06 0.07
1.20 1.18 1.16 1.11 1.12 1.27 1.31 1.49 1.61 1.65 1.77 1.86 1.97 2.01 2.03 2.03 2.05 1.98 1.96 1.81 1.55 1.34 1.24 1.31 1.31 1.30 1.22 1.19 1.14 1.09 1.07 1.02 0.98 0.94 0.97 0.91 0.84 0.76 0.42 0.39 0.40 0.45 0.40 0.38 0.29 0.25 0.23 0.20 0.16 0.12 0.09 0.10 0.12 0.13 0.12 0.12 0.14 0.14 0.14 0.09 0.06 0.04 0.04 0.04 0.03 0.02 0.03 0.03 0.02 0.03 0.03 0.02 0.00 0.01 0.03 0.02 0.03
1.18 1.22 1.18 1.21 1.06 1.12 1.33 1.46 1.64 1.67 1.62 1.70 1.95 1.95 2.03 2.00 2.02 2.12 2.02 1.88 1.54 1.25 1.21 1.22 1.26 1.19 1.15 1.14 1.12 1.08 1.07 1.00 1.03 0.95 0.83 0.92 0.79 0.69 0.45 0.40 0.37 0.33 0.35 0.32 0.25 0.22 0.18 0.18 0.15 0.13 0.08 0.09 0.09 0.10 0.10 0.11 0.13 0.14 0.12 0.08 0.05 0.02 0.03 0.04 0.02 -0.00 0.01 0.02 0.01 0.00 0.02 0.00 0.01 -0.00 0.01 0.02 0.01
1.17 1.24 1.22 1.27 1.15 1.17 1.37 1.53 1.59 1.51 1.45 1.47 1.62 1.95 2.05 2.08 2.13 2.09 1.92 1.97 1.44 1.20 1.21 1.15 1.14 1.16 1.10 1.10 1.08 1.08 1.04 1.01 0.98 0.85 0.82 0.87 0.72 0.58 0.56 0.34 0.33 0.31 0.25 0.27 0.18 0.16 0.15 0.17 0.16 0.15 0.07 0.07 0.06 0.08 0.08 0.11 0.13 0.12 0.08 0.05 0.03 0.02 0.03 0.04 0.02 -0.00 0.01 0.00 0.00 0.00 0.00 0.00 -0.00 -0.00 -0.00 -0.00 -0.00
1.26 1.31 1.17 1.30 1.33 1.21 1.44 1.49 1.51 1.49 1.46 1.40 1.53 1.78 2.09 2.23 2.16 2.03 1.92 1.87 1.56 1.37 1.23 1.18 1.15 1.12 1.08 1.07 1.06 1.05 1.03 0.94 0.94 0.81 0.81 0.74 0.64 0.57 0.42 0.32 0.26 0.21 0.20 0.18 0.13 0.09 0.07 0.10 0.12 0.10 0.06 0.04 0.05 0.07 0.09 0.14 0.15 0.10 0.07 0.04 0.03 0.02 0.03 0.03 0.02 0.00 0.01 -0.00 -0.00 -0.00 -0.00 0.00 -0.00 -0.00 0.00 0.00 -0.01
1.26 1.24 1.28 1.28 1.57 1.49 1.50 1.51 1.53 1.58 1.43 1.44 1.43 1.57 1.94 2.08 2.02 2.07 2.09 1.82 1.75 1.62 1.30 1.27 1.16 1.12 1.05 1.06 0.98 0.97 0.97 0.88 0.91 0.81 0.75 0.65 0.56 0.45 0.36 0.24 0.20 0.18 0.19 0.15 0.07 0.04 0.04 0.05 0.07 0.04 0.03 0.02 0.02 0.05 0.08 0.13 0.13 0.07 0.04 0.03 0.03 0.00 0.03 0.03 0.02 0.00 0.02 0.02 0.01 0.01 0.01 0.00 -0.00 -0.00 -0.00 0.01 0.00
1.23 1.28 1.37 1.33 1.60 1.71 1.56 1.56 1.49 1.53 1.46 1.45 1.45 1.53 1.66 2.06 2.07 1.98 1.93 1.77 1.70 1.57 1.41 1.24 1.12 1.10 1.04 1.03 0.92 0.95 0.88 0.80 0.83 0.77 0.68 0.54 0.45 0.33 0.25 0.17 0.15 0.14 0.14 0.10 0.03 0.02 0.02 0.02 0.03 0.03 0.02 0.01 0.01 0.02 0.07 0.14 0.13 0.08 0.06 0.04 0.02 0.01 0.03 0.03 0.01 0.02 0.03 0.03 0.03 0.01 0.02 0.01 -0.00 0.00 -0.00 -0.00 -0.00
1.35 1.40 1.50 1.61 1.68 1.67 1.61 1.63 1.53 1.50 1.51 1.46 1.37 1.47 1.68 1.91 1.99 1.93 1.87 1.70 1.65 1.49 1.34 1.16 1.12 1.08 1.02 0.95 0.86 0.87 0.76 0.76 0.70 0.69 0.60 0.43 0.31 0.22 0.17 0.13 0.10 0.08 0.09 0.04 0.02 0.00 -0.00 0.01 0.01 0.02 0.01 0.00 0.01 0.01 0.06 0.13 0.13 0.10 0.08 0.04 0.02 0.04 0.03 0.03 0.02 0.04 0.05 0.05 0.04 0.02 0.03 0.00 0.00 0.00 0.00 -0.00 -0.00
1.44 1.47 1.62 1.60 1.67 1.76 1.62 1.58 1.54 1.58 1.52 1.47 1.40 1.50 1.65 1.86 1.91 1.92 1.80 1.65 1.53 1.31 1.21 1.12 1.07 1.03 0.97 0.85 0.77 0.69 0.71 0.65 0.60 0.55 0.44 0.27 0.21 0.13 0.10 0.07 0.04 0.04 0.03 0.02 0.01 -0.00 -0.00 -0.00 -0.01 0.01 0.02 0.02 0.01 0.00 0.08 0.15 0.15 0.12 0.09 0.06 0.05 0.07 0.05 0.04 0.03 0.05 0.06 0.05 0.06 0.03 0.04 0.02 0.01 0.00 0.00 -0.00 -0.00
1.50 1.53 1.67 1.74 1.74 1.75 1.56 1.51 1.53 1.57 1.61 1.56 1.52 1.53 1.56 1.66 1.82 1.84 1.71 1.55 1.44 1.30 1.11 1.06 1.06 0.97 0.85 0.80 0.68 0.56 0.64 0.65 0.57 0.42 0.32 0.24 0.18 0.11 0.06 0.03 0.02 0.02 0.02 0.01 -0.00 -0.00 -0.00 -0.00 -0.00 -0.00 0.01 0.02 0.01 0.01 0.09 0.12 0.15 0.15 0.11 0.08 0.11 0.13 0.08 0.09 0.09 0.09 0.06 0.08 0.08 0.07 0.06 0.06 0.05 0.03 0.02 0.00 -0.00
1.48 1.57 1.70 1.76 1.67 1.71 1.47 1.39 1.51 1.59 1.55 1.59 1.51 1.48 1.61 1.64 1.69 1.74 1.66 1.51 1.35 1.28 1.12 1.06 1.00 0.96 0.84 0.76 0.62 0.53 0.50 0.50 0.44 0.31 0.23 0.17 0.10 0.06 0.02 0.01 0.02 0.01 -0.00 -0.00 -0.00 -0.00 -0.00 -0.00 -0.00 0.00 0.00 0.02 0.00 0.02 0.07 0.09 0.13 0.15 0.13 0.12 0.17 0.19 0.15 0.14 0.14 0.12 0.07 0.09 0.09 0.07 0.07 0.08 0.06 0.03 0.03 0.00 -0.00
1.44 1.56 1.64 1.66 1.68 1.61 1.60 1.42 1.39 1.54 1.57 1.41 1.45 1.53 1.56 1.65 1.64 1.59 1.52 1.46 1.35 1.25 1.25 1.14 0.93 0.91 0.81 0.65 0.55 0.63 0.51 0.48 0.33 0.23 0.19 0.12 0.05 0.03 0.02 0.00 -0.00 -0.00 -0.00 -0.00 -0.00 -0.00 -0.00 -0.00 -0.00 -0.00 -0.00 0.00 -0.01 0.03 0.06 0.07 0.13 0.13 0.16 0.18 0.21 0.24 0.23 0.24 0.25 0.16 0.15 0.13 0.13 0.11 0.08 0.08 0.06 0.05 0.05 0.01 0.00
1.47 1.58 1.62 1.70 1.69 1.69 1.79 1.50 1.38 1.49 1.43 1.41 1.42 1.48 1.52 1.60 1.56 1.52 1.46 1.38 1.40 1.28 1.14 1.02 0.91 0.79 0.68 0.63 0.59 0.54 0.49 0.53 0.31 0.20 0.16 0.07 0.02 0.02 0.00 -0.00 -0.00 -0.00 -0.00 -0.00 -0.00 -0.00 -0.00 -0.00 -0.00 -0.00 -0.00 -0.00 -0.02 0.02 0.04 0.06 0.10 0.12 0.14 0.19 0.23 0.25 0.28 0.27 0.25 0.20 0.20 0.23 0.19 0.13 0.08 0.06 0.04 0.04 0.04 0.01 -0.00
1.74 1.72 1.85 1.77 1.71 1.68 1.66 1.52 1.40 1.40 1.35 1.34 1.48 1.51 1.54 1.50 1.49 1.56 1.43 1.37 1.39 1.25 1.02 0.88 0.72 0.68 0.60 0.55 0.54 0.46 0.44 0.40 0.32 0.18 0.10 0.03 0.01 -0.00 -0.00 -0.00 -0.00 -0.00 -0.00 -0.00 -0.00 -0.00 -0.00 -0.00 -0.00 -0.00 0.00 0.00 -0.01 0.03 0.02 0.06 0.08 0.08 0.09 0.14 0.20 0.22 0.25 0.24 0.24 0.22 0.25 0.25 0.20 0.18 0.11 0.05 0.02 0.03 0.03 0.01 0.00
1.89 1.95 1.98 1.79 1.81 1.68 1.62 1.46 1.23 1.17 1.27 1.34 1.47 1.54 1.51 1.60 1.43 1.51 1.37 1.33 1.22 1.09 0.89 0.73 0.62 0.51 0.45 0.48 0.47 0.42 0.45 0.38 0.26 0.14 0.05 0.02 0.01 -0.00 -0.00 -0.00 -0.00 -0.00 -0.00 -0.00 -0.00 -0.00 -0.00 -0.00 -0.00 -0.00 -0.00 -0.00 -0.01 0.02 0.03 0.05 0.08 0.05 0.05 0.09 0.11 0.13 0.18 0.16 0.17 0.15 0.18 0.19 0.16 0.11 0.07 0.05 0.00 0.03 0.03 0.01 -0.00
