QPF/QPF_202208082200-180.txt
ncols 525
nrows 625
xllcorner -31082
yllcorner 11395
cellsize 1000.0
NODATA_value -9999.0
[rows 222 to 258 of 625, columns 252 to 335 of 525]
3.79 4.31 4.31 4.34 4.21 4.04 4.05 3.68 3.63 3.03 2.95 2.93 2.93 2.38 2.32 2.25 2.19 2.08 2.18 2.31 2.35 2.22 2.34 2.20 2.30 2.28 2.42 2.41 2.61 3.22 3.38 4.02 3.77 5.10 4.74 5.00 4.89 5.10 5.49 5.72 5.63 6.54 6.18 5.97 5.93 9.29 9.88 10.91 11.89 12.25 13.61 14.26 14.88 14.43 14.47 14.79 14.49 12.47 10.89 10.19 8.87 7.34 6.31 5.60 5.15 3.84 3.80 3.72 3.65 2.38 2.41 2.40 2.20 2.14 1.94 1.73 1.72 1.16 0.95 0.91 0.77 0.29 0.26 0.17
3.00 3.45 3.23 3.41 3.33 3.17 3.15 2.59 2.60 2.30 2.21 1.96 1.94 1.70 1.85 1.82 1.79 1.78 1.87 2.00 2.35 2.09 2.13 1.97 2.22 2.39 2.65 2.68 2.59 3.10 3.29 4.15 4.14 6.00 5.58 5.37 5.25 5.48 6.11 6.15 6.20 7.00 6.79 6.82 6.73 9.66 10.03 10.82 11.42 10.98 11.60 11.69 11.52 11.45 11.55 11.92 11.17 9.62 8.94 8.25 7.37 6.37 5.84 5.33 4.86 3.82 4.14 4.22 4.28 3.12 2.91 2.78 2.75 2.80 2.53 2.16 2.07 1.58 1.37 1.24 1.10 0.67 0.57 0.44
3.08 3.40 3.39 3.21 3.08 2.95 2.97 2.28 2.35 2.10 2.02 1.76 1.83 1.69 1.83 1.92 1.92 1.82 1.89 2.13 2.38 2.22 2.25 2.01 2.29 2.37 2.60 2.75 2.59 2.89 2.98 4.08 3.99 5.56 5.31 5.24 4.93 4.77 5.22 5.56 5.54 5.95 5.88 6.01 5.83 8.23 8.54 9.00 9.72 8.60 9.15 9.43 9.35 9.72 9.98 10.17 9.72 8.21 7.60 7.22 6.57 5.72 5.12 4.90 4.66 3.51 3.47 3.67 3.87 3.00 2.84 2.72 2.61 2.57 2.38 2.02 1.93 1.46 1.32 1.14 1.01 0.60 0.51 0.45
2.66 2.99 2.95 2.84 2.75 2.42 2.37 1.81 1.98 1.85 1.73 1.58 1.52 1.47 1.61 1.69 1.81 1.62 1.98 1.91 2.24 1.60 1.82 2.03 2.11 2.09 1.98 2.36 2.12 2.36 2.32 2.74 2.55 4.43 4.31 4.63 4.31 3.88 4.05 4.22 4.43 4.85 4.88 5.06 4.66 6.30 6.35 7.06 7.78 6.92 7.46 7.58 7.87 8.18 8.21 8.27 8.14 7.38 6.87 6.57 6.04 5.16 4.83 4.44 4.24 3.35 3.21 3.29 3.56 2.84 2.70 2.45 2.37 2.22 2.04 1.83 1.74 1.37 1.23 1.14 1.02 0.59 0.54 0.48
2.58 3.13 3.31 2.93 2.70 2.31 2.28 1.83 1.85 1.73 1.60 1.52 1.41 1.51 1.70 1.86 1.76 1.65 1.83 1.92 2.31 1.80 2.01 1.94 2.08 2.26 2.27 2.46 1.99 2.20 2.21 2.67 2.40 4.10 4.02 4.44 4.27 3.57 3.57 3.71 3.78 4.05 4.06 4.31 4.07 5.56 5.85 6.61 6.92 6.35 6.55 6.69 7.00 7.60 7.24 7.30 7.21 6.64 6.06 5.83 5.67 4.94 4.52 4.23 4.03 3.17 2.94 2.94 3.10 2.63 2.51 2.24 2.20 2.08 1.98 1.80 1.68 1.32 1.22 1.12 1.01 0.61 0.56 0.48
4.08 3.73 3.61 3.15 2.95 2.08 1.90 1.38 1.37 1.03 0.95 1.00 1.01 1.27 1.65 1.26 2.03 0.91 1.72 1.71 2.41 2.33 2.32 2.63 2.30 1.88 1.18 1.54 1.16 1.02 0.77 1.49 1.31 2.35 2.32 2.73 2.63 1.96 1.90 1.99 1.97 1.96 1.94 2.24 2.16 3.72 4.09 4.62 4.86 3.90 4.09 4.27 4.62 5.58 5.38 5.60 5.82 5.34 5.32 4.98 4.97 4.31 3.92 3.71 3.52 2.73 2.43 2.41 2.44 1.96 1.88 1.68 1.60 1.56 1.45 1.38 1.34 0.96 0.92 0.83 0.73 0.24 0.18 0.11
2.97 2.97 3.02 2.59 2.44 1.58 1.40 1.15 1.07 0.97 0.88 0.99 1.08 1.35 1.64 1.56 2.08 1.66 2.78 3.59 5.90 6.09 5.44 5.41 4.09 3.90 2.63 3.22 1.85 1.33 1.06 1.71 1.61 2.20 2.32 2.56 2.41 1.81 1.62 1.84 1.83 1.90 1.82 2.02 2.01 3.72 4.03 4.37 4.91 3.93 4.02 4.21 4.39 4.97 4.96 5.33 5.41 5.17 5.08 4.68 4.61 3.95 3.68 3.53 3.28 2.69 2.41 2.36 2.30 1.84 1.72 1.52 1.45 1.50 1.41 1.39 1.31 0.90 0.90 0.78 0.67 0.21 0.18 0.10
2.25 2.03 1.87 1.76 1.62 0.86 0.82 0.49 0.33 0.53 0.58 0.45 0.53 1.41 1.98 2.46 3.87 4.32 6.43 9.88 10.96 11.21 10.01 10.15 8.45 7.21 5.84 4.13 2.82 0.68 0.65 0.74 0.89 1.62 1.70 2.01 2.03 1.53 1.40 1.46 1.52 1.55 1.62 1.68 1.68 3.48 3.86 4.21 4.53 4.01 4.04 4.27 4.54 5.26 5.16 5.39 5.37 5.17 4.90 4.58 4.50 3.97 3.83 3.69 3.35 2.68 2.57 2.57 2.52 1.79 1.69 1.43 1.43 1.58 1.57 1.46 1.37 0.94 0.88 0.76 0.69 0.26 0.20 0.12
1.89 1.79 1.59 1.40 1.33 0.70 0.59 0.45 0.39 0.63 0.72 0.61 0.70 1.50 2.98 6.20 8.72 9.02 11.17 13.11 14.81 14.83 13.30 13.09 10.33 8.22 6.53 6.11 3.54 1.08 0.88 0.94 1.04 1.74 1.73 2.01 1.99 1.52 1.35 1.32 1.34 1.46 1.52 1.46 1.57 3.28 3.69 4.13 4.49 4.01 3.89 4.20 4.50 4.96 5.03 5.08 5.17 4.75 4.51 4.21 4.01 3.59 3.39 3.30 3.05 2.25 2.25 2.16 2.08 1.60 1.52 1.29 1.33 1.50 1.48 1.41 1.29 0.81 0.78 0.72 0.61 0.20 0.17 0.13
1.21 1.26 1.29 1.10 1.19 0.51 0.48 0.42 0.43 0.71 0.85 0.86 0.96 3.06 5.52 10.27 16.46 17.76 22.01 25.46 26.91 26.45 24.23 24.05 21.51 16.94 13.76 11.67 7.76 3.90 3.19 2.61 2.42 2.41 2.18 2.20 2.13 1.56 1.44 1.53 1.56 1.81 1.84 1.85 1.91 3.42 3.64 4.24 4.53 3.61 3.66 3.96 4.24 4.43 4.28 4.46 4.38 3.91 3.57 3.24 3.23 2.92 2.80 2.52 2.36 1.41 1.31 1.19 1.10 0.86 0.84 0.77 0.80 1.00 0.99 0.91 0.84 0.44 0.42 0.40 0.34 0.02 0.03 0.03
0.96 1.04 1.05 0.93 0.93 0.39 0.38 0.35 0.40 0.53 0.66 0.80 0.99 4.13 7.15 12.39 18.74 18.69 21.92 23.62 23.62 22.33 19.89 19.64 16.87 13.46 11.14 8.42 5.82 2.80 2.29 2.11 2.12 2.27 2.03 2.00 1.99 1.49 1.37 1.43 1.51 1.66 1.66 1.71 1.79 3.14 3.28 4.01 4.37 3.68 3.71 4.27 4.15 4.33 4.20 4.32 4.22 3.70 3.35 3.19 3.22 2.80 2.69 2.42 2.36 1.40 1.29 1.15 1.09 0.80 0.81 0.77 0.78 0.89 0.88 0.87 0.80 0.45 0.44 0.42 0.34 0.03 0.03 0.02
0.83 0.75 0.81 0.79 0.84 0.37 0.35 0.34 0.44 0.67 0.70 0.99 1.13 6.92 9.97 14.48 20.07 17.64 19.43 20.44 20.47 19.17 17.44 16.27 13.66 11.16 8.72 5.88 4.09 2.30 2.13 1.75 1.61 1.83 1.72 1.64 1.66 1.39 1.20 1.16 1.27 1.32 1.26 1.28 1.40 2.72 2.71 3.45 3.81 3.29 3.26 3.85 3.95 4.24 4.15 4.21 3.97 3.41 2.99 2.96 2.97 2.47 2.40 2.30 2.08 1.15 1.09 0.98 0.94 0.62 0.60 0.54 0.57 0.72 0.77 0.81 0.72 0.33 0.28 0.28 0.25 0.01 0.02 0.01
0.73 0.66 0.66 0.64 0.75 0.26 0.33 0.32 0.37 0.52 0.73 0.97 1.05 7.66 10.42 14.89 19.25 14.72 15.10 15.57 15.30 14.12 11.79 10.92 9.16 6.55 4.99 3.65 2.92 1.64 1.63 1.38 1.27 1.64 1.59 1.49 1.44 1.17 1.12 1.07 1.13 1.20 1.16 1.17 1.23 2.42 2.50 3.06 3.40 2.91 3.15 3.66 3.69 4.09 4.26 4.31 4.02 3.31 3.09 2.96 2.77 2.26 2.26 2.26 2.16 1.19 1.03 0.95 0.89 0.60 0.60 0.52 0.53 0.72 0.76 0.70 0.70 0.30 0.23 0.21 0.19 0.01 0.02 0.02
0.00 0.00 0.01 0.08 0.04 0.00 0.01 0.00 0.01 0.23 0.53 1.16 1.77 9.78 12.19 17.17 20.10 13.55 12.38 11.31 9.70 6.48 4.36 2.54 1.74 1.28 1.00 0.91 0.76 0.67 0.59 0.44 0.56 1.26 1.16 1.12 1.09 0.98 1.01 1.05 1.03 1.08 1.00 1.02 1.00 1.85 2.22 2.66 2.97 2.72 2.84 3.07 3.07 3.42 3.42 3.69 3.56 2.93 2.72 2.54 2.28 1.79 1.70 1.83 1.75 1.21 1.11 1.06 1.03 0.78 0.78 0.64 0.62 0.75 0.78 0.66 0.64 0.37 0.39 0.29 0.30 0.01 0.03 0.01
0.02 0.02 0.03 0.08 0.10 0.01 0.02 0.01 0.02 0.20 0.42 1.06 1.60 7.63 9.17 13.34 15.09 9.64 8.10 7.30 6.15 4.24 3.16 1.81 1.29 0.94 0.73 0.69 0.59 0.46 0.43 0.33 0.48 1.06 0.98 0.92 0.94 0.90 0.98 0.91 0.84 0.83 0.88 0.84 0.82 1.67 1.84 2.14 2.62 2.60 2.89 2.87 2.79 3.10 3.15 3.21 3.12 2.59 2.30 2.09 1.85 1.47 1.35 1.56 1.52 1.11 1.05 1.02 0.97 0.74 0.74 0.60 0.57 0.70 0.67 0.57 0.59 0.32 0.25 0.13 0.10 0.00 0.00 0.00
0.04 0.03 0.03 0.09 0.12 0.02 0.04 0.00 0.02 0.21 0.39 0.98 1.32 3.91 4.77 6.48 7.15 4.98 4.70 4.29 3.53 2.44 1.61 1.25 1.08 0.74 0.70 0.53 0.49 0.45 0.45 0.41 0.51 0.88 0.89 0.82 0.79 0.79 0.81 0.80 0.79 0.82 0.93 0.91 0.85 1.73 1.91 1.91 2.11 2.11 2.33 2.48 2.63 2.71 2.61 2.78 2.66 2.34 1.97 1.87 1.81 1.56 1.55 1.72 1.75 1.50 1.36 1.24 1.18 0.98 0.89 0.83 0.89 0.98 0.95 0.85 0.81 0.57 0.51 0.25 0.19 0.00 0.00 0.00
0.06 0.01 0.02 0.08 0.12 0.01 0.01 0.00 0.02 0.11 0.26 0.72 1.23 3.29 4.50 6.12 6.32 5.04 3.83 2.94 2.36 1.46 1.22 0.87 0.77 0.54 0.48 0.39 0.36 0.36 0.38 0.31 0.36 0.67 0.72 0.69 0.68 0.64 0.69 0.67 0.67 0.74 0.74 0.86 0.79 1.99 2.17 1.90 1.98 2.17 2.14 2.17 2.24 2.42 2.23 2.39 2.41 1.89 1.84 1.62 1.70 1.57 1.59 1.69 1.74 1.46 1.40 1.23 1.18 0.87 0.83 0.73 0.70 0.85 0.79 0.65 0.61 0.36 0.31 0.16 0.17 0.02 0.02 0.03
0.00 0.00 0.01 0.05 0.03 0.00 0.02 0.03 0.04 0.12 0.10 0.16 0.13 0.04 0.06 0.04 0.02 0.00 0.00 0.01 0.00 0.00 0.00 0.00 0.00 0.00 0.00 0.00 0.00 0.00 0.00 0.00 0.00 0.00 0.00 0.00 0.00 0.00 0.00 0.00 0.00 0.00 0.00 0.00 0.00 0.00 0.00 0.00 0.00 0.00 0.00 0.00 0.00 0.00 0.00 0.00 0.00 0.00 0.00 0.00 0.00 0.00 0.00 0.00 0.00 0.00 0.00 0.00 0.00 0.00 0.00 0.00 0.00 0.00 0.00 0.00 0.00 0.00 0.00 0.00 0.00 0.00 0.00 0.00
0.00 0.00 0.00 0.02 0.01 0.00 0.01 0.01 0.01 0.09 0.07 0.12 0.12 0.02 0.05 0.02 0.01 0.00 0.00 0.00 0.01 0.00 0.00 0.00 0.00 0.00 0.00 0.00 0.00 0.00 0.00 0.00 0.00 0.00 0.00 0.00 0.00 0.00 0.00 0.00 0.00 0.00 0.00 0.00 0.00 0.00 0.00 0.00 0.00 0.00 0.00 0.00 0.00 0.00 0.00 0.00 0.00 0.00 0.00 0.00 0.00 0.00 0.00 0.00 0.00 0.00 0.00 0.00 0.00 0.00 0.00 0.00 0.00 0.00 0.00 0.00 0.00 0.00 0.00 0.00 0.00 0.00 0.00 0.00
0.00 0.00 0.01 0.02 0.03 0.01 0.02 0.02 0.01 0.06 0.06 0.06 0.09 0.00 0.00 0.00 0.00 0.00 0.00 0.00 0.00 0.00 0.00 0.00 0.00 0.00 0.00 0.00 0.00 0.00 0.00 0.00 0.00 0.00 0.00 0.00 0.00 0.00 0.00 0.00 0.00 0.00 0.00 0.00 0.00 0.00 0.00 0.00 0.00 0.00 0.00 0.00 0.00 0.00 0.00 0.00 0.00 0.00 0.00 0.00 0.00 0.00 0.00 0.00 0.00 0.00 0.00 0.00 0.00 0.00 0.00 0.00 0.00 0.00 0.00 0.00 0.00 0.00 0.00 0.00 0.00 0.00 0.00 0.00
0.00 0.00 0.00 0.01 0.04 0.00 0.01 0.01 0.00 0.03 0.03 0.03 0.05 0.00 0.00 0.00 0.00 0.00 0.00 0.00 0.00 0.00 0.00 0.00 0.00 0.00 0.00 0.00 0.00 0.00 0.00 0.00 0.00 0.00 0.00 0.00 0.00 0.00 0.00 0.00 0.00 0.00 0.00 0.00 0.00 0.00 0.00 0.00 0.00 0.00 0.00 0.00 0.00 0.00 0.00 0.00 0.00 0.00 0.00 0.00 0.00 0.00 0.00 0.00 0.00 0.00 0.00 0.00 0.00 0.00 0.00 0.00 0.00 0.00 0.00 0.00 0.00 0.00 0.00 0.00 0.00 0.00 0.00 0.00
0.00 0.00 0.00 0.00 0.00 0.00 0.00 0.00 0.00 0.00 0.00 0.00 0.00 0.00 0.00 0.00 0.00 0.00 0.00 0.00 0.00 0.00 0.00 0.00 0.00 0.00 0.00 0.00 0.00 0.00 0.00 0.00 0.00 0.00 0.00 0.00 0.00 0.00 0.00 0.00 0.00 0.00 0.00 0.00 0.00 0.00 0.00 0.00 0.00 0.00 0.00 0.00 0.00 0.00 0.00 0.00 0.00 0.00 0.00 0.00 0.00 0.00 0.00 0.00 0.00 0.00 0.00 0.00 0.00 0.00 0.00 0.00 0.00 0.00 0.00 0.00 0.00 0.00 0.00 0.00 0.00 0.00 0.00 0.00
0.00 0.00 0.00 0.00 0.00 0.00 0.00 0.00 0.00 0.00 0.00 0.00 0.00 0.00 0.00 0.00 0.00 0.00 0.00 0.00 0.00 0.00 0.00 0.00 0.00 0.00 0.00 0.00 0.00 0.00 0.00 0.00 0.00 0.00 0.00 0.00 0.00 0.00 0.00 0.00 0.00 0.00 0.00 0.00 0.00 0.00 0.00 0.00 0.00 0.00 0.00 0.00 0.00 0.00 0.00 0.00 0.00 0.00 0.00 0.00 0.00 0.00 0.00 0.00 0.00 0.00 0.00 0.00 0.00 0.00 0.00 0.00 0.00 0.00 0.00 0.00 0.00 0.00 0.00 0.00 0.00 0.00 0.00 0.00
0.00 0.00 0.00 0.00 0.00 0.00 0.00 0.00 0.00 0.00 0.00 0.00 0.00 0.00 0.00 0.00 0.00 0.00 0.00 0.00 0.00 0.00 0.00 0.00 0.00 0.00 0.00 0.00 0.00 0.00 0.00 0.00 0.00 0.00 0.00 0.00 0.00 0.00 0.00 0.00 0.00 0.00 0.00 0.00 0.00 0.00 0.00 0.00 0.00 0.00 0.00 0.00 0.00 0.00 0.00 0.00 0.00 0.00 0.00 0.00 0.00 0.00 0.00 0.00 0.00 0.00 0.00 0.00 0.00 0.00 0.00 0.00 0.00 0.00 0.00 0.00 0.00 0.00 0.00 0.00 0.00 0.00 0.00 0.00
0.00 0.00 0.00 0.00 0.00 0.00 0.00 0.00 0.00 0.00 0.00 0.00 0.00 0.00 0.00 0.00 0.00 0.00 0.00 0.00 0.00 0.00 0.00 0.00 0.00 0.00 0.00 0.00 0.00 0.00 0.00 0.00 0.00 0.00 0.00 0.00 0.00 0.00 0.00 0.00 0.00 0.00 0.00 0.00 0.00 0.00 0.00 0.00 0.00 0.00 0.00 0.00 0.00 0.00 0.00 0.00 0.00 0.00 0.00 0.00 0.00 0.00 0.00 0.00 0.00 0.00 0.00 0.00 0.00 0.00 0.00 0.00 0.00 0.00 0.00 0.00 0.00 0.00 0.00 0.00 0.00 0.00 0.00 0.00
0.00 0.00 0.00 0.00 0.00 0.00 0.00 0.00 0.00 0.01 0.01 0.01 0.01 0.00 0.00 0.00 0.00 0.00 0.00 0.00 0.00 0.00 0.00 0.00 0.00 0.00 0.00 0.00 0.00 0.00 0.00 0.00 0.00 0.00 0.00 0.00 0.00 0.00 0.00 0.00 0.00 0.00 0.00 0.00 0.00 0.00 0.00 0.00 0.00 0.00 0.00 0.00 0.00 0.00 0.00 0.00 0.00 0.00 0.00 0.00 0.00 0.00 0.00 0.00 0.00 0.00 0.00 0.00 0.00 0.00 0.00 0.00 0.00 0.00 0.00 0.00 0.00 0.00 0.00 0.00 0.00 0.00 0.00 0.00
0.01 0.01 0.01 0.01 0.01 0.00 0.00 0.00 0.00 0.02 0.03 0.02 0.02 0.00 0.00 0.01 0.00 0.00 0.00 0.00 0.00 0.00 0.00 0.00 0.00 0.00 0.00 0.00 0.00 0.00 0.00 0.00 0.00 0.00 0.00 0.00 0.00 0.00 0.00 0.00 0.00 0.00 0.00 0.00 0.00 0.00 0.00 0.00 0.00 0.00 0.00 0.00 0.00 0.00 0.00 0.00 0.00 0.00 0.00 0.00 0.00 0.00 0.00 0.00 0.00 0.00 0.00 0.00 0.00 0.00 0.00 0.00 0.00 0.00 0.00 0.00 0.00 0.00 0.00 0.00 0.00 0.00 0.00 0.00
0.03 0.04 0.05 0.06 0.06 0.01 0.01 0.02 0.01 0.04 0.05 0.04 0.04 0.01 0.01 0.02 0.00 0.00 0.00 0.00 0.00 0.00 0.00 0.00 0.00 0.00 0.00 0.00 0.00 0.00 0.00 -0.00 -0.00 -0.00 -0.00 -0.00 -0.00 0.00 0.00 0.00 0.00 0.00 0.00 0.00 0.00 0.00 0.00 0.00 0.00 0.00 0.00 0.00 0.00 0.00 0.00 0.00 0.00 0.00 0.00 0.00 0.00 0.00 0.00 0.00 0.00 0.00 0.00 0.00 0.00 0.00 0.00 0.00 0.00 0.00 0.00 0.00 0.00 0.00 0.00 0.00 0.00 0.00 0.00 0.00
0.13 0.14 0.15 0.17 0.18 0.10 0.08 0.14 0.13 0.14 0.12 0.09 0.08 0.04 0.02 0.03 0.01 0.00 0.00 0.00 0.00 0.00 0.00 0.00 0.00 0.00 -0.00 0.00 0.00 0.00 -0.00 -0.00 -0.00 -0.00 -0.00 -0.00 -0.00 -0.00 -0.00 0.00 0.00 0.00 0.00 0.00 0.00 0.00 0.00 0.00 0.00 0.00 0.00 0.00 0.00 0.00 0.00 0.00 0.00 0.00 0.00 0.00 0.00 0.00 0.00 0.00 0.00 0.00 0.00 0.00 0.00 0.00 0.00 0.00 0.00 0.00 0.00 0.00 0.00 0.00 0.00 0.00 0.00 0.00 0.00 0.00
0.26 0.25 0.25 0.28 0.28 0.16 0.14 0.19 0.17 0.14 0.13 0.12 0.11 0.08 0.03 0.06 0.02 0.00 0.00 0.00 0.00 0.00 0.00 0.00 0.00 0.00 -0.00 -0.00 -0.00 -0.00 -0.00 -0.00 -0.00 -0.00 -0.00 -0.00 -0.00 -0.00 -0.00 0.00 0.00 0.00 0.00 0.00 0.00 0.00 0.00 0.00 0.00 0.00 0.00 0.00 0.00 0.00 0.00 0.00 0.00 0.00 0.00 0.00 0.00 0.00 0.00 0.00 0.00 0.00 0.00 0.00 0.00 0.00 0.00 0.00 0.00 0.00 0.00 0.00 0.00 0.00 0.00 0.00 0.00 0.00 0.00 0.00
0.26 0.25 0.24 0.27 0.25 0.15 0.14 0.19 0.18 0.14 0.11 0.14 0.13 0.10 0.06 0.06 0.03 0.00 0.00 0.00 0.00 0.00 0.00 0.00 0.00 0.00 -0.00 -0.00 -0.00 -0.00 -0.00 -0.00 -0.00 -0.00 -0.00 -0.00 -0.00 -0.00 -0.00 0.00 0.00 0.00 0.00 0.00 0.00 0.00 0.00 0.00 0.00 0.00 0.00 0.00 0.00 0.00 0.00 0.00 0.00 0.00 0.00 0.00 0.00 0.00 0.00 0.00 0.00 0.00 0.00 0.00 0.00 0.00 0.00 0.00 0.00 0.00 0.00 0.00 0.00 0.00 0.00 0.00 0.00 0.00 0.00 0.00
0.33 0.33 0.29 0.29 0.27 0.16 0.16 0.19 0.15 0.16 0.13 0.13 0.17 0.10 0.09 0.12 0.07 0.00 0.00 0.00 0.00 0.00 0.00 0.00 0.00 0.00 -0.00 -0.00 -0.00 -0.00 -0.00 -0.00 -0.00 -0.00 -0.00 -0.00 -0.00 -0.00 -0.00 0.00 0.00 0.00 0.00 0.00 0.00 0.00 0.00 0.00 0.00 0.00 0.00 0.00 0.00 0.00 0.00 0.00 0.00 0.00 0.00 0.00 0.00 0.00 0.00 0.00 0.00 0.00 0.00 0.00 0.00 0.00 0.00 0.00 0.00 0.00 0.00 0.00 0.00 0.00 0.00 0.00 0.00 0.00 0.00 0.00
0.37 0.37 0.31 0.30 0.31 0.13 0.12 0.27 0.21 0.18 0.16 0.17 0.26 0.10 0.04 0.13 0.07 0.00 0.00 0.00 0.00 0.00 0.00 0.00 0.00 0.00 0.00 0.00 0.00 0.00 0.00 -0.00 -0.00 -0.00 -0.00 -0.00 -0.00 -0.00 0.00 0.00 0.00 0.00 0.00 0.00 0.00 0.00 0.00 0.00 0.00 0.00 0.00 0.00 0.00 0.00 0.00 0.00 0.00 0.00 0.00 0.00 0.00 0.00 0.00 0.00 0.00 0.00 0.00 0.00 0.00 0.00 0.00 0.00 0.00 0.00 0.00 0.00 0.00 0.00 0.00 0.00 0.00 0.00 0.00 0.00
1.12 1.17 1.17 1.17 1.18 1.05 1.03 1.07 1.05 1.07 1.04 1.04 0.99 0.79 0.76 0.81 0.67 0.00 0.00 0.00 0.00 0.00 0.00 0.00 0.00 0.00 0.00 0.00 0.00 0.00 0.00 0.00 0.00 -0.00 -0.00 0.00 0.00 0.00 0.00 0.00 0.00 0.00 0.00 0.00 0.00 0.00 0.00 0.00 0.00 0.00 0.00 0.00 0.00 0.00 0.00 0.00 0.00 0.00 0.00 0.00 0.00 0.00 0.00 0.00 0.00 0.00 0.00 0.00 0.00 0.00 0.00 0.00 0.00 0.00 0.00 0.00 0.00 0.00 0.00 0.00 0.00 0.00 0.00 0.00
1.06 1.15 1.16 1.14 1.15 1.04 1.01 1.02 1.02 1.03 1.00 1.04 1.01 0.82 0.73 0.77 0.60 0.00 0.00 0.00 0.00 0.00 0.00 0.00 0.00 0.00 0.00 0.00 0.00 0.00 0.00 0.00 0.00 0.00 0.00 0.00 0.00 0.00 0.00 0.00 0.00 0.00 0.00 0.00 0.00 0.00 0.00 0.00 0.00 0.00 0.00 0.00 0.00 0.00 0.00 0.00 0.00 0.00 0.00 0.00 0.00 0.00 0.00 0.00 0.00 0.00 0.00 0.00 0.00 0.00 0.00 0.00 0.00 0.00 0.00 0.00 0.00 0.00 0.00 0.00 0.00 0.00 0.00 0.00
0.75 0.88 0.87 0.88 0.90 0.84 0.84 0.80 0.79 0.78 0.73 0.78 0.75 0.67 0.61 0.62 0.61 0.00 0.00 0.00 0.00 0.00 0.00 0.00 0.00 0.00 0.00 0.00 0.00 0.00 0.00 0.00 0.00 0.00 0.00 0.00 0.00 0.00 0.00 0.00 0.00 0.00 0.00 0.00 0.00 0.00 0.00 0.00 0.00 0.00 0.00 0.00 0.00 0.00 0.00 0.00 0.00 0.00 0.00 0.00 0.00 0.00 0.00 0.00 0.00 0.00 0.00 0.00 0.00 0.00 0.00 0.00 0.00 0.00 0.00 0.00 0.00 0.00 0.00 0.00 0.00 0.00 0.00 0.00
0.71 0.88 0.86 0.89 0.89 0.82 0.84 0.78 0.75 0.76 0.74 0.76 0.71 0.63 0.50 0.54 0.64 0.00 0.00 0.01 0.00 0.00 0.00 0.00 0.00 0.00 0.00 0.00 0.00 0.00 0.00 0.00 0.00 0.00 0.00 0.00 0.00 0.00 0.00 0.00 0.00 0.00 0.00 0.00 0.00 0.00 0.00 0.00 0.00 0.00 0.00 0.00 0.00 0.00 0.00 0.00 0.00 0.00 0.00 0.00 0.00 0.00 0.00 0.00 0.00 0.00 0.00 0.00 0.00 0.00 0.00 0.00 0.00 0.00 0.00 0.00 0.00 0.00 0.00 0.00 0.00 0.00 0.00 0.00
