QPF/QPF_202208082200-50.txt
ncols 525
nrows 625
xllcorner -31082
yllcorner 11395
cellsize 1000.0
NODATA_value -9999.0
[rows 170 to 203 of 625, columns 308 to 384 of 525]
-0.00 -0.00 -0.00 -0.00 -0.00 -0.00 -0.00 -0.00 -0.00 -0.00 -0.00 -0.00 -0.00 -0.00 -0.00 -0.00 -0.00 -0.00 -0.00 -0.00 -0.00 -0.00 -0.00 0.04 0.11 0.03 -0.01 0.19 0.10 0.32 0.36 0.47 0.30 0.42 0.67 0.85 0.90 0.89 0.94 0.65 0.61 1.23 1.31 1.03 1.03 1.05 0.92 0.86 0.75 0.67 0.81 0.90 0.86 0.97 0.99 0.93 0.83 0.73 0.70 0.69 0.65 0.65 0.61 0.73 0.56 0.40 0.48 0.53 0.49 0.53 0.47 0.25 0.28 0.05 0.08 0.07 0.10
-0.00 -0.00 -0.00 -0.00 -0.00 -0.00 -0.00 -0.00 -0.00 -0.00 -0.00 -0.00 -0.00 -0.00 -0.00 -0.00 -0.00 -0.00 -0.00 -0.00 -0.00 -0.00 -0.01 0.14 0.22 0.22 0.17 0.42 0.70 0.79 0.76 0.82 0.70 0.61 0.65 0.99 1.08 1.04 1.00 0.86 0.96 1.37 1.57 1.21 1.26 1.12 0.96 0.96 0.91 0.75 0.87 0.95 0.96 1.07 1.06 0.96 0.87 0.72 0.69 0.63 0.68 0.71 0.62 0.70 0.53 0.39 0.45 0.51 0.44 0.47 0.50 0.32 0.23 0.05 0.07 0.08 0.18
-0.00 -0.00 -0.00 -0.00 -0.00 -0.00 -0.00 -0.00 -0.00 -0.00 -0.00 -0.00 -0.00 -0.00 -0.00 -0.00 -0.00 -0.00 -0.00 -0.00 -0.00 -0.01 0.12 0.37 0.60 0.82 0.27 0.34 0.74 1.06 1.01 1.11 0.98 0.96 0.76 1.01 1.18 1.16 1.12 1.05 0.70 1.74 1.77 1.39 1.21 1.28 1.04 1.04 0.90 0.81 0.91 1.04 1.01 1.12 1.10 0.99 0.89 0.75 0.71 0.64 0.72 0.77 0.70 0.64 0.50 0.35 0.45 0.49 0.47 0.47 0.46 0.34 0.23 0.04 0.09 0.08 0.21
-0.00 -0.00 -0.00 -0.00 -0.00 -0.00 -0.00 -0.00 -0.00 -0.00 -0.00 -0.00 -0.00 -0.00 -0.00 -0.00 -0.00 -0.00 0.00 -0.00 -0.00 0.03 0.05 0.30 0.88 0.90 0.61 0.36 0.82 1.30 1.06 1.36 1.22 1.33 1.29 1.30 1.31 1.33 1.28 1.30 1.31 1.83 2.04 1.51 1.43 1.42 1.16 1.13 1.14 0.98 1.01 1.10 1.05 1.18 1.12 1.03 0.89 0.76 0.71 0.69 0.70 0.74 0.64 0.60 0.50 0.34 0.43 0.48 0.42 0.44 0.47 0.31 0.21 0.06 0.12 0.12 0.17
-0.00 -0.00 -0.00 -0.00 -0.00 -0.00 -0.00 -0.00 -0.00 -0.00 -0.00 -0.00 -0.00 -0.00 -0.00 -0.00 -0.00 0.03 0.14 0.08 -0.00 0.08 0.12 0.13 0.56 1.12 0.75 0.42 0.84 1.55 1.37 1.49 1.45 1.30 1.61 1.58 1.66 1.47 1.55 1.60 1.32 2.08 2.20 1.56 1.50 1.39 1.28 1.15 1.18 1.07 1.12 1.14 1.08 1.16 1.14 1.03 0.88 0.77 0.69 0.71 0.66 0.75 0.69 0.58 0.47 0.37 0.41 0.46 0.43 0.42 0.51 0.32 0.21 0.10 0.02 0.11 0.06
-0.00 -0.00 -0.00 -0.00 -0.00 -0.00 -0.00 -0.00 -0.00 -0.00 -0.00 -0.00 -0.00 -0.00 -0.00 -0.00 -0.00 0.09 0.15 0.11 -0.01 0.00 0.04 0.18 0.39 0.81 1.09 0.98 0.98 1.77 1.51 1.72 1.92 1.70 1.98 1.82 2.24 1.90 1.90 1.86 1.72 2.25 2.47 1.70 1.59 1.39 1.24 1.18 1.16 1.12 1.16 1.18 1.13 1.18 1.14 1.03 0.91 0.75 0.73 0.70 0.72 0.73 0.68 0.60 0.45 0.35 0.41 0.42 0.42 0.40 0.45 0.31 0.22 0.07 0.06 0.10 0.10
-0.00 -0.00 -0.00 -0.00 -0.00 -0.00 -0.00 -0.00 -0.00 -0.00 -0.00 -0.00 -0.00 -0.00 -0.00 -0.00 0.02 0.20 0.07 0.19 0.04 0.24 0.59 0.75 0.93 1.10 1.30 1.28 1.61 2.20 1.80 1.71 2.09 2.03 2.11 2.08 2.64 2.17 2.06 2.08 1.85 2.13 2.17 1.80 1.81 1.42 1.21 1.21 1.17 1.15 1.15 1.19 1.14 1.19 1.12 1.06 0.95 0.77 0.74 0.69 0.71 0.69 0.64 0.61 0.52 0.38 0.40 0.36 0.39 0.38 0.37 0.35 0.25 0.08 0.09 0.09 0.16
-0.00 -0.00 -0.00 -0.00 -0.00 -0.00 -0.00 -0.00 -0.00 -0.00 -0.00 -0.00 -0.00 -0.00 -0.00 -0.00 0.01 0.07 0.03 0.11 0.42 0.07 0.56 0.75 0.98 1.58 1.69 2.05 2.00 2.70 2.25 2.25 2.32 2.58 2.65 2.22 2.74 2.40 2.29 2.41 2.04 2.42 2.33 1.84 1.95 1.49 1.42 1.32 1.19 1.15 1.18 1.15 1.17 1.15 1.14 1.09 0.95 0.81 0.74 0.73 0.68 0.70 0.63 0.64 0.54 0.37 0.35 0.42 0.34 0.39 0.38 0.39 0.32 0.13 0.09 0.12 0.18
-0.00 -0.00 -0.00 -0.00 -0.00 -0.00 -0.00 -0.00 -0.00 -0.00 -0.00 -0.00 -0.00 -0.00 -0.00 -0.01 0.21 0.27 0.49 0.36 0.72 0.47 0.53 0.93 1.35 1.72 1.98 2.44 2.25 2.69 2.55 2.53 2.39 2.88 2.83 2.28 2.87 2.56 2.37 2.50 2.31 2.44 2.40 1.99 2.06 1.51 1.44 1.40 1.20 1.18 1.18 1.19 1.17 1.16 1.10 1.10 0.98 0.82 0.79 0.75 0.71 0.67 0.66 0.66 0.51 0.40 0.36 0.40 0.39 0.38 0.41 0.37 0.28 0.13 0.13 0.14 0.24
-0.00 -0.00 -0.00 -0.00 -0.00 -0.00 -0.00 -0.00 -0.00 -0.00 -0.00 -0.00 -0.00 -0.00 -0.00 0.15 1.10 1.05 0.89 1.03 1.16 1.19 0.63 0.63 1.38 2.03 2.29 2.69 2.52 3.41 2.72 2.69 2.45 3.32 3.18 2.68 3.23 2.96 2.58 2.58 2.60 2.58 2.47 2.07 2.02 1.45 1.44 1.34 1.17 1.18 1.13 1.18 1.09 1.11 1.08 1.10 0.96 0.79 0.77 0.69 0.70 0.63 0.61 0.66 0.52 0.38 0.43 0.41 0.39 0.35 0.37 0.38 0.30 0.12 0.10 0.15 0.16
-0.00 -0.00 -0.00 -0.00 -0.00 -0.00 -0.00 -0.00 -0.00 -0.00 -0.00 -0.00 -0.00 -0.00 -0.00 0.31 0.54 1.33 1.20 1.23 1.29 1.39 1.14 1.04 1.54 2.45 2.77 2.88 2.70 3.30 2.99 2.95 2.64 3.38 3.50 3.03 3.39 3.12 2.72 2.73 2.67 2.61 2.51 2.14 2.05 1.50 1.38 1.35 1.22 1.16 1.13 1.13 1.07 1.11 1.09 1.09 0.98 0.78 0.73 0.68 0.64 0.60 0.58 0.64 0.53 0.40 0.41 0.39 0.33 0.33 0.37 0.29 0.27 0.15 0.15 0.19 0.23
-0.00 -0.00 -0.00 -0.00 -0.00 -0.00 -0.00 -0.00 -0.00 -0.00 -0.00 -0.00 -0.00 -0.00 -0.00 0.15 0.53 1.22 1.24 1.34 1.58 1.99 1.46 1.69 1.70 2.82 3.12 3.38 2.93 3.73 3.43 3.20 3.08 3.64 3.55 3.36 3.39 3.22 2.88 2.77 2.76 2.59 2.43 2.17 2.11 1.52 1.44 1.35 1.24 1.16 1.14 1.13 1.10 1.07 1.09 1.12 0.96 0.78 0.71 0.65 0.60 0.57 0.56 0.64 0.53 0.41 0.41 0.34 0.35 0.26 0.38 0.33 0.28 0.16 0.17 0.23 0.25
-0.00 -0.00 -0.00 -0.00 -0.00 -0.00 -0.00 -0.00 -0.00 -0.00 -0.00 -0.00 -0.01 0.03 -0.00 0.31 0.72 1.14 1.69 1.37 1.52 2.20 1.87 2.15 2.37 3.30 3.42 3.63 3.24 4.02 3.76 3.57 3.61 3.82 3.77 3.58 3.47 3.33 3.10 2.82 2.94 2.58 2.45 2.18 2.16 1.52 1.42 1.33 1.25 1.18 1.17 1.13 1.11 1.09 1.06 1.13 1.01 0.77 0.72 0.64 0.56 0.57 0.59 0.65 0.53 0.36 0.41 0.36 0.37 0.34 0.37 0.25 0.24 0.14 0.21 0.27 0.31
-0.00 -0.00 -0.00 -0.00 -0.00 -0.00 -0.00 -0.00 -0.00 -0.00 -0.00 -0.01 0.07 0.13 0.15 0.54 0.87 1.24 1.04 1.98 2.24 2.12 2.73 2.94 3.25 3.54 3.69 4.07 3.55 4.59 4.37 4.08 3.96 4.07 3.91 3.54 3.33 3.13 2.96 2.74 2.77 2.42 2.27 2.09 2.08 1.49 1.43 1.31 1.23 1.20 1.16 1.13 1.09 1.07 1.03 1.07 0.98 0.76 0.68 0.66 0.61 0.58 0.57 0.64 0.56 0.46 0.46 0.49 0.35 0.38 0.36 0.25 0.23 0.12 0.21 0.24 0.30
-0.00 -0.00 -0.00 -0.00 -0.00 -0.00 -0.00 -0.00 -0.00 -0.01 0.10 0.17 0.38 0.57 0.54 0.41 1.72 2.45 1.99 1.82 2.49 2.63 3.12 3.30 3.41 3.55 3.51 4.15 3.97 4.92 4.76 4.50 4.21 3.98 3.77 3.45 3.41 2.96 2.81 2.75 2.76 2.24 2.13 2.01 1.94 1.50 1.39 1.27 1.21 1.19 1.15 1.13 1.07 1.11 0.97 0.98 0.91 0.76 0.66 0.64 0.60 0.58 0.56 0.63 0.54 0.48 0.44 0.50 0.43 0.37 0.33 0.23 0.18 0.12 0.17 0.24 0.29
0.01 -0.01 -0.00 -0.00 -0.00 -0.00 -0.00 0.01 0.16 0.16 0.26 0.20 0.38 0.69 1.04 0.69 2.03 2.70 2.93 2.31 2.98 3.58 3.75 3.99 4.27 3.85 4.12 4.54 4.41 5.06 4.78 4.48 4.35 4.04 3.81 3.65 3.64 2.84 2.90 2.77 2.73 2.16 1.97 1.93 1.83 1.43 1.30 1.23 1.18 1.12 1.10 1.08 1.04 1.04 0.96 0.92 0.89 0.71 0.64 0.63 0.58 0.55 0.53 0.59 0.57 0.49 0.49 0.49 0.44 0.39 0.37 0.27 0.21 0.12 0.18 0.23 0.29
0.02 -0.00 -0.00 -0.00 -0.00 -0.00 0.05 0.40 0.43 0.63 0.36 0.38 0.38 0.73 1.08 0.64 1.90 3.18 2.72 2.78 3.28 3.59 3.95 4.21 4.18 3.87 4.26 4.72 4.63 5.13 4.72 4.48 4.46 4.22 3.93 3.62 3.45 2.76 2.99 2.68 2.63 2.11 1.87 1.75 1.78 1.40 1.28 1.22 1.15 1.10 1.08 1.08 1.02 1.00 0.96 0.92 0.83 0.72 0.66 0.63 0.56 0.54 0.52 0.56 0.53 0.44 0.46 0.49 0.50 0.42 0.38 0.28 0.21 0.15 0.16 0.18 0.24
0.24 0.08 -0.00 0.02 0.09 0.19 0.15 0.35 0.18 0.58 0.54 0.92 0.81 1.12 1.30 1.06 2.02 4.40 4.02 3.56 3.82 4.24 4.51 4.83 4.75 4.21 4.31 4.53 4.71 5.01 4.56 4.40 4.42 4.02 3.74 3.32 3.43 2.84 2.72 2.42 2.45 1.93 1.72 1.61 1.72 1.32 1.25 1.18 1.11 1.04 0.99 1.00 0.96 1.00 0.91 0.91 0.79 0.71 0.66 0.60 0.52 0.50 0.52 0.55 0.46 0.41 0.50 0.50 0.49 0.46 0.44 0.36 0.24 0.15 0.18 0.25 0.28
0.55 0.65 0.80 0.74 0.77 0.64 0.89 0.43 0.59 0.76 1.12 1.39 0.83 1.04 1.79 1.39 1.63 4.20 4.54 4.32 3.87 3.82 4.81 5.13 5.38 4.56 4.59 4.74 4.51 4.88 4.46 4.32 4.21 3.93 3.98 3.42 3.48 2.76 2.56 2.34 2.23 1.86 1.67 1.56 1.59 1.34 1.29 1.17 1.06 0.98 0.93 0.96 0.92 0.96 0.88 0.86 0.75 0.68 0.64 0.55 0.51 0.47 0.50 0.49 0.43 0.40 0.50 0.50 0.46 0.44 0.45 0.37 0.31 0.17 0.18 0.28 0.31
0.48 0.43 0.91 0.48 0.82 1.01 0.93 0.56 0.37 0.69 1.41 2.19 2.19 1.48 1.80 2.43 3.49 5.69 5.89 5.52 5.31 4.31 4.69 5.00 5.12 4.27 4.36 4.39 4.40 4.69 4.00 3.84 3.75 3.77 3.91 3.42 3.35 2.68 2.52 2.24 2.03 1.82 1.69 1.44 1.49 1.31 1.26 1.09 0.98 0.92 0.86 0.87 0.91 0.93 0.86 0.81 0.75 0.65 0.62 0.54 0.51 0.47 0.49 0.45 0.43 0.43 0.51 0.50 0.42 0.40 0.47 0.44 0.32 0.22 0.21 0.29 0.33
0.87 0.65 1.34 1.42 0.53 0.85 0.61 1.15 0.98 0.76 1.63 2.32 2.29 2.46 1.86 2.79 3.47 5.93 5.83 6.28 6.49 5.35 5.26 5.22 5.49 4.62 4.21 4.89 4.44 4.33 3.94 3.69 3.59 3.67 3.67 3.59 3.45 2.75 2.68 2.16 1.94 1.68 1.53 1.39 1.41 1.14 1.18 1.08 0.95 0.86 0.86 0.85 0.89 0.92 0.84 0.79 0.76 0.67 0.61 0.57 0.52 0.44 0.46 0.43 0.47 0.45 0.43 0.47 0.42 0.41 0.46 0.41 0.29 0.18 0.22 0.21 0.31
0.75 0.74 0.88 1.29 0.80 0.62 0.73 0.94 1.32 1.51 1.27 2.77 3.16 3.22 2.88 3.27 4.35 6.48 6.06 6.84 7.27 6.12 5.44 5.67 6.06 4.68 4.55 4.79 4.40 4.27 3.91 3.58 3.09 3.17 3.36 2.93 3.15 2.81 2.35 2.06 1.90 1.48 1.40 1.28 1.28 1.14 1.16 1.09 0.91 0.81 0.78 0.83 0.83 0.90 0.82 0.76 0.73 0.66 0.60 0.55 0.50 0.42 0.45 0.45 0.46 0.46 0.45 0.48 0.46 0.42 0.42 0.39 0.28 0.17 0.18 0.23 0.30
1.47 1.01 1.22 1.09 1.24 1.33 1.15 1.51 1.32 1.81 2.21 3.27 3.88 3.74 3.25 3.40 4.61 7.01 6.54 6.65 7.58 5.55 6.16 5.92 5.79 4.62 4.36 4.71 4.67 4.04 3.95 3.47 3.04 2.94 2.79 2.79 2.82 2.53 2.43 2.06 1.87 1.38 1.32 1.19 1.18 1.14 1.15 1.08 0.84 0.75 0.71 0.80 0.81 0.81 0.81 0.72 0.72 0.64 0.60 0.55 0.48 0.41 0.44 0.47 0.44 0.40 0.45 0.47 0.44 0.43 0.39 0.35 0.25 0.18 0.18 0.25 0.30
2.19 1.62 1.62 1.68 1.93 1.93 1.89 2.17 2.42 2.54 2.39 3.77 4.70 5.41 4.72 4.60 5.85 7.61 7.72 7.96 8.15 5.54 5.91 5.99 5.92 4.38 4.63 4.69 4.56 4.04 3.66 3.66 3.29 2.81 2.52 2.54 2.51 2.61 2.50 2.10 1.80 1.33 1.13 1.07 1.08 1.03 1.01 0.97 0.78 0.67 0.64 0.69 0.75 0.73 0.73 0.70 0.67 0.61 0.58 0.52 0.47 0.40 0.42 0.42 0.43 0.41 0.47 0.56 0.50 0.43 0.41 0.34 0.27 0.17 0.22 0.25 0.26
2.16 2.43 2.04 1.69 2.26 1.91 2.53 2.45 2.81 3.48 3.37 4.50 5.62 5.76 5.47 5.76 6.36 8.66 9.32 7.61 8.24 6.25 6.44 6.14 5.14 4.10 4.12 3.91 4.62 4.09 3.78 3.46 3.11 2.85 2.52 2.18 2.30 2.30 2.28 1.97 1.71 1.29 1.13 1.01 0.99 0.97 0.93 0.93 0.82 0.70 0.63 0.57 0.65 0.70 0.69 0.68 0.64 0.62 0.59 0.54 0.47 0.41 0.41 0.44 0.43 0.44 0.48 0.53 0.46 0.38 0.45 0.35 0.28 0.18 0.20 0.28 0.31
2.68 2.90 3.09 2.94 3.12 2.62 3.05 3.31 3.68 4.38 4.42 6.09 6.10 6.82 6.10 6.66 7.05 8.55 8.70 8.24 8.85 6.94 7.45 6.03 5.20 4.28 3.96 3.61 4.02 3.77 3.59 3.21 2.85 2.54 2.20 2.20 2.15 2.05 2.46 1.85 1.77 1.29 1.17 1.02 1.01 0.92 0.84 0.90 0.82 0.64 0.56 0.46 0.58 0.65 0.64 0.59 0.59 0.57 0.58 0.58 0.46 0.40 0.38 0.41 0.39 0.42 0.44 0.52 0.51 0.46 0.43 0.37 0.28 0.22 0.25 0.26 0.29
3.64 3.35 3.38 3.21 3.13 3.40 3.30 3.92 4.30 4.83 5.39 6.38 6.58 7.17 6.26 7.53 8.56 9.67 9.04 8.81 8.30 7.38 7.62 6.12 5.71 3.92 3.99 3.30 3.72 3.05 3.12 2.91 2.45 2.32 2.08 1.90 1.95 1.98 2.08 1.70 1.65 1.18 1.17 1.01 1.06 0.85 0.83 0.84 0.82 0.62 0.51 0.45 0.50 0.58 0.57 0.55 0.58 0.62 0.57 0.55 0.45 0.38 0.39 0.44 0.40 0.41 0.41 0.49 0.48 0.48 0.47 0.37 0.28 0.18 0.22 0.23 0.34
4.21 4.43 4.26 4.11 4.02 4.44 4.52 5.19 5.07 6.42 5.74 6.64 7.43 7.35 7.50 7.94 8.75 9.73 9.52 8.47 8.26 7.25 7.16 6.41 5.69 4.17 3.71 2.93 3.61 2.96 3.25 2.83 2.20 2.09 1.83 2.01 2.04 1.76 1.72 1.57 1.48 1.14 1.10 0.96 0.97 0.81 0.76 0.78 0.79 0.68 0.50 0.45 0.41 0.48 0.50 0.52 0.55 0.59 0.55 0.51 0.43 0.38 0.37 0.39 0.37 0.37 0.39 0.44 0.50 0.49 0.49 0.40 0.29 0.20 0.22 0.27 0.31
4.65 5.00 4.88 4.51 4.66 5.18 5.59 5.98 6.10 6.63 6.18 7.33 7.46 8.01 8.03 8.81 8.62 9.48 9.01 8.50 8.01 7.09 7.05 6.77 5.42 3.35 3.55 3.15 3.19 2.60 3.16 2.42 2.13 1.98 1.84 1.88 1.72 1.65 1.33 1.43 1.34 0.93 0.99 0.93 0.84 0.81 0.69 0.80 0.78 0.67 0.53 0.46 0.43 0.42 0.45 0.51 0.58 0.57 0.53 0.48 0.41 0.39 0.42 0.39 0.37 0.34 0.39 0.42 0.47 0.53 0.48 0.37 0.26 0.19 0.22 0.28 0.35
5.34 5.66 5.72 5.32 5.42 6.10 6.40 6.65 6.56 7.40 7.06 7.89 8.25 8.40 7.97 8.78 8.96 8.68 8.30 7.42 6.96 5.57 5.69 5.71 4.62 3.09 3.38 2.91 2.89 2.28 2.43 1.93 1.57 1.72 1.77 1.52 1.42 1.37 1.18 1.13 1.23 0.78 0.84 0.85 0.81 0.77 0.71 0.76 0.77 0.62 0.53 0.42 0.44 0.43 0.44 0.52 0.52 0.52 0.48 0.45 0.42 0.39 0.44 0.37 0.36 0.35 0.37 0.38 0.42 0.47 0.47 0.37 0.26 0.16 0.21 0.22 0.30
5.51 6.04 5.99 5.80 5.90 6.55 7.00 7.08 7.03 7.51 7.40 8.30 8.38 8.49 7.92 8.35 8.15 8.36 7.83 7.07 6.51 5.30 5.33 4.61 4.36 3.05 3.00 2.74 2.62 2.21 2.19 1.78 1.50 1.56 1.56 1.54 1.29 1.29 1.10 1.06 1.18 0.70 0.72 0.77 0.77 0.73 0.73 0.77 0.70 0.58 0.53 0.45 0.43 0.43 0.43 0.49 0.49 0.48 0.47 0.43 0.42 0.40 0.41 0.38 0.34 0.38 0.36 0.39 0.44 0.43 0.42 0.31 0.24 0.15 0.19 0.22 0.34
6.15 6.29 6.38 6.51 6.58 6.94 7.19 7.26 7.06 7.29 7.14 7.73 8.26 7.95 7.79 7.67 7.31 7.23 7.00 6.44 5.91 5.20 5.28 3.98 4.04 3.02 2.70 2.54 2.36 2.04 1.93 1.52 1.52 1.61 1.47 1.38 1.21 1.15 1.08 0.95 0.98 0.65 0.64 0.69 0.73 0.70 0.68 0.72 0.66 0.58 0.54 0.47 0.42 0.40 0.39 0.42 0.44 0.44 0.47 0.47 0.45 0.42 0.36 0.38 0.34 0.39 0.35 0.37 0.36 0.40 0.42 0.32 0.25 0.16 0.17 0.23 0.29
6.78 6.65 6.85 6.93 7.18 7.17 7.15 7.26 6.87 7.06 6.97 7.38 7.88 7.90 7.35 7.16 6.73 6.53 6.06 5.71 5.47 4.99 4.59 4.00 3.89 2.86 2.50 2.25 2.15 1.92 1.82 1.48 1.47 1.52 1.37 1.32 1.19 1.07 0.99 0.89 0.81 0.59 0.64 0.66 0.69 0.68 0.65 0.71 0.64 0.55 0.54 0.49 0.42 0.36 0.35 0.38 0.39 0.46 0.51 0.45 0.44 0.38 0.38 0.36 0.39 0.38 0.38 0.37 0.35 0.37 0.41 0.36 0.27 0.16 0.20 0.24 0.34
7.30 7.23 7.42 7.27 7.40 7.68 6.99 7.18 6.87 6.66 6.45 6.72 6.77 6.97 6.66 6.66 6.39 6.17 5.15 5.05 4.80 4.21 4.11 3.65 3.39 2.30 2.20 1.96 1.84 1.59 1.56 1.47 1.28 1.41 1.28 1.23 1.16 1.01 0.89 0.91 0.78 0.57 0.63 0.66 0.66 0.68 0.62 0.69 0.65 0.53 0.51 0.48 0.38 0.32 0.32 0.32 0.38 0.40 0.47 0.44 0.43 0.35 0.37 0.34 0.38 0.36 0.37 0.38 0.33 0.33 0.39 0.34 0.28 0.17 0.26 0.24 0.31
