QPF/QPF_202208082200-100.txt
ncols 525
nrows 625
xllcorner -31082
yllcorner 11395
cellsize 1000.0
NODATA_value -9999.0
[rows 190 to 227 of 625, columns 84 to 167 of 525]
0.00 0.00 0.00 0.00 0.00 0.00 0.00 0.00 0.00 0.00 0.00 0.00 0.00 0.00 0.00 0.00 0.00 0.00 0.00 0.00 0.00 0.00 0.00 0.00 0.00 0.00 0.00 0.00 0.00 0.00 0.00 0.00 0.00 0.00 0.00 0.00 0.00 0.00 0.00 0.00 0.00 0.02 0.02 0.04 0.02 0.06 0.05 0.01 0.01 0.00 0.00 0.00 0.00 0.00 0.00 0.00 0.00 0.00 0.00 0.00 0.00 0.00 0.00 0.00 0.00 0.00 0.00 0.00 0.00 0.00 0.00 0.00 0.00 0.00 0.00 0.00 0.00 0.00 0.00 0.00 0.00 0.00 0.00 0.00
0.00 0.00 0.00 0.00 0.00 0.00 0.00 0.00 0.00 0.00 0.00 0.00 0.00 0.00 0.00 0.00 0.00 0.00 0.00 0.00 0.00 0.00 0.00 0.00 0.00 0.00 0.00 0.00 0.00 0.00 0.00 0.00 0.00 0.00 0.00 0.00 0.00 0.00 0.00 0.01 0.00 0.24 0.24 0.19 0.16 0.10 0.10 0.01 0.01 0.00 0.00 0.00 0.00 0.00 0.00 0.00 0.00 0.00 0.00 0.00 0.00 0.00 0.00 0.00 0.00 0.00 0.00 0.00 0.00 0.00 0.00 0.00 0.00 0.00 0.00 0.00 0.00 0.00 0.00 0.00 0.00 0.00 0.00 0.00
0.00 0.00 0.00 0.00 0.00 0.00 0.00 0.00 0.00 0.00 0.00 0.00 0.00 0.00 0.00 0.00 0.00 0.00 0.00 0.00 0.00 0.00 0.00 0.00 0.00 0.00 0.00 0.00 0.00 0.00 0.00 0.00 0.00 0.00 0.00 0.00 0.00 0.00 0.00 0.01 0.02 0.35 0.33 0.26 0.23 0.10 0.09 0.01 0.01 0.00 0.00 0.00 0.00 0.00 0.00 0.00 0.00 0.00 0.00 0.00 0.00 0.00 0.00 0.00 0.00 0.00 0.00 0.00 0.00 0.00 0.00 0.00 0.00 0.00 0.00 0.00 0.00 0.00 0.00 0.00 0.00 0.00 0.00 0.00
0.00 0.00 0.00 0.00 0.00 0.00 0.00 0.00 0.00 0.00 0.00 0.00 0.00 0.00 0.00 0.00 0.00 0.00 0.00 0.00 0.00 0.00 0.00 0.00 0.00 0.00 0.00 0.00 0.00 0.00 0.00 0.00 0.00 0.00 0.00 0.00 0.00 0.00 0.00 0.01 0.01 0.34 0.28 0.27 0.28 0.17 0.13 0.01 0.02 0.00 0.00 0.00 0.00 0.00 0.00 0.00 0.00 0.00 0.00 0.00 0.00 0.00 0.00 0.00 0.00 0.00 0.00 0.00 0.00 0.00 0.00 0.00 0.00 0.00 0.00 0.00 0.00 0.00 0.00 0.00 0.00 0.00 0.00 0.00
0.00 0.00 0.00 0.00 0.00 0.00 0.00 0.00 0.00 0.00 0.00 0.00 0.00 0.00 0.00 0.00 0.00 0.00 0.00 0.00 0.00 0.00 0.00 0.00 0.00 0.00 0.00 0.00 0.00 0.00 0.00 0.00 0.00 0.00 0.00 0.00 0.00 0.00 0.00 0.02 0.01 0.41 0.35 0.32 0.34 0.24 0.20 0.02 0.04 0.00 0.00 0.00 0.00 0.00 0.00 0.00 0.00 0.00 0.00 0.00 0.00 0.00 0.00 0.00 0.00 0.00 0.00 0.00 0.00 0.00 0.00 0.00 0.00 0.00 0.00 0.00 0.00 0.00 0.01 0.00 0.00 0.00 0.00 0.00
0.00 0.00 0.00 0.00 0.00 0.00 0.00 0.00 0.00 0.00 0.00 0.00 0.00 0.00 0.00 0.00 0.00 0.00 0.00 0.00 0.00 0.00 0.00 0.00 0.00 0.00 0.01 0.02 0.02 0.02 0.01 0.00 0.01 0.00 0.01 0.00 0.00 0.00 0.00 0.01 -0.01 -0.03 -0.02 -0.01 -0.01 0.03 0.00 0.04 0.03 0.00 0.00 0.00 0.00 0.00 0.00 0.00 0.00 0.00 0.00 0.00 0.00 0.00 0.00 0.00 0.00 0.00 0.00 0.00 0.00 0.00 0.00 0.00 0.00 0.00 0.00 0.00 0.00 0.01 0.01 0.01 0.01 0.01 0.00 0.00
0.00 0.00 0.00 0.00 0.00 0.00 0.00 0.00 0.00 0.00 0.00 0.00 0.00 0.00 0.00 0.00 0.00 0.00 0.00 0.00 0.00 0.00 0.00 0.00 0.00 0.03 0.05 0.09 0.11 0.08 0.03 0.01 0.02 0.01 0.01 0.00 0.00 0.00 0.00 0.00 -0.02 -0.03 -0.03 -0.01 -0.00 -0.02 0.02 0.03 0.01 0.00 0.00 0.00 0.00 0.00 0.00 0.00 0.00 0.00 0.00 0.00 0.00 0.00 0.00 0.00 0.00 0.00 0.00 0.00 0.00 0.00 0.00 0.00 0.00 0.00 0.00 0.01 0.01 0.01 0.01 0.01 0.01 0.01 0.01 0.01
0.00 0.00 0.00 0.00 0.00 0.00 0.00 0.00 0.00 0.00 0.00 0.00 0.00 0.00 0.00 0.00 0.00 0.00 0.00 0.00 0.00 0.00 0.00 0.00 0.00 0.01 0.10 0.09 0.13 0.06 0.09 0.07 0.11 0.01 0.01 0.01 0.00 0.00 0.00 0.00 0.00 0.01 0.01 0.01 0.01 0.01 0.01 0.02 0.01 0.00 0.00 0.00 0.00 0.00 0.00 0.00 0.00 0.00 0.00 0.00 0.00 0.00 0.00 0.00 0.00 0.00 0.00 0.02 0.00 0.00 0.00 0.01 0.01 0.04 0.09 0.14 0.15 0.09 0.08 0.04 0.03 0.02 0.02 0.04
0.00 0.00 0.00 0.00 0.00 0.00 0.00 0.00 0.00 0.00 0.00 0.00 0.00 0.00 0.00 0.00 0.00 0.00 0.00 0.00 0.00 0.00 0.00 0.00 0.00 0.02 0.17 0.21 0.19 0.10 0.18 0.11 0.13 0.02 0.02 0.01 0.01 0.01 0.00 0.00 0.00 0.01 0.01 0.00 0.01 0.01 0.01 0.01 -0.00 0.01 0.01 0.01 0.01 0.00 0.00 0.00 0.00 0.00 0.00 0.00 0.00 0.00 0.00 0.00 0.00 0.01 0.01 0.00 0.00 0.03 0.04 0.07 0.22 0.30 0.40 0.39 0.40 0.30 0.15 0.07 0.06 0.03 0.03 -0.01
0.00 0.00 0.00 0.00 0.00 0.00 0.00 0.00 0.00 0.00 0.00 0.00 0.00 0.00 0.00 0.00 0.00 0.00 0.00 0.00 0.00 0.00 0.00 0.00 0.03 0.30 0.59 1.10 0.73 0.53 0.58 0.54 0.55 0.32 0.25 0.03 0.01 0.01 0.03 0.01 0.02 0.09 0.04 0.01 0.02 0.02 0.02 0.02 0.02 0.01 0.01 0.01 0.01 0.01 0.01 0.01 0.01 0.01 0.01 0.01 0.01 0.01 0.00 0.01 0.01 0.01 0.02 0.02 0.01 0.03 0.05 0.07 0.10 0.11 0.11 0.18 0.15 0.07 0.03 0.03 0.04 0.04 0.03 0.01
0.00 0.00 0.00 0.00 0.00 0.00 0.00 0.00 0.00 0.00 0.00 0.00 0.00 0.00 0.00 0.00 0.00 0.00 0.00 0.00 0.00 0.00 0.00 0.01 0.14 0.72 0.94 1.55 0.87 0.73 0.70 0.73 0.66 0.41 0.42 0.05 0.04 0.01 0.01 0.04 0.06 0.10 0.06 0.02 0.02 0.02 0.02 0.02 0.00 0.01 0.01 0.01 0.01 0.01 0.01 0.01 0.00 0.01 0.01 0.01 0.01 0.00 0.01 0.01 0.01 0.02 0.01 0.02 0.01 0.00 0.03 0.08 0.07 0.14 0.13 0.20 0.14 0.07 0.04 0.05 0.02 0.02 0.02 0.03
0.00 0.00 0.00 0.00 0.00 0.00 0.00 0.00 0.00 0.00 0.00 0.00 0.00 0.00 0.00 0.00 0.00 0.00 0.00 0.00 0.00 0.00 0.00 0.15 0.63 1.36 1.56 1.46 1.31 0.82 0.84 1.10 0.88 0.80 0.65 0.09 0.09 0.02 0.02 0.07 0.10 0.29 0.20 0.06 0.06 0.03 0.05 0.06 0.04 0.01 0.01 0.01 0.01 0.02 0.02 0.02 0.02 0.00 0.01 0.01 0.01 0.02 0.01 0.01 0.04 0.06 0.06 0.10 0.08 0.05 0.03 0.01 0.01 0.03 0.01 0.02 0.01 0.01 0.01 0.02 0.02 0.03 0.03 0.03
0.00 0.00 0.00 0.00 0.00 0.00 0.00 0.00 0.00 0.00 0.00 0.00 0.00 0.00 0.00 0.00 0.00 0.00 0.00 0.00 0.00 0.00 0.01 0.21 0.34 1.25 1.68 1.68 1.70 0.97 1.19 1.46 1.04 1.13 0.76 0.32 0.28 0.03 0.03 0.07 0.12 0.36 0.20 0.06 0.06 0.04 0.04 0.04 0.02 0.01 0.01 0.01 0.02 0.02 0.03 0.02 0.02 0.00 0.01 0.02 0.02 0.01 0.01 0.02 0.04 0.05 0.05 0.03 0.02 0.00 0.00 0.01 0.02 0.01 0.01 0.02 0.03 0.02 0.02 0.05 0.04 0.04 0.05 0.05
0.00 0.00 0.00 0.00 0.00 0.00 0.00 0.00 0.00 0.00 0.00 0.00 0.00 0.00 0.00 0.00 0.00 0.00 0.00 0.00 0.00 0.00 0.00 0.09 0.12 0.50 0.60 0.50 0.62 0.30 0.38 0.42 0.32 0.30 0.29 0.11 0.09 0.05 0.01 0.05 0.06 0.29 0.17 0.13 0.11 0.07 0.11 0.10 0.07 0.01 0.01 0.01 0.02 0.04 0.05 0.03 0.02 -0.00 0.01 0.01 0.00 0.02 0.03 0.05 0.03 0.06 0.07 0.06 0.07 0.01 0.03 0.04 0.03 0.09 0.09 0.06 0.09 0.08 0.10 0.07 0.08 0.06 0.07 0.10
0.00 0.00 0.00 0.00 0.00 0.00 0.00 0.00 0.00 0.00 0.00 0.00 0.00 0.00 0.00 0.00 0.00 0.00 0.00 0.00 0.00 0.00 0.00 0.04 0.10 0.37 0.35 0.33 0.45 0.17 0.10 0.26 0.29 0.46 0.34 0.21 0.18 0.03 0.02 0.07 0.06 0.43 0.29 0.18 0.15 0.09 0.12 0.13 0.11 0.02 0.01 0.01 0.01 0.01 0.02 0.02 0.04 0.00 0.01 0.01 0.00 0.01 0.00 0.01 0.01 0.02 0.03 0.05 0.04 0.01 0.01 0.01 0.02 0.04 0.05 0.04 0.11 0.11 0.16 0.15 0.18 0.17 0.19 0.15
0.00 0.00 0.00 0.00 0.00 0.00 0.00 0.00 0.00 0.00 0.00 0.00 0.00 0.00 0.00 0.00 0.00 0.00 0.00 0.00 0.00 0.00 0.00 0.09 0.07 0.48 0.47 0.45 0.48 0.05 0.06 0.10 0.23 0.33 0.34 0.34 0.34 0.02 0.10 0.17 0.13 0.54 0.47 0.36 0.32 0.25 0.29 0.19 0.21 0.03 0.04 0.07 0.07 0.10 0.11 0.09 0.07 0.03 0.01 0.01 0.02 0.04 0.01 0.01 0.01 0.01 0.00 0.00 0.01 0.01 0.01 0.01 0.02 0.01 0.05 0.07 0.11 0.11 0.09 0.12 0.16 0.17 0.17 0.22
0.00 0.00 0.00 0.00 0.00 0.00 0.00 0.00 0.00 0.00 0.00 0.00 0.00 0.00 0.00 0.00 0.00 0.00 0.00 0.00 0.00 0.00 0.02 0.13 0.07 0.54 0.60 0.45 0.46 0.01 0.14 0.25 0.28 0.42 0.42 0.45 0.44 0.08 0.12 0.23 0.20 0.60 0.54 0.47 0.39 0.31 0.34 0.25 0.24 0.03 0.05 0.06 0.04 0.03 0.04 0.04 0.02 0.01 0.01 0.01 0.01 0.01 0.01 0.01 0.01 0.01 0.01 0.01 0.01 0.01 0.01 0.02 0.07 0.06 0.13 0.12 0.17 0.19 0.20 0.23 0.27 0.30 0.32 0.36
0.00 0.00 0.00 0.00 0.00 0.00 0.00 0.00 0.00 0.00 0.00 0.00 0.00 0.00 0.00 0.00 0.00 0.00 0.00 0.00 0.00 0.02 0.06 0.17 0.18 0.74 0.93 0.94 1.01 0.61 0.62 0.73 0.86 1.07 1.03 1.09 1.07 0.64 0.55 0.47 0.38 0.71 0.56 0.50 0.49 0.43 0.41 0.39 0.30 0.04 0.07 0.10 0.08 0.07 0.07 0.07 0.04 0.03 0.01 0.00 0.02 0.02 0.01 0.01 0.01 0.01 0.01 0.03 0.02 0.01 0.04 0.05 0.08 0.13 0.20 0.21 0.21 0.27 0.31 0.30 0.32 0.48 0.55 0.57
0.00 0.00 0.00 0.00 0.00 0.00 0.00 0.00 0.00 0.00 0.00 0.00 0.00 0.00 0.00 0.00 0.00 0.00 0.00 0.00 0.00 0.01 0.05 0.09 0.16 0.58 0.71 0.73 0.80 0.51 0.55 0.61 0.72 0.95 0.98 1.08 1.10 0.71 0.66 0.51 0.51 0.77 0.60 0.54 0.50 0.36 0.39 0.38 0.30 0.05 0.06 0.05 0.04 0.03 0.02 0.04 0.02 0.01 0.01 0.03 0.02 0.01 0.01 0.01 0.01 0.04 0.06 0.08 0.09 0.05 0.13 0.11 0.18 0.21 0.22 0.30 0.33 0.43 0.48 0.41 0.45 0.63 0.70 0.67
0.00 0.00 0.00 0.00 0.00 0.00 0.00 0.00 0.00 0.00 0.00 0.00 0.00 0.00 0.00 0.00 0.00 0.00 0.00 0.00 0.00 0.00 0.00 0.12 0.24 0.82 0.97 0.89 0.98 0.75 0.79 0.84 0.91 1.18 1.23 1.19 1.25 1.02 0.85 0.83 0.74 0.85 0.57 0.59 0.48 0.25 0.24 0.36 0.27 0.01 0.02 0.02 0.01 -0.01 -0.00 0.01 0.01 0.01 0.01 -0.00 0.00 0.01 0.01 0.02 0.03 0.03 0.05 0.06 0.08 0.06 0.10 0.18 0.15 0.29 0.33 0.50 0.74 1.01 1.03 0.86 0.95 1.33 1.35 1.13
0.00 0.00 0.00 0.00 0.00 0.00 0.00 0.00 0.00 0.00 0.00 0.00 0.00 0.00 0.00 0.00 0.00 0.00 0.00 0.00 0.00 0.00 0.00 0.09 0.16 0.72 0.80 0.87 0.85 0.72 0.73 0.74 0.82 1.22 1.25 1.26 1.34 1.10 1.00 0.97 0.83 0.89 0.67 0.63 0.62 0.33 0.33 0.37 0.32 0.01 0.01 0.02 0.01 0.01 0.01 0.01 0.01 0.01 0.01 0.03 0.01 0.01 0.01 0.02 0.03 0.08 0.09 0.09 0.13 0.14 0.19 0.24 0.25 0.48 0.57 0.63 0.70 1.14 1.19 0.96 0.94 1.45 1.43 1.18
0.00 0.00 0.00 0.00 0.00 0.00 0.00 0.00 0.00 0.00 0.00 0.00 0.00 0.00 0.00 0.00 0.00 0.00 0.00 0.00 0.00 0.00 0.00 0.02 0.08 0.63 0.62 0.57 0.51 0.43 0.48 0.59 0.73 1.27 1.38 1.56 1.58 1.34 1.14 1.12 1.02 1.05 0.90 0.82 0.73 0.35 0.35 0.27 0.22 0.01 0.01 0.01 -0.01 0.01 0.00 0.00 0.01 0.01 0.00 0.00 0.00 0.00 0.00 0.01 0.01 0.04 0.05 0.05 0.05 0.09 0.11 0.17 0.20 0.31 0.51 0.62 0.75 0.98 1.00 0.83 0.69 1.02 1.19 1.19
0.00 0.00 0.00 0.00 0.00 0.00 0.00 0.00 0.00 0.00 0.00 0.00 0.00 0.00 0.00 0.00 0.00 0.00 0.00 0.00 0.00 0.01 0.01 0.04 0.14 0.62 0.67 0.61 0.54 0.49 0.57 0.71 0.87 1.50 1.57 1.77 1.84 1.44 1.27 1.36 1.25 1.34 1.10 1.00 0.87 0.42 0.36 0.31 0.27 0.01 0.01 0.03 0.02 0.00 0.00 0.01 0.01 0.01 0.02 0.02 0.01 0.00 0.00 0.01 0.01 0.06 0.06 0.05 0.05 0.11 0.16 0.19 0.21 0.36 0.56 0.67 0.70 1.05 0.96 0.79 0.68 0.93 1.14 1.26
0.00 0.00 0.00 0.00 0.00 0.00 0.00 0.00 0.00 0.00 0.00 0.00 0.00 0.00 0.00 0.00 0.00 0.00 0.00 0.00 0.00 0.00 0.01 0.02 0.03 0.39 0.38 0.36 0.31 0.37 0.41 0.55 0.71 1.44 1.51 1.82 2.06 1.49 1.40 1.57 1.61 1.82 1.61 1.41 1.09 0.58 0.67 0.39 0.42 0.07 0.02 0.01 0.00 0.00 0.00 0.00 0.01 0.01 0.00 -0.00 -0.00 0.00 0.00 0.01 0.01 0.02 0.01 0.02 0.02 0.05 0.09 0.11 0.15 0.34 0.66 0.54 0.53 0.75 0.77 0.63 0.54 0.66 0.77 0.73
0.00 0.00 0.00 0.00 0.00 0.00 0.00 0.00 0.00 0.00 0.00 0.00 0.00 0.00 0.00 0.00 0.00 0.00 0.00 0.00 0.00 0.00 0.00 0.03 0.05 0.46 0.42 0.35 0.31 0.44 0.55 0.60 0.94 1.74 1.87 2.25 2.56 1.88 1.76 1.92 1.86 2.07 1.74 1.70 1.45 0.71 0.74 0.60 0.51 0.01 0.03 0.02 0.01 0.00 0.00 0.01 0.01 0.01 0.01 -0.00 -0.00 0.00 0.00 0.01 0.01 0.02 0.01 0.01 0.01 0.02 0.05 0.07 0.11 0.34 0.64 0.60 0.52 0.75 0.58 0.54 0.48 0.55 0.60 0.79
0.00 0.00 0.00 0.00 0.00 0.00 0.00 0.00 0.00 0.00 0.00 0.00 0.00 0.00 0.00 0.00 0.00 0.00 0.00 0.00 0.02 0.01 0.01 0.04 0.11 0.35 0.37 0.35 0.42 0.64 0.85 1.20 1.68 3.19 3.55 4.15 5.02 3.24 3.12 3.45 3.22 3.28 2.64 2.49 2.26 1.40 1.48 1.13 0.91 0.05 0.04 0.03 0.01 0.00 0.00 0.01 0.02 0.01 0.07 0.06 0.03 0.01 0.00 0.01 0.02 0.14 0.13 0.36 0.48 0.50 0.53 0.43 0.49 0.62 0.69 0.99 0.94 1.14 1.09 0.79 0.71 0.98 0.93 1.15
0.00 0.00 0.00 0.00 0.00 0.00 0.00 0.00 0.00 0.00 0.00 0.00 0.00 0.00 0.00 0.00 0.00 0.00 0.00 0.00 0.00 0.00 0.00 0.01 0.08 0.22 0.24 0.25 0.30 0.58 0.79 1.18 1.70 4.05 4.34 5.34 6.06 4.22 4.11 4.41 3.89 3.99 3.03 2.47 2.14 1.32 1.50 1.02 0.80 0.05 0.02 0.01 0.01 -0.00 0.01 0.02 0.04 0.05 0.06 0.01 0.00 0.00 0.01 0.02 0.01 0.19 0.23 0.56 1.07 0.74 0.82 0.50 0.31 0.55 0.56 0.74 0.77 1.07 1.02 0.82 0.69 0.76 0.81 1.02
0.00 0.00 0.00 0.00 0.00 0.00 0.00 0.00 0.00 0.00 0.00 0.00 0.00 0.00 0.00 0.00 0.00 0.00 0.00 0.00 0.00 0.00 0.00 0.00 0.00 0.09 0.12 0.13 0.16 0.57 0.85 1.15 1.43 3.33 3.76 4.36 5.21 3.53 3.73 4.16 3.98 4.13 3.48 2.71 1.99 1.38 1.38 1.05 0.83 0.09 0.14 0.06 0.08 0.07 0.16 0.28 0.36 0.28 0.35 0.10 0.06 0.02 0.04 0.06 0.09 0.34 0.41 0.38 0.61 0.74 0.54 0.55 0.50 0.76 0.86 1.13 1.04 1.12 0.97 1.03 0.97 0.79 0.75 1.12
0.00 0.00 0.00 0.00 0.00 0.00 0.00 0.00 0.00 0.00 0.00 0.00 0.00 0.00 0.00 0.00 0.00 0.00 0.00 0.00 0.00 0.00 0.00 0.01 0.00 0.05 0.10 0.15 0.16 0.61 0.86 1.52 2.08 3.79 3.86 4.78 5.59 4.26 4.77 5.04 4.86 5.06 4.46 3.08 2.06 1.25 1.09 0.72 0.59 0.21 0.31 0.31 0.52 0.19 0.45 0.34 0.51 0.34 0.21 0.12 0.07 0.06 0.05 0.09 0.08 0.32 0.36 0.37 0.74 0.69 0.70 0.54 0.44 0.53 0.74 1.18 1.28 1.14 1.27 1.13 1.21 1.04 0.97 1.32
0.00 0.00 0.00 0.00 0.00 0.00 0.00 0.00 0.00 0.00 0.00 0.00 0.00 0.00 0.00 0.00 0.00 0.00 0.00 0.00 0.00 0.00 0.00 0.00 0.00 0.01 0.05 0.09 0.09 0.51 0.66 0.89 1.36 2.34 3.09 3.60 4.65 3.98 4.33 3.95 3.53 3.87 3.49 2.27 1.43 1.25 1.01 0.33 0.42 0.12 0.21 0.38 0.56 0.34 0.25 0.41 0.48 0.48 0.26 0.13 0.11 0.13 0.18 0.22 0.11 0.25 0.13 0.24 0.42 0.41 0.32 0.35 0.46 0.38 0.47 0.78 0.81 0.90 1.13 0.84 0.88 0.88 0.73 0.97
0.00 0.00 0.00 0.00 0.00 0.00 0.00 0.00 0.00 0.00 0.00 0.00 0.00 0.00 0.00 0.00 0.00 0.00 0.00 0.00 0.00 0.00 0.00 0.00 0.00 0.01 0.06 0.12 0.10 0.33 0.49 0.75 0.91 1.90 2.44 2.85 3.34 2.95 3.27 3.20 3.09 3.09 2.96 1.82 1.09 1.00 0.88 0.46 0.37 0.18 0.25 0.42 0.43 0.29 0.22 0.51 0.42 0.46 0.26 0.06 0.07 0.03 0.12 0.18 0.10 0.14 0.23 0.02 0.23 0.61 0.46 0.67 0.52 0.43 0.57 1.27 1.06 1.11 1.06 0.86 0.76 0.93 1.08 1.07
0.00 0.00 0.00 0.00 0.00 0.00 0.00 0.00 0.00 0.00 0.00 0.00 0.00 0.00 0.00 0.00 0.00 0.00 0.00 0.00 0.00 0.00 0.00 0.00 0.00 0.03 0.06 0.09 0.06 0.41 0.38 1.00 1.16 1.60 2.02 2.18 2.95 3.44 4.12 4.12 4.51 4.58 3.47 4.09 3.05 2.52 1.72 0.53 0.63 0.39 0.38 0.52 0.57 0.30 0.01 0.34 0.30 0.26 0.10 0.03 0.09 0.21 0.31 0.19 0.12 0.16 0.21 0.18 0.15 0.24 0.33 0.43 0.52 0.55 0.61 0.73 0.76 0.84 0.77 0.70 0.60 0.71 0.88 0.92
0.00 0.00 0.00 0.00 0.00 0.00 0.00 0.00 0.00 0.00 0.00 0.00 0.00 0.00 0.00 0.00 0.00 0.00 0.00 0.00 0.00 0.00 0.00 0.00 0.00 0.00 0.00 0.01 0.01 0.36 0.17 0.66 0.74 1.56 1.71 1.97 2.30 2.21 2.23 2.06 2.57 2.37 1.97 1.91 1.39 0.87 0.89 0.56 0.60 0.54 0.45 0.72 0.75 0.37 0.27 0.35 0.29 0.14 0.07 0.00 0.03 0.08 0.07 0.04 0.15 0.01 0.01 0.04 0.03 0.35 0.49 0.77 0.35 0.26 0.35 0.65 0.82 0.63 0.35 0.79 0.53 0.45 0.65 0.80
0.00 0.00 0.00 0.00 0.00 0.00 0.00 0.00 0.00 0.00 0.00 0.00 0.00 0.00 0.00 0.00 0.00 0.00 0.00 0.00 0.00 0.00 0.00 0.00 0.00 0.00 0.00 0.00 0.00 0.10 0.01 0.07 0.04 0.25 0.22 0.30 0.40 0.23 0.26 0.42 0.33 0.52 0.30 0.25 0.38 0.37 0.70 0.26 0.40 0.49 0.63 0.95 1.07 0.35 0.23 0.21 0.23 0.01 0.01 0.00 0.00 0.00 0.07 -0.01 0.02 0.01 0.01 0.00 0.00 0.19 0.23 0.24 0.17 0.25 0.39 0.42 0.73 0.29 0.32 0.30 0.37 0.33 0.48 0.61
0.00 0.00 0.00 0.00 0.00 0.00 0.00 0.00 0.00 0.00 0.00 0.00 0.00 0.00 0.00 0.00 0.00 0.00 0.00 0.00 0.00 0.00 0.00 0.00 0.00 0.00 0.00 0.00 0.00 0.01 0.01 0.02 0.02 0.09 0.05 0.08 0.04 0.01 0.01 0.02 0.06 0.08 0.09 0.15 0.32 0.35 0.46 0.29 0.18 0.48 0.44 0.86 0.98 0.59 0.25 0.15 0.11 0.00 0.01 0.00 0.00 0.00 0.01 0.00 0.01 0.00 0.00 0.00 0.00 0.05 0.19 0.08 0.29 0.04 0.02 0.05 0.10 0.49 0.14 0.12 0.15 0.29 0.44 0.44
0.00 0.00 0.00 0.00 0.00 0.00 0.00 0.00 0.00 0.00 0.00 0.00 0.00 0.00 0.00 0.00 0.00 0.00 0.00 0.00 0.00 0.00 0.00 0.00 0.00 0.00 0.00 0.00 0.00 0.00 0.00 0.04 0.01 0.09 0.03 0.04 0.01 0.00 0.00 -0.00 0.01 0.02 0.06 0.11 0.24 0.25 0.26 0.19 0.14 0.41 0.48 0.87 1.00 0.45 0.44 0.05 -0.00 -0.01 0.01 0.00 0.01 0.03 0.03 0.00 0.00 0.00 0.00 0.00 0.00 -0.01 0.01 0.00 0.00 0.00 0.00 0.00 0.01 0.03 0.03 0.01 0.06 0.23 0.40 0.55
0.00 0.00 0.00 0.00 0.00 0.00 0.00 0.00 0.00 0.00 0.00 0.00 0.00 0.00 0.00 0.00 0.00 0.00 0.00 0.00 0.00 0.00 0.00 0.00 0.00 0.00 0.00 0.00 0.00 0.00 0.00 0.00 0.00 0.01 0.00 0.01 0.01 0.00 0.00 0.00 0.01 0.02 0.13 0.11 0.14 0.09 0.07 0.12 0.10 0.23 0.31 0.57 0.72 0.28 0.10 0.03 0.01 0.11 -0.01 0.00 0.00 -0.01 0.00 0.00 0.00 0.00 0.07 0.03 0.05 0.01 0.01 0.00 0.00 0.00 0.00 0.00 0.04 0.00 0.01 0.04 0.05 0.19 0.30 0.37
0.00 0.00 0.00 0.00 0.00 0.00 0.00 0.00 0.00 0.00 0.00 0.00 0.00 0.00 0.00 0.00 0.00 0.00 0.00 0.00 0.00 0.00 0.00 0.00 0.00 0.00 0.00 0.00 0.00 0.00 0.00 0.00 0.00 0.00 0.00 0.00 0.00 0.00 0.00 0.00 0.00 0.01 0.02 0.10 0.17 0.04 0.02 0.03 0.13 0.13 0.13 0.42 0.66 0.28 0.14 0.02 0.05 0.17 0.09 0.10 -0.01 0.00 0.01 0.00 0.00 0.00 0.00 0.04 -0.00 0.00 0.00 0.01 0.00 0.00 0.00 0.01 0.02 0.11 0.10 0.10 0.11 0.23 0.29 0.43
