QPF/QPF_202208082200-110.txt
ncols 525
nrows 625
xllcorner -31082
yllcorner 11395
cellsize 1000.0
NODATA_value -9999.0
[rows 152 to 189 of 625, columns 420 to 503 of 525]
0.00 0.00 0.00 0.00 0.00 0.00 0.00 0.00 0.00 0.00 0.00 0.00 0.00 0.00 0.00 0.01 0.01 0.19 0.19 0.18 0.17 0.29 0.30 0.47 0.45 0.57 0.57 0.54 0.50 0.68 0.67 0.69 0.64 0.69 0.72 0.73 0.71 0.90 0.96 0.94 0.91 1.18 1.21 1.24 1.28 1.06 1.07 1.22 1.18 1.27 1.22 1.06 1.04 0.98 0.91 0.93 0.93 0.92 0.93 0.89 0.86 0.75 0.74 0.81 0.78 0.85 0.85 0.81 0.80 0.61 0.54 0.54 0.49 0.41 0.37 0.33 0.25 0.15 0.11 0.09 0.04 0.00 0.00 0.00
0.00 0.00 0.00 0.00 0.00 0.00 0.00 0.00 0.00 0.00 0.00 0.00 0.00 0.00 0.00 0.00 0.01 0.15 0.17 0.17 0.18 0.26 0.30 0.46 0.40 0.49 0.45 0.49 0.43 0.66 0.65 0.62 0.58 0.65 0.70 0.68 0.65 0.88 0.90 0.96 0.89 1.19 1.25 1.20 1.22 1.01 1.09 1.10 1.10 1.23 1.13 1.09 1.02 0.97 0.89 0.93 0.95 0.93 0.95 0.88 0.86 0.80 0.81 0.82 0.82 0.86 0.81 0.75 0.72 0.56 0.52 0.53 0.49 0.40 0.36 0.32 0.26 0.15 0.12 0.10 0.05 0.00 0.00 0.00
0.00 0.00 0.00 0.00 0.00 0.00 0.00 0.00 0.00 0.00 0.00 0.00 0.00 0.00 0.00 0.00 0.00 0.12 0.16 0.18 0.17 0.22 0.25 0.38 0.41 0.43 0.43 0.46 0.43 0.65 0.60 0.58 0.55 0.61 0.67 0.65 0.66 0.84 0.86 0.88 0.89 1.13 1.22 1.20 1.23 1.03 1.07 1.09 1.10 1.24 1.18 1.10 1.01 0.98 0.91 0.94 0.92 0.89 0.90 0.88 0.86 0.78 0.81 0.82 0.82 0.86 0.78 0.73 0.67 0.56 0.55 0.51 0.46 0.38 0.34 0.32 0.25 0.16 0.13 0.11 0.04 0.00 0.00 0.00
0.00 0.00 0.00 0.00 0.00 0.00 0.00 0.00 0.00 0.00 0.00 0.00 0.00 0.00 0.00 0.00 0.00 0.08 0.08 0.06 0.08 0.16 0.14 0.20 0.26 0.32 0.29 0.33 0.34 0.52 0.47 0.46 0.45 0.48 0.55 0.57 0.55 0.72 0.76 0.83 0.74 0.95 1.05 1.03 0.96 0.82 0.88 0.82 0.85 1.09 1.08 1.00 0.91 0.84 0.77 0.82 0.80 0.77 0.76 0.75 0.76 0.75 0.74 0.68 0.69 0.74 0.69 0.66 0.62 0.51 0.50 0.46 0.41 0.35 0.29 0.26 0.21 0.16 0.11 0.06 0.01 0.00 0.00 0.00
0.00 0.00 0.00 0.00 0.00 0.00 0.00 0.00 0.00 0.00 0.00 0.00 0.00 0.00 0.00 0.00 0.00 0.05 0.06 0.09 0.07 0.13 0.14 0.20 0.22 0.29 0.27 0.29 0.30 0.47 0.40 0.42 0.37 0.41 0.48 0.55 0.49 0.70 0.75 0.77 0.68 0.96 1.07 1.01 1.01 0.86 0.88 0.89 0.93 1.10 1.10 1.03 0.95 0.86 0.80 0.85 0.85 0.83 0.80 0.82 0.82 0.79 0.78 0.72 0.69 0.78 0.75 0.73 0.69 0.56 0.53 0.44 0.38 0.31 0.25 0.22 0.19 0.15 0.08 0.03 0.01 0.00 0.00 0.00
0.00 0.00 0.00 0.00 0.00 0.00 0.00 0.00 0.00 0.00 0.00 0.00 0.00 0.00 0.00 0.00 0.00 0.05 0.05 0.08 0.06 0.12 0.13 0.19 0.21 0.26 0.23 0.31 0.31 0.43 0.40 0.45 0.38 0.40 0.45 0.51 0.51 0.70 0.79 0.76 0.64 0.96 0.99 1.05 1.01 0.83 0.76 0.85 0.86 1.06 1.08 0.95 0.89 0.75 0.77 0.75 0.72 0.75 0.74 0.78 0.78 0.73 0.70 0.66 0.64 0.70 0.67 0.64 0.67 0.55 0.49 0.42 0.38 0.31 0.29 0.23 0.20 0.17 0.07 0.02 0.02 0.00 0.00 0.00
0.00 0.00 0.00 0.00 0.00 0.00 0.00 0.00 0.00 0.00 0.00 0.00 0.00 0.00 0.00 0.00 0.00 0.06 0.05 0.06 0.06 0.10 0.11 0.15 0.19 0.18 0.17 0.22 0.25 0.34 0.36 0.42 0.38 0.38 0.39 0.43 0.45 0.72 0.75 0.77 0.66 1.00 0.99 0.98 0.96 0.83 0.81 0.87 0.82 1.02 1.05 0.93 0.90 0.75 0.76 0.77 0.72 0.75 0.79 0.79 0.75 0.71 0.70 0.67 0.66 0.75 0.72 0.74 0.74 0.56 0.54 0.50 0.54 0.44 0.38 0.36 0.29 0.23 0.14 0.06 0.03 0.00 0.00 0.00
0.00 0.00 0.00 0.00 0.00 0.00 0.00 0.00 0.00 0.00 0.00 0.00 0.00 0.00 0.00 0.00 0.00 0.04 0.05 0.07 0.05 0.08 0.08 0.10 0.09 0.10 0.07 0.10 0.10 0.21 0.23 0.31 0.30 0.33 0.35 0.41 0.37 0.59 0.64 0.73 0.67 1.04 1.08 1.12 1.08 1.02 1.06 1.05 1.00 1.13 1.14 1.12 1.08 0.96 0.93 0.95 0.92 0.93 0.94 0.89 0.86 0.76 0.79 0.79 0.81 0.95 0.95 0.92 0.91 0.70 0.68 0.72 0.70 0.53 0.44 0.47 0.44 0.30 0.25 0.18 0.08 0.00 0.00 0.00
0.00 0.00 0.00 0.00 0.00 0.00 0.00 0.00 0.00 0.00 0.00 0.00 0.00 0.00 0.00 0.00 0.00 0.06 0.06 0.07 0.06 0.07 0.08 0.11 0.12 0.12 0.10 0.10 0.11 0.21 0.22 0.32 0.29 0.33 0.30 0.33 0.32 0.47 0.53 0.66 0.67 0.99 1.04 1.07 1.05 1.02 1.02 1.01 0.99 1.11 1.14 1.13 1.11 0.99 0.96 0.97 0.93 0.94 0.95 0.86 0.86 0.79 0.83 0.83 0.82 0.98 0.95 0.92 0.93 0.72 0.74 0.76 0.76 0.55 0.51 0.55 0.53 0.34 0.27 0.21 0.11 0.00 0.00 0.00
0.00 0.00 0.00 0.00 0.00 0.00 0.00 0.00 0.00 0.00 0.00 0.00 0.00 0.00 0.00 0.00 0.00 0.04 0.05 0.04 0.05 0.08 0.07 0.11 0.09 0.09 0.10 0.10 0.11 0.20 0.19 0.33 0.28 0.27 0.34 0.32 0.32 0.42 0.47 0.61 0.60 1.00 1.05 1.04 1.04 1.01 1.01 0.94 0.99 1.06 1.11 1.08 1.08 0.98 0.96 0.99 0.86 0.92 0.95 0.91 0.93 0.79 0.82 0.83 0.87 1.04 1.04 0.98 0.92 0.73 0.80 0.76 0.77 0.64 0.61 0.62 0.58 0.38 0.35 0.24 0.09 0.00 0.00 0.00
0.00 0.00 0.00 0.00 0.00 0.00 0.00 0.00 0.00 0.00 0.00 0.00 0.00 0.00 0.00 0.00 0.00 0.03 0.05 0.05 0.05 0.07 0.08 0.08 0.07 0.08 0.07 0.07 0.08 0.17 0.18 0.28 0.27 0.29 0.32 0.34 0.34 0.47 0.58 0.66 0.64 1.07 1.01 1.04 1.03 1.03 1.02 0.93 0.98 0.99 1.03 1.03 1.05 0.95 0.88 0.97 0.89 0.93 0.94 0.92 0.94 0.82 0.80 0.82 0.93 1.09 1.08 1.01 0.97 0.76 0.79 0.75 0.79 0.64 0.58 0.51 0.49 0.37 0.31 0.24 0.12 0.00 0.00 0.00
0.00 0.00 0.00 0.00 0.00 0.00 0.00 0.00 0.00 0.00 0.00 0.00 0.00 0.00 0.00 0.00 0.00 0.07 0.06 0.05 0.07 0.07 0.06 0.06 0.08 0.10 0.07 0.09 0.09 0.18 0.17 0.25 0.23 0.26 0.29 0.31 0.38 0.50 0.61 0.72 0.63 1.03 0.97 0.96 0.91 1.06 1.05 0.98 0.94 0.79 0.82 0.87 0.87 0.81 0.72 0.80 0.74 0.70 0.69 0.64 0.61 0.59 0.60 0.63 0.58 0.69 0.64 0.59 0.59 0.36 0.37 0.33 0.30 0.19 0.15 0.13 0.10 0.03 0.04 0.01 0.00 0.00 0.00 0.00
0.00 0.00 0.00 0.00 0.00 0.00 0.00 0.00 0.00 0.00 0.00 0.00 0.00 0.00 0.00 0.00 0.01 0.07 0.06 0.07 0.07 0.08 0.09 0.07 0.10 0.13 0.10 0.10 0.10 0.16 0.17 0.25 0.22 0.28 0.32 0.38 0.38 0.59 0.67 0.67 0.62 1.02 0.96 0.93 0.87 1.04 1.01 0.94 0.96 0.76 0.81 0.82 0.72 0.76 0.75 0.76 0.77 0.66 0.66 0.55 0.53 0.53 0.54 0.53 0.54 0.67 0.62 0.54 0.54 0.29 0.27 0.23 0.24 0.16 0.11 0.12 0.10 0.03 0.02 0.01 0.00 0.00 0.00 0.00
0.00 0.00 0.00 0.00 0.00 0.00 0.00 0.00 0.00 0.00 0.00 0.00 0.00 0.00 0.00 0.00 0.00 0.08 0.06 0.06 0.07 0.08 0.07 0.06 0.10 0.12 0.11 0.08 0.09 0.13 0.15 0.22 0.21 0.27 0.34 0.36 0.39 0.55 0.59 0.69 0.66 0.99 0.93 0.93 0.90 1.01 0.95 0.97 1.03 0.84 0.67 0.73 0.76 0.77 0.78 0.81 0.81 0.67 0.61 0.51 0.51 0.44 0.48 0.51 0.56 0.71 0.63 0.60 0.61 0.40 0.35 0.22 0.23 0.12 0.11 0.08 0.04 0.02 0.03 0.04 0.01 0.00 0.00 0.00
0.00 0.00 0.00 0.00 0.00 0.00 0.00 0.00 0.00 0.00 0.00 0.00 0.00 0.00 0.00 0.00 0.00 0.08 0.05 0.07 0.06 0.08 0.06 0.07 0.08 0.08 0.11 0.09 0.09 0.11 0.15 0.20 0.20 0.27 0.32 0.35 0.39 0.54 0.53 0.57 0.63 0.96 0.91 0.90 0.88 0.95 0.94 0.94 0.97 0.82 0.73 0.57 0.67 0.76 0.76 0.84 0.86 0.70 0.63 0.53 0.55 0.48 0.56 0.63 0.64 0.73 0.64 0.58 0.54 0.34 0.29 0.20 0.18 0.13 0.11 0.08 0.06 0.05 0.04 0.03 0.01 0.00 0.00 0.00
0.00 0.00 0.00 0.00 0.00 0.00 0.00 0.00 0.00 0.00 0.00 0.00 0.00 0.00 0.00 0.00 0.00 0.06 0.05 0.05 0.04 0.06 0.07 0.05 0.05 0.05 0.05 0.03 0.06 0.06 0.09 0.15 0.17 0.21 0.21 0.20 0.24 0.26 0.29 0.35 0.33 0.72 0.69 0.71 0.67 0.71 0.71 0.72 0.76 0.61 0.55 0.56 0.55 0.60 0.61 0.66 0.68 0.54 0.49 0.44 0.45 0.40 0.48 0.53 0.50 0.57 0.54 0.48 0.45 0.25 0.19 0.14 0.14 0.09 0.07 0.03 0.01 0.01 0.03 0.02 0.02 0.00 0.00 0.00
0.00 0.00 0.00 0.00 0.00 0.00 0.00 0.00 0.00 0.00 0.00 0.00 0.00 0.00 0.00 0.00 0.00 0.05 0.05 0.04 0.05 0.06 0.07 0.06 0.05 0.04 0.04 0.06 0.07 0.07 0.11 0.16 0.16 0.22 0.22 0.23 0.22 0.30 0.30 0.37 0.36 0.70 0.65 0.68 0.71 0.76 0.76 0.77 0.77 0.60 0.50 0.57 0.65 0.64 0.56 0.58 0.62 0.56 0.50 0.47 0.46 0.40 0.48 0.50 0.46 0.59 0.52 0.50 0.47 0.27 0.21 0.15 0.16 0.11 0.10 0.03 0.03 0.02 0.05 0.05 0.02 0.00 0.00 0.00
0.00 0.00 0.00 0.00 0.00 0.00 0.00 0.00 0.00 0.00 0.00 0.00 0.00 0.00 0.00 0.00 0.00 0.06 0.06 0.06 0.05 0.08 0.07 0.06 0.05 0.08 0.07 0.07 0.08 0.09 0.12 0.13 0.14 0.23 0.23 0.25 0.27 0.32 0.36 0.41 0.36 0.75 0.70 0.72 0.76 0.78 0.75 0.75 0.83 0.61 0.55 0.55 0.59 0.66 0.63 0.60 0.58 0.57 0.54 0.49 0.50 0.45 0.48 0.52 0.45 0.63 0.60 0.54 0.51 0.28 0.21 0.18 0.19 0.12 0.12 0.03 0.04 0.07 0.05 0.06 0.03 0.00 0.00 0.00
0.00 0.00 0.00 0.00 0.00 0.00 0.00 0.00 0.00 0.00 0.00 0.00 0.00 0.00 0.00 0.00 0.00 0.08 0.07 0.06 0.07 0.09 0.06 0.07 0.11 0.09 0.06 0.08 0.08 0.09 0.11 0.11 0.14 0.23 0.22 0.26 0.26 0.32 0.35 0.41 0.37 0.71 0.73 0.67 0.73 0.69 0.74 0.76 0.83 0.63 0.58 0.62 0.56 0.58 0.65 0.61 0.57 0.50 0.53 0.47 0.53 0.44 0.46 0.55 0.50 0.66 0.62 0.57 0.49 0.26 0.21 0.20 0.17 0.10 0.08 0.05 0.03 0.06 0.03 0.03 0.02 0.00 0.00 0.00
0.00 0.00 0.00 0.00 0.00 0.00 0.00 0.00 0.00 0.00 0.00 0.00 0.00 0.00 0.00 0.02 0.03 0.15 0.17 0.18 0.13 0.15 0.18 0.17 0.17 0.17 0.18 0.23 0.21 0.23 0.22 0.26 0.25 0.36 0.32 0.36 0.36 0.42 0.43 0.42 0.39 0.68 0.68 0.64 0.66 0.66 0.66 0.64 0.71 0.50 0.50 0.54 0.50 0.48 0.53 0.59 0.52 0.51 0.46 0.44 0.47 0.38 0.41 0.46 0.42 0.51 0.47 0.44 0.38 0.14 0.12 0.11 0.08 0.05 0.03 0.01 0.00 0.01 0.00 0.00 0.00 0.00 0.00 0.00
0.00 0.00 0.00 0.00 0.00 0.00 0.00 0.00 0.00 0.00 0.00 0.00 0.00 0.00 0.00 0.02 0.03 0.20 0.19 0.19 0.16 0.19 0.17 0.18 0.20 0.21 0.21 0.27 0.23 0.22 0.24 0.25 0.28 0.37 0.36 0.35 0.37 0.44 0.47 0.43 0.40 0.68 0.70 0.64 0.69 0.66 0.60 0.60 0.65 0.53 0.52 0.57 0.49 0.46 0.52 0.59 0.60 0.51 0.45 0.37 0.43 0.39 0.39 0.43 0.37 0.46 0.42 0.42 0.34 0.15 0.13 0.12 0.08 0.05 0.03 0.01 0.01 0.00 0.00 0.00 0.00 0.00 0.00 0.00
0.00 0.00 0.00 0.00 0.00 0.00 0.00 0.00 0.00 0.00 0.00 0.00 0.00 0.01 0.01 0.02 0.06 0.19 0.20 0.20 0.17 0.20 0.19 0.18 0.19 0.20 0.20 0.24 0.25 0.24 0.21 0.24 0.26 0.34 0.32 0.35 0.37 0.43 0.48 0.47 0.45 0.66 0.66 0.68 0.68 0.68 0.62 0.61 0.66 0.55 0.56 0.56 0.56 0.52 0.56 0.59 0.54 0.51 0.46 0.43 0.40 0.38 0.44 0.41 0.43 0.45 0.45 0.39 0.31 0.21 0.19 0.14 0.11 0.09 0.06 0.03 0.00 0.00 0.01 0.03 0.00 0.00 0.00 0.00
0.00 0.00 0.00 0.00 0.00 0.00 0.00 0.00 0.00 0.00 0.00 0.00 0.00 0.01 0.03 0.04 0.06 0.20 0.20 0.21 0.18 0.24 0.23 0.21 0.20 0.24 0.24 0.26 0.23 0.25 0.24 0.24 0.21 0.34 0.35 0.36 0.37 0.44 0.51 0.50 0.52 0.69 0.67 0.70 0.71 0.70 0.68 0.64 0.67 0.51 0.53 0.55 0.54 0.53 0.50 0.50 0.46 0.46 0.45 0.44 0.42 0.38 0.39 0.37 0.36 0.41 0.42 0.44 0.34 0.25 0.16 0.15 0.16 0.09 0.08 0.02 0.01 0.00 0.01 0.02 0.00 0.00 0.00 0.00
0.00 0.00 0.00 0.00 0.00 0.00 0.00 0.00 0.00 0.00 0.00 0.00 0.00 0.03 0.03 0.07 0.11 0.25 0.25 0.28 0.25 0.28 0.30 0.30 0.27 0.31 0.27 0.32 0.34 0.28 0.29 0.26 0.27 0.42 0.43 0.43 0.44 0.51 0.53 0.51 0.53 0.64 0.61 0.68 0.68 0.65 0.62 0.49 0.53 0.37 0.37 0.42 0.43 0.35 0.32 0.32 0.31 0.33 0.35 0.33 0.34 0.33 0.35 0.33 0.37 0.39 0.38 0.43 0.38 0.33 0.30 0.25 0.22 0.12 0.11 0.06 0.05 0.02 0.03 0.05 0.03 0.00 0.00 0.00
0.00 0.00 0.00 0.00 0.00 0.00 0.00 0.00 0.00 0.00 0.00 0.00 0.00 0.03 0.05 0.06 0.11 0.26 0.25 0.29 0.26 0.29 0.30 0.29 0.24 0.30 0.31 0.33 0.32 0.25 0.26 0.25 0.29 0.43 0.43 0.45 0.47 0.47 0.54 0.52 0.57 0.62 0.61 0.64 0.68 0.61 0.56 0.48 0.50 0.33 0.35 0.39 0.39 0.36 0.33 0.30 0.29 0.32 0.31 0.34 0.31 0.30 0.31 0.28 0.31 0.32 0.30 0.36 0.35 0.29 0.24 0.21 0.18 0.12 0.13 0.08 0.06 0.07 0.06 0.06 0.02 0.00 0.00 0.00
0.00 0.00 0.00 0.00 0.00 0.00 0.00 0.00 0.00 0.00 0.00 0.00 0.00 0.03 0.03 0.06 0.08 0.27 0.24 0.26 0.24 0.26 0.30 0.27 0.29 0.32 0.30 0.33 0.33 0.26 0.26 0.25 0.27 0.41 0.43 0.44 0.44 0.50 0.52 0.54 0.51 0.57 0.61 0.65 0.61 0.60 0.53 0.46 0.51 0.33 0.34 0.43 0.40 0.35 0.33 0.29 0.28 0.29 0.30 0.31 0.30 0.27 0.28 0.25 0.27 0.30 0.32 0.35 0.34 0.28 0.24 0.21 0.18 0.14 0.15 0.11 0.12 0.12 0.10 0.08 0.03 0.00 0.00 0.00
0.00 0.00 0.00 0.00 0.00 0.00 0.00 0.00 0.00 0.00 0.00 0.00 0.00 0.00 0.02 0.06 0.12 0.26 0.23 0.22 0.23 0.23 0.27 0.27 0.25 0.30 0.30 0.35 0.32 0.26 0.24 0.23 0.26 0.43 0.42 0.43 0.46 0.48 0.51 0.45 0.44 0.53 0.59 0.63 0.59 0.54 0.51 0.47 0.46 0.28 0.30 0.39 0.39 0.36 0.34 0.29 0.26 0.24 0.28 0.32 0.28 0.28 0.30 0.22 0.25 0.25 0.31 0.34 0.31 0.27 0.24 0.20 0.20 0.18 0.17 0.13 0.16 0.15 0.14 0.09 0.04 0.00 0.00 0.00
0.00 0.00 0.00 0.00 0.00 0.00 0.00 0.00 0.00 0.00 0.03 0.00 0.00 0.03 0.05 0.06 0.08 0.21 0.21 0.24 0.21 0.24 0.24 0.24 0.27 0.34 0.34 0.41 0.38 0.26 0.28 0.26 0.28 0.44 0.43 0.46 0.45 0.48 0.48 0.45 0.42 0.57 0.58 0.59 0.51 0.51 0.47 0.49 0.48 0.31 0.33 0.40 0.40 0.39 0.37 0.30 0.27 0.30 0.30 0.35 0.30 0.35 0.33 0.28 0.27 0.28 0.31 0.32 0.36 0.34 0.29 0.25 0.23 0.24 0.23 0.18 0.22 0.22 0.23 0.19 0.12 0.03 0.02 0.01
0.00 0.00 0.00 0.00 0.00 0.00 0.00 0.00 0.00 0.02 0.01 0.01 0.00 0.03 0.04 0.03 0.09 0.24 0.22 0.26 0.26 0.26 0.25 0.27 0.28 0.35 0.37 0.39 0.37 0.29 0.29 0.25 0.30 0.44 0.42 0.43 0.45 0.43 0.47 0.44 0.44 0.55 0.63 0.58 0.51 0.49 0.46 0.51 0.52 0.37 0.39 0.41 0.43 0.41 0.39 0.33 0.31 0.30 0.33 0.34 0.33 0.40 0.40 0.34 0.30 0.28 0.31 0.30 0.35 0.33 0.31 0.26 0.24 0.24 0.23 0.18 0.19 0.21 0.21 0.20 0.15 0.03 0.02 0.01
0.00 0.00 0.00 0.00 0.00 0.00 0.00 0.00 0.00 0.03 0.05 0.01 0.03 0.05 0.05 0.06 0.08 0.23 0.26 0.24 0.22 0.25 0.23 0.25 0.28 0.35 0.38 0.42 0.38 0.30 0.30 0.23 0.28 0.41 0.39 0.39 0.40 0.48 0.50 0.48 0.47 0.51 0.51 0.50 0.48 0.46 0.41 0.46 0.55 0.37 0.35 0.38 0.38 0.37 0.39 0.34 0.35 0.30 0.31 0.27 0.30 0.36 0.35 0.33 0.31 0.30 0.27 0.29 0.33 0.25 0.29 0.27 0.24 0.22 0.22 0.18 0.17 0.14 0.16 0.17 0.14 0.01 0.01 0.00
0.00 0.00 0.00 0.00 0.00 0.00 0.00 0.00 0.00 0.05 0.05 0.04 0.04 0.06 0.04 0.05 0.12 0.25 0.24 0.26 0.26 0.28 0.26 0.28 0.29 0.34 0.37 0.38 0.40 0.31 0.31 0.23 0.28 0.39 0.39 0.41 0.44 0.47 0.50 0.40 0.42 0.43 0.45 0.48 0.44 0.42 0.42 0.44 0.45 0.27 0.27 0.30 0.31 0.33 0.34 0.28 0.29 0.22 0.24 0.20 0.21 0.27 0.30 0.28 0.27 0.25 0.22 0.21 0.25 0.23 0.26 0.21 0.21 0.16 0.16 0.13 0.10 0.07 0.08 0.08 0.05 0.00 0.00 0.00
0.00 0.04 0.03 0.04 0.03 0.03 0.02 0.03 0.02 0.17 0.20 0.18 0.17 0.15 0.13 0.16 0.19 0.35 0.41 0.38 0.39 0.38 0.34 0.34 0.35 0.40 0.44 0.41 0.42 0.34 0.34 0.25 0.31 0.40 0.41 0.41 0.37 0.39 0.40 0.35 0.33 0.30 0.31 0.35 0.31 0.27 0.25 0.27 0.26 0.10 0.09 0.10 0.12 0.13 0.15 0.14 0.15 0.11 0.10 0.10 0.11 0.15 0.13 0.16 0.14 0.09 0.08 0.10 0.10 0.10 0.10 0.08 0.05 0.01 0.00 0.00 0.00 0.00 0.00 0.00 0.00 0.00 0.00 0.00
0.00 0.02 0.03 0.03 0.03 0.05 0.04 0.03 0.05 0.15 0.17 0.18 0.15 0.17 0.17 0.18 0.26 0.38 0.40 0.38 0.34 0.35 0.34 0.34 0.34 0.41 0.42 0.42 0.45 0.36 0.37 0.32 0.33 0.45 0.42 0.40 0.38 0.35 0.35 0.30 0.28 0.31 0.32 0.33 0.31 0.30 0.27 0.29 0.25 0.09 0.06 0.07 0.07 0.10 0.09 0.13 0.15 0.12 0.12 0.08 0.07 0.12 0.09 0.09 0.10 0.10 0.11 0.11 0.05 0.06 0.09 0.05 0.04 0.00 0.00 0.00 0.00 0.00 0.00 0.00 0.00 0.00 0.00 0.00
0.00 0.03 0.03 0.04 0.06 0.05 0.04 0.05 0.07 0.13 0.15 0.14 0.15 0.19 0.18 0.20 0.23 0.35 0.38 0.33 0.34 0.35 0.34 0.35 0.36 0.38 0.39 0.41 0.41 0.34 0.36 0.32 0.31 0.40 0.39 0.41 0.37 0.35 0.36 0.31 0.29 0.32 0.35 0.36 0.33 0.33 0.28 0.29 0.24 0.11 0.08 0.10 0.08 0.12 0.10 0.10 0.16 0.15 0.13 0.11 0.09 0.12 0.10 0.10 0.11 0.08 0.07 0.06 0.06 0.07 0.08 0.07 0.03 0.00 0.00 0.00 0.00 0.00 0.00 0.00 0.00 0.00 0.00 0.00
0.00 0.04 0.02 0.04 0.05 0.06 0.06 0.06 0.08 0.16 0.15 0.17 0.18 0.20 0.17 0.21 0.23 0.37 0.36 0.33 0.33 0.34 0.38 0.32 0.35 0.40 0.36 0.41 0.43 0.33 0.35 0.34 0.31 0.44 0.42 0.41 0.41 0.33 0.34 0.28 0.29 0.34 0.37 0.34 0.35 0.29 0.25 0.22 0.22 0.08 0.09 0.07 0.06 0.05 0.05 0.07 0.09 0.14 0.12 0.11 0.11 0.13 0.11 0.08 0.09 0.05 0.07 0.09 0.07 0.04 0.05 0.06 0.04 0.00 0.00 0.00 0.00 0.00 0.00 0.00 0.00 0.00 0.00 0.00
0.00 0.03 0.02 0.02 0.04 0.09 0.09 0.07 0.07 0.10 0.13 0.16 0.16 0.18 0.21 0.25 0.31 0.40 0.40 0.33 0.30 0.38 0.33 0.36 0.39 0.49 0.46 0.46 0.46 0.44 0.45 0.45 0.34 0.56 0.48 0.51 0.45 0.41 0.39 0.35 0.38 0.38 0.41 0.39 0.41 0.35 0.30 0.23 0.20 0.04 0.05 0.09 0.07 0.05 0.06 0.07 0.07 0.08 0.09 0.08 0.08 0.08 0.05 0.06 0.07 0.09 0.11 0.12 0.10 0.08 0.10 0.09 0.05 0.00 0.01 0.00 0.00 0.00 0.00 0.00 0.00 0.00 0.00 0.00
0.00 0.01 0.01 0.02 0.02 0.10 0.11 0.06 0.06 0.11 0.13 0.13 0.16 0.21 0.25 0.25 0.28 0.39 0.39 0.37 0.40 0.38 0.34 0.32 0.36 0.45 0.45 0.49 0.53 0.45 0.46 0.41 0.43 0.60 0.50 0.51 0.52 0.43 0.42 0.36 0.39 0.40 0.37 0.40 0.42 0.33 0.27 0.24 0.17 0.05 0.05 0.08 0.09 0.08 0.09 0.09 0.07 0.07 0.08 0.08 0.06 0.10 0.07 0.06 0.10 0.12 0.15 0.15 0.12 0.10 0.10 0.06 0.05 0.01 0.00 0.00 0.00 0.00 0.00 0.00 0.00 0.00 0.00 0.00
0.00 0.05 0.03 0.03 0.03 0.10 0.13 0.15 0.13 0.14 0.13 0.16 0.21 0.22 0.25 0.26 0.34 0.39 0.38 0.39 0.43 0.40 0.40 0.39 0.37 0.44 0.43 0.43 0.47 0.44 0.44 0.46 0.40 0.58 0.54 0.54 0.54 0.45 0.47 0.40 0.45 0.41 0.38 0.40 0.40 0.31 0.27 0.25 0.21 0.05 0.07 0.08 0.10 0.10 0.09 0.11 0.07 0.08 0.08 0.11 0.10 0.10 0.09 0.07 0.09 0.11 0.13 0.15 0.13 0.10 0.10 0.08 0.05 0.00 0.00 0.00 0.00 0.00 0.00 0.00 0.00 0.00 0.00 0.00
