QPF/QPF_202208082200-40.txt
ncols 525
nrows 625
xllcorner -31082
yllcorner 11395
cellsize 1000.0
NODATA_value -9999.0
[rows 190 to 227 of 625, columns 420 to 503 of 525]
0.69 0.70 0.64 0.60 0.60 0.63 0.60 0.59 0.53 0.51 0.49 0.46 0.49 0.47 0.43 0.48 0.45 0.35 0.43 0.36 0.29 0.27 0.35 0.29 0.30 0.26 0.24 0.30 0.32 0.27 0.20 0.25 0.25 0.20 0.19 0.22 0.25 0.22 0.23 0.31 0.26 0.22 0.22 0.28 0.20 0.13 0.13 0.11 0.12 0.07 0.05 0.09 0.13 0.16 0.24 0.21 0.26 0.24 0.23 0.21 0.29 0.22 0.21 0.25 0.26 0.22 0.23 0.24 0.28 0.36 0.34 0.30 0.34 0.34 0.31 0.34 0.30 0.28 0.24 0.24 0.28 0.25 0.20 0.11
0.71 0.71 0.67 0.62 0.64 0.58 0.55 0.53 0.50 0.47 0.49 0.42 0.44 0.49 0.43 0.43 0.46 0.39 0.39 0.28 0.29 0.30 0.32 0.30 0.25 0.30 0.28 0.29 0.32 0.26 0.22 0.21 0.13 0.17 0.19 0.22 0.21 0.21 0.27 0.28 0.23 0.24 0.20 0.25 0.14 0.10 0.09 0.08 0.08 0.03 0.04 0.10 0.14 0.22 0.27 0.26 0.24 0.15 0.18 0.19 0.25 0.25 0.24 0.26 0.25 0.28 0.24 0.25 0.28 0.32 0.30 0.33 0.33 0.29 0.32 0.29 0.25 0.28 0.23 0.26 0.28 0.19 0.17 0.16
0.70 0.69 0.64 0.63 0.59 0.55 0.54 0.48 0.48 0.46 0.45 0.38 0.39 0.49 0.43 0.43 0.41 0.34 0.27 0.25 0.30 0.32 0.30 0.24 0.28 0.30 0.26 0.29 0.29 0.20 0.19 0.20 0.18 0.14 0.16 0.17 0.20 0.22 0.27 0.19 0.26 0.21 0.16 0.14 0.10 0.05 0.06 0.07 0.06 0.04 0.05 0.10 0.18 0.23 0.28 0.28 0.21 0.17 0.19 0.20 0.24 0.25 0.25 0.25 0.27 0.22 0.21 0.26 0.25 0.28 0.28 0.30 0.27 0.27 0.29 0.29 0.26 0.29 0.25 0.27 0.24 0.13 0.21 0.21
0.68 0.64 0.61 0.59 0.57 0.47 0.49 0.51 0.46 0.43 0.45 0.37 0.39 0.42 0.35 0.35 0.33 0.23 0.21 0.29 0.32 0.28 0.21 0.21 0.28 0.25 0.23 0.26 0.24 0.19 0.19 0.17 0.18 0.18 0.16 0.16 0.19 0.22 0.17 0.17 0.24 0.20 0.12 0.13 0.08 0.12 0.09 0.06 0.06 0.05 0.03 0.10 0.17 0.25 0.24 0.21 0.18 0.20 0.25 0.21 0.20 0.21 0.20 0.27 0.24 0.23 0.22 0.27 0.19 0.21 0.29 0.24 0.22 0.25 0.30 0.23 0.24 0.26 0.28 0.24 0.12 0.16 0.21 0.18
0.66 0.59 0.60 0.55 0.48 0.47 0.50 0.51 0.51 0.40 0.40 0.40 0.38 0.40 0.29 0.29 0.30 0.17 0.25 0.29 0.27 0.21 0.17 0.20 0.27 0.23 0.22 0.23 0.19 0.18 0.19 0.20 0.19 0.18 0.18 0.18 0.17 0.09 0.15 0.21 0.21 0.12 0.10 0.10 0.08 0.12 0.14 0.12 0.12 0.05 0.08 0.11 0.19 0.21 0.21 0.15 0.17 0.21 0.24 0.15 0.16 0.19 0.20 0.24 0.23 0.23 0.25 0.25 0.20 0.24 0.21 0.18 0.18 0.22 0.21 0.20 0.26 0.29 0.25 0.17 0.10 0.16 0.17 0.19
0.63 0.55 0.51 0.53 0.48 0.51 0.51 0.51 0.51 0.37 0.33 0.31 0.33 0.31 0.25 0.26 0.21 0.18 0.21 0.20 0.15 0.16 0.18 0.23 0.22 0.21 0.21 0.20 0.20 0.18 0.24 0.20 0.21 0.14 0.16 0.14 0.09 0.09 0.11 0.14 0.11 0.04 0.04 0.05 0.07 0.12 0.11 0.14 0.14 0.11 0.12 0.15 0.21 0.22 0.16 0.12 0.16 0.21 0.20 0.12 0.11 0.12 0.17 0.21 0.24 0.22 0.25 0.22 0.18 0.20 0.24 0.15 0.20 0.14 0.15 0.16 0.24 0.22 0.17 0.09 0.11 0.15 0.16 0.14
0.57 0.47 0.49 0.48 0.48 0.50 0.51 0.47 0.45 0.31 0.30 0.30 0.25 0.28 0.24 0.28 0.29 0.18 0.16 0.14 0.15 0.19 0.18 0.20 0.19 0.16 0.20 0.18 0.16 0.17 0.20 0.16 0.17 0.16 0.10 0.08 0.04 0.04 0.08 0.11 0.04 0.04 0.02 0.05 0.12 0.11 0.13 0.12 0.15 0.17 0.19 0.19 0.21 0.19 0.15 0.22 0.23 0.21 0.22 0.18 0.14 0.13 0.16 0.18 0.19 0.27 0.23 0.19 0.17 0.20 0.15 0.16 0.15 0.11 0.10 0.14 0.17 0.15 0.13 0.10 0.09 0.13 0.10 0.15
0.49 0.44 0.45 0.46 0.46 0.47 0.48 0.46 0.37 0.30 0.26 0.26 0.28 0.30 0.29 0.27 0.30 0.11 0.12 0.14 0.21 0.20 0.20 0.15 0.07 0.12 0.17 0.16 0.14 0.15 0.12 0.10 0.13 0.13 0.11 0.06 0.03 0.03 0.07 0.05 0.04 0.04 0.02 0.05 0.08 0.10 0.07 0.09 0.14 0.15 0.14 0.14 0.20 0.18 0.20 0.27 0.27 0.27 0.28 0.24 0.19 0.20 0.21 0.21 0.20 0.26 0.18 0.15 0.14 0.15 0.16 0.15 0.11 0.08 0.07 0.09 0.08 0.08 0.07 0.06 0.05 0.06 0.11 0.12
0.45 0.47 0.46 0.39 0.39 0.43 0.43 0.41 0.35 0.25 0.21 0.22 0.27 0.28 0.22 0.24 0.20 0.13 0.16 0.15 0.18 0.16 0.21 0.10 0.10 0.17 0.16 0.13 0.10 0.13 0.09 0.07 0.09 0.09 0.06 0.06 0.05 0.08 0.08 0.05 0.03 0.04 0.03 0.04 0.07 0.09 0.07 0.10 0.14 0.14 0.08 0.15 0.16 0.17 0.19 0.27 0.26 0.26 0.29 0.28 0.21 0.20 0.17 0.19 0.21 0.21 0.15 0.18 0.15 0.14 0.12 0.13 0.14 0.10 0.08 0.05 0.03 0.03 0.03 0.04 0.03 0.04 0.07 0.08
0.39 0.45 0.35 0.33 0.34 0.35 0.34 0.38 0.33 0.23 0.20 0.18 0.25 0.25 0.16 0.17 0.23 0.12 0.12 0.16 0.16 0.15 0.13 0.10 0.15 0.17 0.12 0.08 0.10 0.12 0.06 0.05 0.05 0.05 0.07 0.09 0.10 0.11 0.09 0.06 0.06 0.05 0.03 0.03 0.03 0.04 0.07 0.09 0.11 0.09 0.12 0.15 0.16 0.14 0.19 0.24 0.21 0.23 0.27 0.22 0.17 0.13 0.10 0.13 0.15 0.15 0.15 0.14 0.11 0.13 0.10 0.10 0.10 0.09 0.06 0.03 0.02 0.03 0.02 0.02 0.03 0.02 0.04 0.05
0.37 0.29 0.23 0.24 0.32 0.30 0.33 0.32 0.22 0.16 0.25 0.25 0.19 0.11 0.10 0.20 0.21 0.15 0.16 0.15 0.13 0.13 0.12 0.12 0.13 0.11 0.11 0.10 0.12 0.08 0.06 0.03 0.05 0.06 0.06 0.06 0.07 0.07 0.09 0.08 0.05 0.03 0.02 0.02 0.02 0.03 0.04 0.04 0.07 0.09 0.08 0.13 0.13 0.12 0.18 0.22 0.18 0.22 0.21 0.16 0.14 0.08 0.06 0.09 0.09 0.13 0.14 0.12 0.09 0.09 0.08 0.08 0.09 0.07 0.03 0.02 0.02 0.02 0.02 0.02 0.02 0.02 0.02 0.02
0.29 0.15 0.15 0.22 0.25 0.23 0.30 0.28 0.17 0.17 0.22 0.22 0.19 0.12 0.16 0.19 0.18 0.12 0.13 0.10 0.10 0.08 0.08 0.08 0.10 0.10 0.07 0.09 0.10 0.07 0.04 0.03 0.04 0.02 0.03 0.04 0.03 0.05 0.04 0.05 0.03 0.02 0.01 0.02 0.01 0.02 0.01 0.02 0.03 0.04 0.07 0.08 0.06 0.13 0.19 0.14 0.11 0.22 0.19 0.16 0.16 0.11 0.07 0.09 0.07 0.11 0.08 0.07 0.06 0.05 0.04 0.05 0.05 0.03 0.03 0.02 0.02 0.02 0.02 0.02 0.02 0.02 0.03 0.02
0.11 0.12 0.17 0.20 0.16 0.26 0.25 0.20 0.19 0.20 0.20 0.20 0.15 0.14 0.16 0.16 0.10 0.04 0.05 0.05 0.08 0.07 0.05 0.04 0.05 0.04 0.06 0.09 0.06 0.04 0.04 0.03 0.03 0.01 0.03 0.03 0.02 0.02 0.02 0.02 0.01 0.01 0.01 0.01 0.00 0.01 0.01 0.02 0.05 0.04 0.06 0.08 0.09 0.17 0.14 0.08 0.16 0.21 0.23 0.15 0.15 0.07 0.09 0.09 0.10 0.10 0.08 0.06 0.04 0.03 0.03 0.02 0.03 0.02 0.02 0.02 0.02 0.02 0.02 0.02 0.02 0.02 0.02 0.02
0.11 0.09 0.11 0.07 0.15 0.21 0.20 0.22 0.18 0.19 0.18 0.16 0.12 0.17 0.18 0.12 0.08 0.03 0.04 0.04 0.09 0.07 0.05 0.03 0.04 0.05 0.07 0.06 0.04 0.03 0.03 0.02 0.03 0.02 0.02 0.01 0.02 0.02 0.01 0.01 0.01 0.00 0.00 0.00 0.00 0.00 0.01 0.01 0.01 0.04 0.05 0.04 0.08 0.10 0.08 0.11 0.17 0.17 0.16 0.16 0.13 0.10 0.10 0.11 0.08 0.10 0.05 0.04 0.03 0.03 0.03 0.02 0.02 0.01 0.02 0.02 0.02 0.02 0.02 0.02 0.02 0.02 0.02 0.02
0.05 0.03 0.03 0.05 0.12 0.16 0.16 0.17 0.16 0.18 0.19 0.16 0.16 0.13 0.11 0.08 0.06 0.02 0.03 0.04 0.07 0.07 0.06 0.05 0.03 0.04 0.03 0.05 0.04 0.02 0.03 0.01 0.03 0.01 0.02 0.01 0.02 0.01 0.01 0.01 0.00 0.00 0.00 0.00 0.01 0.01 0.00 0.01 0.02 0.03 0.03 0.04 0.03 0.04 0.05 0.10 0.10 0.11 0.12 0.15 0.15 0.12 0.10 0.09 0.08 0.07 0.03 0.04 0.02 0.03 0.03 0.02 0.02 0.02 0.02 0.02 0.01 0.02 0.02 0.02 0.02 0.01 0.02 0.02
0.02 0.02 0.02 0.03 0.06 0.11 0.14 0.11 0.15 0.16 0.15 0.14 0.12 0.06 0.06 0.07 0.04 0.01 0.02 0.01 0.05 0.04 0.04 0.01 0.02 0.03 0.02 0.02 0.03 0.02 0.02 0.01 0.01 0.00 0.01 0.00 0.01 0.01 0.01 0.00 0.01 0.00 0.00 0.00 0.00 0.00 0.01 0.01 0.01 0.02 0.03 0.03 0.04 0.04 0.03 0.04 0.05 0.03 0.09 0.11 0.10 0.11 0.09 0.07 0.05 0.05 0.03 0.03 0.03 0.03 0.03 0.02 0.01 0.01 0.01 0.01 0.01 0.01 0.01 0.01 0.02 0.01 0.01 0.01
0.02 0.01 0.02 0.02 0.04 0.05 0.09 0.13 0.17 0.17 0.17 0.13 0.08 0.04 0.03 0.01 0.03 0.01 0.01 0.02 0.02 0.02 0.02 0.02 0.02 0.02 0.01 0.02 0.02 0.01 0.01 0.00 0.01 0.01 0.01 0.00 0.00 0.01 0.00 0.00 0.00 0.00 0.00 0.00 0.00 0.01 0.00 0.00 0.01 0.01 0.02 0.02 0.03 0.03 0.03 0.04 0.02 0.04 0.07 0.09 0.09 0.09 0.05 0.04 0.04 0.03 0.02 0.03 0.02 0.03 0.02 0.02 0.01 0.01 0.01 0.01 0.01 0.01 0.01 0.01 0.02 0.01 0.01 0.01
0.02 0.01 0.02 0.02 0.02 0.03 0.05 0.07 0.11 0.15 0.17 0.13 0.08 0.04 0.03 0.01 0.02 0.00 0.01 0.01 0.01 0.01 0.01 0.01 0.00 0.01 0.01 0.01 0.00 0.00 0.00 0.00 0.00 0.00 0.00 0.00 0.00 0.00 0.00 0.00 0.00 0.00 0.00 0.00 0.00 0.00 0.01 0.00 0.01 0.01 0.01 0.01 0.01 0.01 0.01 0.03 0.04 0.05 0.05 0.05 0.05 0.04 0.03 0.03 0.03 0.03 0.02 0.03 0.02 0.02 0.01 0.01 0.01 0.01 0.00 0.01 0.01 0.01 0.01 0.01 0.01 0.01 0.01 0.01
0.02 0.04 0.02 0.01 0.02 0.03 0.03 0.05 0.12 0.16 0.18 0.15 0.10 0.05 0.03 0.01 0.02 0.00 0.00 0.01 0.01 0.00 0.00 0.00 0.00 0.00 0.00 0.00 0.00 0.00 0.00 0.00 0.00 0.00 0.00 0.00 0.00 0.00 0.00 0.00 0.00 0.00 0.00 0.00 0.00 0.00 0.01 0.00 0.00 0.00 0.01 0.01 0.00 0.01 0.01 0.02 0.02 0.03 0.01 0.03 0.02 0.02 0.02 0.03 0.02 0.02 0.02 0.02 0.02 0.01 0.01 0.01 0.01 0.01 0.01 0.01 0.01 0.01 0.01 0.01 0.01 0.01 0.01 0.01
0.06 0.06 0.03 0.02 0.02 0.01 0.02 0.05 0.10 0.12 0.12 0.15 0.06 0.04 0.03 0.02 0.02 0.00 0.00 0.00 0.00 0.00 0.00 0.00 0.00 0.00 0.00 0.00 0.00 0.00 0.00 0.00 0.00 0.00 0.00 0.00 0.00 0.00 0.00 0.00 0.00 0.00 0.00 0.00 0.00 0.00 0.00 0.00 0.00 0.00 0.00 0.00 0.00 0.00 0.01 0.01 0.00 0.02 0.02 0.02 0.01 0.01 0.02 0.01 0.02 0.02 0.01 0.02 0.01 0.00 0.00 0.00 0.00 0.00 0.00 0.00 0.00 0.00 0.00 0.00 0.00 0.00 0.01 0.01
0.16 0.09 0.03 0.03 0.02 0.01 0.02 0.03 0.06 0.08 0.09 0.05 0.08 0.05 0.03 0.01 0.01 0.00 0.00 0.00 0.00 0.00 0.00 0.00 0.00 0.00 0.00 0.00 0.00 0.00 0.00 0.00 0.00 0.00 0.00 0.00 0.00 0.00 0.00 0.00 0.00 0.00 0.00 0.00 0.00 0.00 0.00 0.00 0.00 0.00 0.00 0.00 0.00 0.00 0.00 0.01 0.00 0.01 0.01 0.00 0.00 0.01 0.01 0.01 0.01 0.02 0.01 0.01 0.01 0.00 0.00 0.00 0.00 0.00 0.00 0.00 0.00 0.00 0.00 0.00 0.00 0.00 0.00 0.00
0.21 0.14 0.04 0.03 0.02 0.01 0.01 0.01 0.02 0.01 0.02 0.02 0.01 0.02 0.02 0.01 0.01 0.00 0.00 0.00 0.00 0.00 0.00 0.00 0.00 0.00 0.00 0.00 0.00 0.00 0.00 0.00 0.00 0.00 0.00 0.00 0.00 0.00 0.00 0.00 0.00 0.00 0.00 0.00 0.00 0.00 0.00 0.00 0.00 0.00 0.00 0.00 0.00 0.00 0.00 0.00 0.00 0.00 0.00 0.00 0.00 0.00 0.00 0.01 0.00 0.01 0.01 0.00 0.00 0.00 0.00 0.00 0.00 0.00 0.00 0.00 0.00 0.00 0.00 0.00 0.00 0.00 0.00 0.00
0.30 0.26 0.12 0.03 0.02 0.01 0.01 0.00 0.01 0.00 0.01 0.01 0.01 0.01 0.01 0.00 0.00 0.00 0.00 0.00 0.00 0.00 0.00 0.00 0.00 0.00 0.00 0.00 0.00 0.00 0.00 0.00 0.00 0.00 0.00 0.00 0.00 0.00 0.00 0.00 0.00 0.00 0.00 0.00 0.00 0.00 0.00 0.00 0.00 0.00 0.00 0.00 0.00 0.00 0.00 0.00 0.00 0.00 0.00 0.00 0.00 0.00 0.00 0.00 0.00 0.00 0.00 0.00 0.00 0.00 0.00 0.00 0.00 0.00 0.00 0.00 0.00 0.00 0.00 0.00 0.00 0.00 0.00 0.00
0.28 0.28 0.15 0.03 0.02 0.00 0.00 0.00 0.00 0.00 0.00 0.00 0.00 0.00 0.01 0.00 0.00 0.00 0.00 0.00 0.00 0.00 0.00 0.00 0.00 0.00 0.00 0.00 0.00 0.00 0.00 0.00 0.00 0.00 0.00 0.00 0.00 0.00 0.00 0.00 0.00 0.00 0.00 0.00 0.00 0.00 0.00 0.00 0.00 0.00 0.00 0.00 0.00 0.00 0.00 0.00 0.00 0.00 0.00 0.00 0.00 0.00 0.00 0.00 0.00 0.00 0.00 0.00 0.00 0.00 0.00 0.00 0.00 0.00 0.00 0.00 0.00 0.00 0.00 0.00 0.00 0.00 0.00 0.00
0.34 0.29 0.18 0.09 0.04 0.00 0.00 0.00 0.00 0.00 0.00 0.00 0.00 0.00 0.00 0.00 0.00 0.00 0.00 0.00 0.00 0.00 0.00 0.00 0.00 0.00 0.00 0.00 0.00 0.00 0.00 0.00 0.00 0.00 0.00 0.00 0.00 0.00 0.00 0.00 0.00 0.00 0.00 0.00 0.00 0.00 0.00 0.00 0.00 0.00 0.00 0.00 0.00 0.00 0.00 0.00 0.00 0.00 0.00 0.00 0.00 0.00 0.00 0.00 0.00 0.00 0.00 0.00 0.00 0.00 0.00 0.00 0.00 0.00 0.00 0.00 0.00 0.00 0.00 0.00 0.00 0.00 0.00 0.00
0.40 0.34 0.28 0.12 0.04 0.00 0.00 0.00 0.00 0.00 0.00 0.00 0.00 0.00 0.00 0.00 0.00 0.00 0.00 0.00 0.00 0.00 0.00 0.00 0.00 0.00 0.00 0.00 0.00 0.00 0.00 0.00 0.00 0.00 0.00 0.00 0.00 0.00 0.00 0.00 0.00 0.00 0.00 0.00 0.00 0.00 0.00 0.00 0.00 0.00 0.00 0.00 0.00 0.00 0.00 0.00 0.00 0.00 0.00 0.00 0.00 0.00 0.00 0.00 0.00 0.00 0.00 0.00 0.00 0.00 0.00 0.00 0.00 0.00 0.00 0.00 0.00 0.00 0.00 0.00 0.00 0.00 0.00 0.00
0.32 0.36 0.35 0.25 0.07 0.02 0.01 0.00 0.00 0.00 0.00 0.00 0.00 0.00 0.00 0.00 0.00 0.00 0.00 0.00 0.00 0.00 0.00 0.00 0.00 0.00 0.00 0.00 0.00 0.00 0.00 0.00 0.00 0.00 0.00 0.00 0.00 0.00 0.00 0.00 0.00 0.00 0.00 0.00 0.00 0.00 0.00 0.00 0.00 0.00 0.00 0.00 0.00 0.00 0.00 0.00 0.00 0.00 0.00 0.00 0.00 0.00 0.00 0.00 0.00 0.00 0.00 0.00 0.00 0.00 0.00 0.00 0.00 0.00 0.00 0.00 0.00 0.00 0.00 0.00 0.00 0.00 0.00 0.00
0.34 0.37 0.37 0.29 0.17 0.03 0.01 0.00 0.00 0.00 0.00 0.00 0.00 0.00 0.00 0.00 0.00 0.00 0.00 0.00 0.00 0.00 0.00 0.00 0.00 0.00 0.00 0.00 0.00 0.00 0.00 0.00 0.00 0.00 0.00 0.00 0.00 0.00 0.00 0.00 0.00 0.00 0.00 0.00 0.00 0.00 0.00 0.00 0.00 0.00 0.00 0.00 0.00 0.00 0.00 0.00 0.00 0.00 0.00 0.00 0.00 0.00 0.00 0.00 0.00 0.00 0.00 0.00 0.00 0.00 0.00 0.00 0.00 0.00 0.00 0.00 0.00 0.00 0.00 0.00 0.00 0.00 0.00 0.00
0.41 0.42 0.40 0.37 0.25 0.05 0.02 0.00 0.00 0.00 0.00 0.00 0.00 0.00 0.00 0.00 0.00 0.00 0.00 0.00 0.00 0.00 0.00 0.00 0.00 0.00 0.00 0.00 0.00 0.00 0.00 0.00 0.00 0.00 0.00 0.00 0.00 0.00 0.00 0.00 0.00 0.00 0.00 0.00 0.00 0.00 0.00 0.00 0.00 0.00 0.00 0.00 0.00 0.00 0.00 0.00 0.00 0.00 0.00 0.00 0.00 0.00 0.00 0.00 0.00 0.00 0.00 0.00 0.00 0.00 0.00 0.00 0.00 0.00 0.00 0.00 0.00 0.00 0.00 0.00 0.00 0.00 0.00 0.00
0.41 0.47 0.42 0.40 0.27 0.06 0.03 0.00 0.00 0.00 0.00 0.00 0.00 0.00 0.00 0.00 0.00 0.00 0.00 0.00 0.00 0.00 0.00 0.00 0.00 0.00 0.00 0.00 0.00 0.00 0.00 0.00 0.00 0.00 0.00 0.00 0.00 0.00 0.00 0.00 0.00 0.00 0.00 0.00 0.00 0.00 0.00 0.00 0.00 0.00 0.00 0.00 0.00 0.00 0.00 0.00 0.00 0.00 0.00 0.00 0.00 0.00 0.00 0.00 0.00 0.00 0.00 0.00 0.00 0.00 0.00 0.00 0.00 0.00 0.00 0.00 0.00 0.00 0.00 0.00 0.00 0.00 0.00 0.00
0.49 0.46 0.43 0.43 0.30 0.14 0.06 0.02 0.01 0.00 0.00 0.00 0.00 0.00 0.00 0.00 0.00 0.00 0.00 0.00 0.00 0.00 0.00 0.00 0.00 0.00 0.00 0.00 0.00 0.00 0.00 0.00 0.00 0.00 0.00 0.00 0.00 0.00 0.00 0.00 0.00 0.00 0.00 0.00 0.00 0.00 0.00 0.00 0.00 0.00 0.00 0.00 0.00 0.00 0.00 0.00 0.00 0.00 0.00 0.00 0.00 0.00 0.00 0.00 0.00 0.00 0.00 0.00 0.00 0.00 0.00 0.00 0.00 0.00 0.00 0.00 0.00 0.00 0.00 0.00 0.00 0.00 0.00 0.00
0.50 0.47 0.42 0.46 0.43 0.35 0.13 0.07 0.02 0.00 0.00 0.00 0.00 0.00 0.00 0.00 0.00 0.00 0.00 0.00 0.00 0.00 0.00 0.00 0.00 0.00 0.00 0.00 0.00 0.00 0.00 0.00 0.00 0.00 0.00 0.00 0.00 0.00 0.00 0.00 0.00 0.00 0.00 0.00 0.00 0.00 0.00 0.00 0.00 0.00 0.00 0.00 0.00 0.00 0.00 0.00 0.00 0.00 0.00 0.00 0.00 0.00 0.00 0.00 0.00 0.00 0.00 0.00 0.00 0.00 0.00 0.00 0.00 0.00 0.00 0.00 0.00 0.00 0.00 0.00 0.00 0.00 0.00 0.00
0.42 0.30 0.33 0.48 0.48 0.42 0.24 0.11 0.03 0.01 0.00 0.00 0.00 0.00 0.00 0.00 0.00 0.00 0.00 0.00 0.00 0.00 0.00 0.00 0.00 0.00 0.00 0.00 0.00 0.00 0.00 0.00 0.00 0.00 0.00 0.00 0.00 0.00 0.00 0.00 0.00 0.00 0.00 0.00 0.00 0.00 0.00 0.00 0.00 0.00 0.00 0.00 0.00 0.00 0.00 0.00 0.00 0.00 0.00 0.00 0.00 0.00 0.00 0.00 0.00 0.00 0.00 0.00 0.00 0.00 0.00 0.00 0.00 0.00 0.00 0.00 0.00 0.00 0.00 0.00 0.00 0.00 0.00 0.00
0.46 0.29 0.26 0.40 0.44 0.36 0.24 0.20 0.09 0.02 0.01 0.01 0.00 0.00 0.00 0.00 0.00 0.00 0.00 0.00 0.00 0.00 0.00 0.00 0.00 0.00 0.00 0.00 0.00 0.00 0.00 0.00 0.00 0.00 0.00 0.00 0.00 0.00 0.00 0.00 0.00 0.00 0.00 0.00 0.00 0.00 0.00 0.00 0.00 0.00 0.00 0.00 0.00 0.00 0.00 0.00 0.00 0.00 0.00 0.00 0.00 0.00 0.00 0.00 0.00 0.00 0.00 0.00 0.00 0.00 0.00 0.00 0.00 0.00 0.00 0.00 0.00 0.00 0.00 0.00 0.00 0.00 0.00 0.00
0.41 0.27 0.28 0.38 0.36 0.27 0.30 0.21 0.09 0.04 0.01 0.01 0.00 0.00 0.00 0.00 0.00 0.00 0.00 0.00 0.00 0.00 0.00 0.00 0.00 0.00 0.00 0.00 0.00 0.00 0.00 0.00 0.00 0.00 0.00 0.00 0.00 0.00 0.00 0.00 0.00 0.00 0.00 0.00 0.00 0.00 0.00 0.00 0.00 0.00 0.00 0.00 0.00 0.00 0.00 0.00 0.00 0.00 0.00 0.00 0.00 0.00 0.00 0.00 0.00 0.00 0.00 0.00 0.00 0.00 0.00 0.00 0.00 0.00 0.00 0.00 0.00 0.00 0.00 0.00 0.00 0.00 0.00 0.00
0.47 0.41 0.40 0.34 0.27 0.27 0.32 0.25 0.22 0.07 0.03 0.02 0.00 0.00 0.00 0.00 0.00 0.00 0.00 0.00 0.00 0.00 0.00 0.00 0.00 0.00 0.00 0.00 0.00 0.00 0.00 0.00 0.00 0.00 0.00 0.00 0.00 0.00 0.00 0.00 0.00 0.00 0.00 0.00 0.00 0.00 0.00 0.00 0.00 0.00 0.00 0.00 0.00 0.00 0.00 0.00 0.00 0.00 0.00 0.00 0.00 0.00 0.00 0.00 0.00 0.00 0.00 0.00 0.00 0.00 0.00 0.00 0.00 0.00 0.00 0.00 0.00 0.00 0.00 0.00 0.00 0.00 0.00 0.00
0.61 0.52 0.42 0.39 0.29 0.27 0.34 0.33 0.26 0.18 0.12 0.02 0.01 0.00 0.00 0.00 0.00 0.00 0.00 0.00 0.00 0.00 0.00 0.00 0.00 0.00 0.00 0.00 0.00 0.00 0.00 0.00 0.00 0.00 0.00 0.00 0.00 0.00 0.00 0.00 0.00 0.00 0.00 0.00 0.00 0.00 0.00 0.00 0.00 0.00 0.00 0.00 0.00 0.00 0.00 0.00 0.00 0.00 0.00 0.00 0.00 0.00 0.00 0.00 0.00 0.00 0.00 0.00 0.00 0.00 0.00 0.00 0.00 0.00 0.00 0.00 0.00 0.00 0.00 0.00 0.00 0.00 0.00 0.00
0.62 0.56 0.38 0.31 0.13 0.28 0.38 0.40 0.28 0.33 0.24 0.07 0.01 0.00 0.00 0.00 0.00 0.00 0.00 0.00 0.00 0.00 0.00 0.00 0.00 0.00 0.00 0.00 0.00 0.00 0.00 0.00 0.00 0.00 0.00 0.00 0.00 0.00 0.00 0.00 0.00 0.00 0.00 0.00 0.00 0.00 0.00 0.00 0.00 0.00 0.00 0.00 0.00 0.00 0.00 0.00 0.00 0.00 0.00 0.00 0.00 0.00 0.00 0.00 0.00 0.00 0.00 0.00 0.00 0.00 0.00 0.00 0.00 0.00 0.00 0.00 0.00 0.00 0.00 0.00 0.00 0.00 0.00 0.00
