QPF/QPF_202208082200-10.txt
ncols 525
nrows 625
xllcorner -31082
yllcorner 11395
cellsize 1000.0
NODATA_value -9999.0
[rows 238 to 271 of 625, columns 385 to 461 of 525]
0.86 0.83 0.54 0.51 0.46 0.54 0.59 0.58 0.52 0.66 0.66 0.72 0.65 0.61 0.70 0.79 0.88 0.82 0.78 0.73 0.54 0.36 0.25 0.33 0.31 0.17 0.18 0.25 0.30 0.32 0.32 0.50 0.46 0.42 0.35 0.27 0.23 0.21 0.32 0.30 0.61 0.63 0.58 0.45 0.27 0.15 0.03 0.02 0.00 -0.00 -0.00 -0.00 -0.00 -0.00 -0.00 -0.00 -0.00 -0.00 -0.00 -0.00 -0.00 -0.00 -0.00 -0.00 -0.00 -0.00 -0.00 -0.00 -0.00 -0.00 -0.00 -0.00 -0.00 -0.00 -0.00 -0.00 -0.00
0.82 0.69 0.50 0.42 0.39 0.40 0.44 0.52 0.55 0.68 0.73 0.73 0.65 0.65 0.69 0.71 0.76 0.84 0.76 0.75 0.56 0.22 0.14 0.12 0.16 0.18 0.18 0.19 0.17 0.21 0.22 0.30 0.37 0.46 0.32 0.29 0.20 0.21 0.42 0.47 0.58 0.54 0.41 0.23 0.12 0.02 0.01 -0.00 -0.00 -0.00 -0.00 -0.00 -0.00 -0.00 -0.00 -0.00 -0.00 -0.00 -0.00 -0.00 -0.00 -0.00 -0.00 -0.00 -0.00 -0.00 -0.00 -0.00 -0.00 -0.00 -0.00 -0.00 -0.00 -0.00 -0.00 -0.00 -0.00
0.71 0.67 0.54 0.46 0.41 0.49 0.53 0.60 0.71 0.74 0.75 0.79 0.77 0.76 0.75 0.75 0.79 0.84 0.81 0.80 0.65 0.32 0.08 0.04 0.08 0.16 0.16 0.15 0.14 0.19 0.20 0.24 0.32 0.30 0.23 0.23 0.20 0.25 0.45 0.52 0.56 0.43 0.28 0.13 0.03 0.02 -0.00 -0.00 -0.00 -0.00 -0.00 -0.00 -0.00 -0.00 -0.00 -0.00 -0.00 -0.00 -0.00 -0.00 -0.00 -0.00 -0.00 -0.00 -0.00 -0.00 -0.00 -0.00 -0.00 -0.00 -0.00 -0.00 -0.00 -0.00 -0.00 -0.00 -0.00
0.55 0.62 0.56 0.54 0.56 0.61 0.56 0.65 0.72 0.74 0.73 0.76 0.77 0.64 0.96 1.12 0.97 0.98 0.94 0.87 0.76 0.36 0.09 0.01 0.07 0.11 0.14 0.15 0.16 0.21 0.16 0.27 0.34 0.20 0.14 0.12 0.18 0.18 0.32 0.54 0.50 0.34 0.16 0.06 0.01 -0.00 -0.00 -0.00 -0.00 -0.00 -0.00 -0.00 -0.00 -0.00 -0.00 -0.00 -0.00 -0.00 -0.00 -0.00 -0.00 -0.00 -0.00 -0.00 -0.00 -0.00 -0.00 -0.00 -0.00 -0.00 -0.00 -0.00 -0.00 -0.00 -0.00 -0.00 -0.00
0.47 0.54 0.46 0.48 0.47 0.55 0.62 0.65 0.68 0.76 0.78 0.78 0.83 0.90 1.01 1.12 1.08 1.01 0.98 0.95 0.81 0.58 0.19 0.07 0.05 0.09 0.14 0.14 0.19 0.21 0.30 0.39 0.34 0.29 0.18 0.18 0.21 0.18 0.15 0.45 0.55 0.30 0.13 0.04 0.01 -0.00 -0.00 -0.00 -0.00 -0.00 -0.00 -0.00 -0.00 -0.00 -0.00 -0.00 -0.00 -0.00 -0.00 -0.00 -0.00 -0.00 -0.00 -0.00 -0.00 -0.00 -0.00 -0.00 -0.00 -0.00 -0.00 -0.00 -0.00 -0.00 -0.00 -0.00 -0.00
0.45 0.44 0.39 0.39 0.43 0.55 0.58 0.58 0.58 0.63 0.66 0.73 0.86 0.89 1.05 1.03 1.00 0.99 0.94 0.96 0.83 0.60 0.26 0.17 0.12 0.10 0.07 0.10 0.19 0.20 0.34 0.38 0.48 0.50 0.39 0.51 0.44 0.32 0.24 0.43 0.47 0.35 0.13 0.02 0.01 0.00 -0.00 -0.00 -0.00 -0.00 -0.00 -0.00 -0.00 -0.00 -0.00 -0.00 -0.00 -0.00 -0.00 -0.00 -0.00 -0.00 -0.00 -0.00 -0.00 -0.00 -0.00 -0.00 -0.00 -0.00 -0.00 -0.00 -0.00 -0.00 -0.00 -0.00 -0.00
0.37 0.41 0.31 0.35 0.40 0.48 0.52 0.55 0.52 0.65 0.74 0.67 0.77 0.89 0.87 0.91 0.92 1.01 0.97 0.89 0.72 0.67 0.53 0.52 0.36 0.19 0.06 0.08 0.13 0.17 0.21 0.39 0.45 0.54 0.55 0.62 0.49 0.47 0.63 0.57 0.53 0.46 0.20 0.02 0.01 0.00 -0.00 -0.00 -0.00 -0.00 -0.00 -0.00 -0.00 -0.00 -0.00 -0.00 -0.00 -0.00 -0.00 -0.00 -0.00 -0.00 -0.00 -0.00 -0.00 -0.00 -0.00 -0.00 -0.00 -0.00 -0.00 -0.00 -0.00 -0.00 -0.00 -0.00 -0.00
0.30 0.29 0.26 0.29 0.32 0.42 0.50 0.56 0.57 0.61 0.68 0.62 0.65 0.66 0.76 0.79 0.88 0.94 0.91 0.83 0.69 0.59 0.65 0.67 0.53 0.39 0.09 0.14 0.19 0.14 0.14 0.20 0.32 0.43 0.59 0.50 0.59 0.70 0.85 0.77 0.65 0.52 0.34 0.02 -0.00 0.00 0.00 0.00 0.00 -0.00 -0.00 -0.00 -0.00 -0.00 -0.00 -0.00 -0.00 -0.00 -0.00 -0.00 -0.00 -0.00 -0.00 -0.00 -0.00 -0.00 -0.00 -0.00 -0.00 -0.00 -0.00 -0.00 -0.00 -0.00 -0.00 -0.00 -0.00
0.21 0.22 0.20 0.23 0.28 0.38 0.45 0.55 0.60 0.63 0.64 0.57 0.59 0.64 0.67 0.71 0.81 0.89 0.95 0.85 0.67 0.50 0.59 0.66 0.56 0.49 0.30 0.24 0.16 0.16 0.15 0.20 0.27 0.36 0.46 0.65 0.70 0.70 0.71 0.83 0.72 0.72 0.60 0.10 -0.01 0.01 0.01 -0.00 -0.00 0.00 -0.00 -0.00 -0.00 -0.00 -0.00 -0.00 -0.00 -0.00 -0.00 -0.00 -0.00 -0.00 -0.00 -0.00 -0.00 -0.00 -0.00 -0.00 -0.00 -0.00 -0.00 -0.00 -0.00 -0.00 -0.00 -0.00 -0.00
0.14 0.13 0.13 0.17 0.23 0.32 0.40 0.53 0.59 0.64 0.69 0.69 0.69 0.63 0.55 0.65 0.79 0.90 0.92 0.87 0.72 0.59 0.70 0.73 0.46 0.52 0.41 0.35 0.23 0.11 0.13 0.17 0.21 0.27 0.34 0.67 0.52 0.71 0.90 0.84 0.82 0.74 0.72 0.39 0.13 0.12 0.03 0.02 0.01 -0.00 0.00 0.00 -0.00 -0.00 -0.00 -0.00 -0.00 -0.00 -0.00 -0.00 -0.00 -0.00 -0.00 -0.00 -0.00 -0.00 -0.00 -0.00 -0.00 -0.00 -0.00 -0.00 -0.00 -0.00 -0.00 -0.00 -0.00
0.06 0.08 0.10 0.13 0.18 0.27 0.36 0.51 0.54 0.58 0.61 0.70 0.59 0.50 0.59 0.64 0.70 0.82 0.90 0.74 0.73 0.77 0.72 0.78 0.44 0.39 0.39 0.25 0.13 0.08 0.09 0.16 0.21 0.35 0.49 0.50 0.65 0.75 0.89 0.87 0.87 0.80 0.73 0.72 0.61 0.46 0.30 0.14 0.01 0.01 0.01 0.00 -0.00 -0.00 -0.00 -0.00 -0.00 -0.00 -0.00 -0.00 -0.00 -0.00 -0.00 -0.00 -0.00 -0.00 -0.00 -0.00 -0.00 -0.00 -0.00 -0.00 -0.00 -0.00 -0.00 -0.00 -0.00
0.03 0.03 0.06 0.08 0.14 0.24 0.32 0.43 0.54 0.58 0.57 0.62 0.61 0.79 0.60 0.50 0.45 0.62 0.86 0.71 0.69 0.75 0.72 0.69 0.48 0.47 0.43 0.14 0.01 0.04 0.06 0.19 0.21 0.25 0.48 0.60 0.59 0.75 0.81 0.92 0.95 0.90 0.85 0.87 0.77 0.71 0.57 0.34 0.27 0.02 0.01 0.00 -0.00 -0.00 -0.00 -0.00 -0.00 -0.00 -0.00 -0.00 -0.00 -0.00 -0.00 -0.00 -0.00 -0.00 -0.00 -0.00 -0.00 -0.00 -0.00 -0.00 -0.00 -0.00 -0.00 -0.00 -0.00
0.01 0.01 0.04 0.05 0.11 0.19 0.28 0.39 0.47 0.56 0.61 0.60 0.68 0.77 0.62 0.43 0.40 0.46 0.61 0.62 0.59 0.62 0.72 0.74 0.71 0.58 0.39 0.11 -0.03 -0.02 0.05 0.14 0.17 0.26 0.40 0.53 0.49 0.75 0.83 0.84 0.98 0.99 0.95 0.91 0.85 0.76 0.65 0.53 0.39 0.08 0.02 0.00 -0.00 -0.00 -0.00 -0.00 -0.00 -0.00 -0.00 -0.00 -0.00 -0.00 -0.00 -0.00 -0.00 -0.00 -0.00 -0.00 -0.00 -0.00 -0.00 -0.00 -0.00 -0.00 -0.00 -0.00 -0.00
-0.00 0.01 0.01 0.02 0.07 0.15 0.23 0.32 0.41 0.48 0.51 0.60 0.67 0.64 0.59 0.33 0.30 0.24 0.25 0.31 0.38 0.48 0.67 0.72 0.67 0.68 0.60 0.24 0.03 0.06 0.11 0.11 0.21 0.32 0.37 0.46 0.56 0.68 0.80 0.84 0.87 1.00 0.98 0.95 0.97 0.82 0.68 0.55 0.36 0.15 0.05 0.00 -0.00 -0.00 -0.00 -0.00 -0.00 -0.00 -0.00 -0.00 -0.00 -0.00 -0.00 -0.00 -0.00 -0.00 -0.00 -0.00 -0.00 -0.00 -0.00 -0.00 -0.00 -0.00 -0.00 -0.00 -0.00
-0.01 0.00 0.00 0.01 0.05 0.10 0.17 0.27 0.34 0.40 0.48 0.55 0.58 0.58 0.51 0.48 0.26 0.19 0.28 0.24 0.31 0.48 0.58 0.62 0.65 0.60 0.55 0.46 0.29 0.26 0.20 0.22 0.22 0.25 0.41 0.57 0.75 0.75 0.75 0.81 0.88 0.90 0.94 0.96 1.00 0.82 0.69 0.60 0.30 0.13 0.03 0.00 -0.00 -0.00 -0.00 -0.00 -0.00 -0.00 -0.00 -0.00 -0.00 -0.00 -0.00 -0.00 -0.00 -0.00 -0.00 -0.00 -0.00 -0.00 -0.00 -0.00 -0.00 -0.00 -0.00 -0.00 -0.00
-0.00 -0.00 -0.01 -0.00 0.02 0.06 0.13 0.20 0.25 0.31 0.37 0.44 0.47 0.49 0.50 0.40 0.25 0.26 0.33 0.24 0.28 0.35 0.46 0.58 0.61 0.54 0.49 0.39 0.40 0.39 0.30 0.27 0.22 0.32 0.45 0.51 0.80 0.84 0.76 0.83 0.87 0.89 0.92 0.89 0.88 0.73 0.61 0.38 0.14 0.03 0.02 0.01 -0.00 -0.00 -0.00 -0.00 -0.00 -0.00 -0.00 -0.00 -0.00 -0.00 -0.00 -0.00 -0.00 -0.00 -0.00 -0.00 -0.00 -0.00 -0.00 -0.00 -0.00 -0.00 -0.00 -0.00 -0.00
-0.00 -0.00 -0.01 -0.01 0.01 0.05 0.08 0.14 0.21 0.26 0.31 0.33 0.41 0.44 0.43 0.40 0.40 0.28 0.23 0.32 0.26 0.32 0.43 0.44 0.49 0.45 0.38 0.33 0.27 0.32 0.24 0.24 0.22 0.42 0.49 0.63 0.72 0.83 0.83 0.81 0.92 0.89 0.86 0.89 0.84 0.77 0.49 0.16 0.02 0.01 0.00 -0.00 -0.00 -0.00 -0.00 -0.00 -0.00 -0.00 -0.00 -0.00 -0.00 -0.00 -0.00 -0.00 -0.00 -0.00 -0.00 -0.00 -0.00 -0.00 -0.00 -0.00 -0.00 -0.00 -0.00 -0.00 -0.00
-0.00 -0.00 -0.00 -0.01 -0.01 0.01 0.05 0.08 0.15 0.22 0.26 0.25 0.32 0.38 0.38 0.39 0.37 0.20 0.19 0.28 0.31 0.31 0.31 0.30 0.30 0.29 0.26 0.19 0.14 0.19 0.16 0.15 0.21 0.28 0.36 0.65 0.81 0.84 0.87 0.84 0.87 0.88 0.88 0.82 0.78 0.62 0.35 0.06 -0.01 0.01 0.00 -0.00 -0.00 -0.00 -0.00 -0.00 -0.00 -0.00 -0.00 -0.00 -0.00 -0.00 -0.00 -0.00 -0.00 -0.00 -0.00 -0.00 -0.00 -0.00 -0.00 -0.00 -0.00 -0.00 -0.00 -0.00 -0.00
-0.00 -0.00 -0.00 -0.00 -0.00 0.00 0.01 0.04 0.09 0.15 0.18 0.23 0.29 0.31 0.40 0.35 0.32 0.17 0.12 0.22 0.25 0.28 0.29 0.23 0.20 0.20 0.16 0.08 0.09 0.11 0.14 0.13 0.16 0.17 0.33 0.65 0.82 0.82 0.84 0.92 0.89 0.85 0.86 0.83 0.71 0.62 0.40 0.03 -0.01 0.00 -0.00 0.00 -0.00 -0.00 -0.00 -0.00 -0.00 -0.00 -0.00 -0.00 -0.00 -0.00 -0.00 -0.00 -0.00 -0.00 -0.00 -0.00 -0.00 -0.00 -0.00 -0.00 -0.00 -0.00 -0.00 -0.00 -0.00
-0.00 -0.00 -0.00 -0.00 -0.00 -0.00 0.00 0.03 0.07 0.11 0.13 0.16 0.21 0.28 0.32 0.32 0.31 0.17 0.17 0.24 0.16 0.20 0.28 0.19 0.18 0.17 0.16 0.05 0.04 0.12 0.16 0.16 0.13 0.28 0.44 0.58 0.80 0.80 0.90 0.91 0.91 0.92 0.83 0.79 0.72 0.58 0.39 0.03 0.01 0.02 0.02 -0.00 -0.00 -0.00 -0.00 -0.00 -0.00 -0.00 -0.00 -0.00 -0.00 -0.00 -0.00 -0.00 -0.00 -0.00 -0.00 -0.00 -0.00 -0.00 -0.00 -0.00 -0.00 -0.00 -0.00 -0.00 -0.00
-0.00 -0.00 -0.00 -0.00 -0.00 -0.01 -0.01 0.02 0.07 0.11 0.09 0.12 0.16 0.23 0.31 0.32 0.27 0.20 0.23 0.15 0.11 0.17 0.20 0.20 0.17 0.15 0.17 0.11 0.03 0.11 0.15 0.15 0.13 0.26 0.39 0.48 0.71 0.83 0.91 0.93 0.93 0.91 0.84 0.74 0.67 0.51 0.30 0.10 0.05 0.06 0.11 0.03 0.00 -0.00 -0.00 -0.00 -0.00 -0.00 -0.00 -0.00 -0.00 -0.00 -0.00 -0.00 -0.00 -0.00 -0.00 -0.00 -0.00 -0.00 -0.00 -0.00 -0.00 -0.00 -0.00 -0.00 -0.00
-0.00 -0.00 -0.00 -0.00 -0.00 -0.01 0.01 -0.00 0.09 0.11 0.09 0.10 0.16 0.25 0.31 0.29 0.24 0.20 0.13 0.08 0.06 0.11 0.19 0.21 0.14 0.12 0.20 0.12 0.12 0.14 0.16 0.16 0.11 0.16 0.47 0.60 0.69 0.79 0.90 0.91 0.82 0.73 0.82 0.73 0.57 0.44 0.24 0.16 0.11 0.13 0.16 0.06 0.02 0.00 0.00 0.00 -0.00 -0.00 -0.00 -0.00 -0.00 -0.00 -0.00 -0.00 -0.00 -0.00 -0.00 -0.00 -0.00 -0.00 -0.00 -0.00 -0.00 -0.00 -0.00 -0.00 -0.00
-0.00 -0.00 -0.00 -0.00 -0.00 -0.01 0.00 0.03 0.10 0.12 0.11 0.12 0.18 0.24 0.28 0.28 0.22 0.12 0.07 0.04 0.01 0.07 0.11 0.14 0.17 0.18 0.26 0.27 0.27 0.24 0.27 0.21 0.24 0.36 0.51 0.64 0.70 0.74 0.83 0.80 0.75 0.68 0.70 0.59 0.49 0.35 0.21 0.17 0.18 0.16 0.19 0.12 0.06 0.04 0.03 0.00 -0.00 -0.00 -0.00 -0.00 -0.00 -0.00 -0.00 -0.00 -0.00 -0.00 -0.00 -0.00 -0.00 -0.00 -0.00 -0.00 -0.00 -0.00 -0.00 -0.00 -0.00
-0.00 -0.00 -0.00 -0.00 -0.00 -0.00 -0.01 0.02 0.08 0.11 0.15 0.17 0.22 0.26 0.28 0.25 0.16 0.06 0.02 0.02 0.01 0.03 0.06 0.09 0.21 0.24 0.30 0.42 0.45 0.45 0.41 0.28 0.36 0.40 0.48 0.55 0.69 0.72 0.77 0.73 0.69 0.57 0.52 0.49 0.38 0.23 0.16 0.18 0.18 0.18 0.20 0.19 0.15 0.09 0.04 0.00 -0.00 -0.00 -0.00 -0.00 -0.00 -0.00 -0.00 -0.00 -0.00 -0.00 -0.00 -0.00 -0.00 -0.00 -0.00 -0.00 -0.00 -0.00 -0.00 -0.00 -0.00
-0.00 -0.00 -0.00 -0.00 -0.00 -0.01 -0.01 -0.00 0.05 0.10 0.15 0.23 0.22 0.21 0.21 0.22 0.13 0.05 0.02 0.00 -0.00 0.01 0.02 0.05 0.23 0.33 0.38 0.35 0.40 0.41 0.37 0.35 0.37 0.49 0.46 0.60 0.71 0.65 0.63 0.58 0.49 0.45 0.39 0.33 0.22 0.16 0.15 0.19 0.18 0.18 0.18 0.19 0.19 0.15 0.06 0.01 0.00 -0.00 -0.00 -0.00 -0.00 -0.00 -0.00 -0.00 -0.00 -0.00 -0.00 -0.00 -0.00 -0.00 -0.00 -0.00 -0.00 -0.00 -0.00 -0.00 -0.00
-0.00 -0.00 -0.00 -0.00 -0.00 -0.00 -0.01 0.00 0.08 0.13 0.21 0.25 0.24 0.22 0.15 0.15 0.11 0.04 0.02 0.00 0.01 -0.00 0.00 0.06 0.17 0.37 0.38 0.37 0.35 0.34 0.33 0.39 0.33 0.45 0.54 0.55 0.60 0.54 0.47 0.40 0.34 0.24 0.20 0.15 0.10 0.09 0.12 0.15 0.15 0.18 0.17 0.19 0.20 0.15 0.08 0.02 -0.00 -0.00 -0.00 -0.00 -0.00 -0.00 -0.00 -0.00 -0.00 -0.00 -0.00 -0.00 -0.00 -0.00 -0.00 -0.00 -0.00 -0.00 -0.00 -0.00 -0.00
-0.00 -0.00 -0.00 -0.00 -0.00 -0.00 -0.00 0.05 0.13 0.20 0.30 0.28 0.38 0.25 0.17 0.16 0.09 0.04 0.01 0.01 0.01 -0.00 -0.03 0.06 0.12 0.23 0.31 0.38 0.36 0.35 0.39 0.41 0.41 0.46 0.53 0.46 0.46 0.39 0.33 0.23 0.16 0.11 0.07 0.05 0.05 0.05 0.09 0.09 0.15 0.16 0.15 0.20 0.21 0.14 0.08 0.02 0.00 -0.00 -0.00 -0.00 -0.00 -0.00 -0.00 -0.00 -0.00 -0.00 -0.00 -0.00 -0.00 -0.00 -0.00 -0.00 -0.00 -0.00 -0.00 -0.00 -0.00
-0.00 -0.00 -0.00 -0.00 -0.01 -0.01 0.03 0.12 0.18 0.26 0.29 0.28 0.40 0.23 0.27 0.20 0.13 0.04 0.02 0.01 0.01 -0.00 -0.01 0.01 0.08 0.16 0.21 0.25 0.32 0.34 0.39 0.43 0.48 0.46 0.44 0.45 0.35 0.25 0.15 0.07 0.05 0.03 0.03 0.03 0.03 0.03 0.04 0.06 0.12 0.14 0.17 0.19 0.18 0.11 0.05 0.01 -0.00 -0.00 -0.00 -0.00 -0.00 -0.00 -0.00 -0.00 -0.00 -0.00 -0.00 -0.00 -0.00 -0.00 -0.00 -0.00 -0.00 -0.00 -0.00 -0.00 -0.00
-0.00 -0.00 -0.00 -0.00 0.00 0.01 0.11 0.18 0.22 0.27 0.30 0.28 0.22 0.20 0.22 0.18 0.13 0.10 0.03 0.02 0.02 0.02 0.01 0.01 0.02 0.05 0.08 0.11 0.16 0.22 0.36 0.41 0.43 0.38 0.41 0.31 0.28 0.16 0.06 0.02 0.02 0.02 0.01 0.01 0.01 0.02 0.00 0.03 0.09 0.12 0.14 0.16 0.16 0.09 0.03 0.01 -0.00 -0.00 -0.00 -0.00 -0.00 -0.00 -0.00 -0.00 -0.00 -0.00 -0.00 -0.00 -0.00 -0.00 -0.00 -0.00 -0.00 -0.00 -0.00 -0.00 -0.00
-0.00 -0.00 -0.00 -0.01 0.01 0.06 0.18 0.22 0.22 0.23 0.24 0.14 0.14 0.13 0.14 0.13 0.13 0.11 0.05 0.06 0.06 0.06 0.08 0.03 0.02 0.01 0.01 0.03 0.03 0.06 0.25 0.38 0.48 0.38 0.28 0.19 0.09 0.05 0.02 0.01 0.00 -0.00 0.00 0.01 0.00 -0.00 -0.00 0.01 0.04 0.09 0.10 0.14 0.11 0.06 0.01 0.00 -0.00 -0.00 -0.00 -0.00 -0.00 -0.00 -0.00 -0.00 -0.00 -0.00 -0.00 -0.00 -0.00 -0.00 -0.00 -0.00 -0.00 -0.00 -0.00 -0.00 -0.00
-0.00 0.00 0.02 0.03 0.03 0.09 0.18 0.22 0.23 0.22 0.17 0.10 0.09 0.04 0.06 0.09 0.10 0.10 0.08 0.06 0.12 0.11 0.09 0.05 0.05 0.05 0.04 0.04 0.04 0.11 0.17 0.28 0.38 0.36 0.22 0.08 0.01 0.02 0.01 0.00 0.00 -0.00 0.00 0.00 -0.00 -0.00 -0.01 0.00 0.02 0.05 0.05 0.06 0.06 0.02 0.01 -0.00 -0.00 -0.00 -0.00 -0.00 -0.00 -0.00 -0.00 -0.00 -0.00 -0.00 -0.00 -0.00 -0.00 -0.00 -0.00 -0.00 -0.00 -0.00 -0.00 -0.00 -0.00
-0.00 0.02 0.02 0.02 0.03 0.07 0.15 0.18 0.20 0.15 0.10 0.05 0.03 0.02 0.03 0.04 0.04 0.06 0.06 0.06 0.12 0.16 0.14 0.13 0.25 0.24 0.20 0.18 0.19 0.22 0.20 0.23 0.23 0.21 0.12 0.01 0.01 -0.00 -0.00 -0.00 -0.00 -0.00 -0.00 -0.00 -0.00 -0.00 -0.00 -0.01 -0.00 0.02 0.03 0.02 0.03 0.02 -0.00 -0.00 -0.00 -0.00 -0.00 -0.00 -0.00 -0.00 -0.00 -0.00 -0.00 -0.00 -0.00 -0.00 -0.00 -0.00 -0.00 -0.00 -0.00 -0.00 -0.00 -0.00 -0.00
-0.00 0.02 0.03 0.03 0.03 0.02 0.06 0.14 0.11 0.08 0.04 0.03 0.02 0.02 0.01 0.05 0.06 0.07 0.06 0.08 0.10 0.14 0.17 0.19 0.24 0.24 0.27 0.23 0.26 0.27 0.26 0.26 0.20 0.15 0.05 0.02 0.01 0.00 -0.00 -0.00 -0.00 -0.00 -0.00 -0.00 -0.00 -0.00 -0.00 -0.00 -0.01 -0.01 0.02 0.02 0.01 0.00 -0.00 -0.00 -0.00 -0.00 -0.00 -0.00 -0.00 -0.00 -0.00 -0.00 -0.00 -0.00 -0.00 -0.00 -0.00 -0.00 -0.00 -0.00 -0.00 -0.00 -0.00 -0.00 -0.00
0.01 0.03 0.02 0.02 0.02 0.01 0.02 0.03 0.02 0.02 0.02 0.02 0.02 0.02 0.01 0.04 0.07 0.11 0.11 0.12 0.10 0.12 0.14 0.15 0.18 0.20 0.21 0.20 0.21 0.21 0.19 0.16 0.11 0.05 0.02 0.00 -0.00 -0.00 -0.00 -0.00 -0.00 -0.00 -0.00 -0.00 -0.00 -0.00 -0.00 -0.00 -0.00 -0.00 -0.00 -0.00 -0.00 -0.00 -0.00 -0.00 -0.00 -0.00 -0.00 -0.00 -0.00 -0.00 -0.00 -0.00 -0.00 -0.00 -0.00 -0.00 -0.00 -0.00 -0.00 -0.00 -0.00 -0.00 -0.00 -0.00 -0.00
