QPF/QPF_202208082200-90.txt
ncols 525
nrows 625
xllcorner -31082
yllcorner 11395
cellsize 1000.0
NODATA_value -9999.0
[rows 170 to 203 of 625, columns 385 to 461 of 525]
0.00 0.04 0.04 0.18 0.49 0.46 0.48 0.43 0.38 0.38 0.29 0.25 0.00 0.00 0.00 0.00 0.00 0.00 0.00 0.00 0.00 0.00 0.00 0.00 0.00 0.00 0.00 0.00 0.00 0.00 0.00 0.00 0.00 0.00 0.00 0.00 0.01 0.01 0.02 0.03 0.03 0.05 0.05 0.03 0.03 0.05 0.06 0.07 0.23 0.25 0.28 0.35 0.56 0.64 0.60 0.60 0.72 0.72 0.75 0.72 0.99 0.95 1.00 0.95 0.77 0.82 0.77 0.74 0.74 0.75 0.76 0.75 0.66 0.66 0.67 0.64 0.71
0.01 0.02 0.01 0.13 0.41 0.47 0.46 0.38 0.35 0.36 0.26 0.22 0.00 0.00 0.00 0.00 0.00 0.00 0.00 0.00 0.00 0.00 0.00 0.00 0.00 0.00 0.00 0.00 0.00 0.00 0.00 0.00 0.00 0.00 0.00 0.00 0.02 0.02 0.02 0.02 0.04 0.04 0.04 0.03 0.03 0.05 0.08 0.08 0.24 0.33 0.33 0.34 0.58 0.69 0.63 0.63 0.74 0.71 0.71 0.73 0.89 0.88 0.96 0.94 0.84 0.80 0.84 0.78 0.75 0.69 0.73 0.72 0.66 0.66 0.58 0.57 0.66
0.01 0.00 0.01 0.04 0.38 0.47 0.48 0.41 0.28 0.36 0.27 0.24 0.00 0.00 0.00 0.00 0.00 0.00 0.00 0.00 0.00 0.00 0.00 0.00 0.00 0.00 0.00 0.00 0.00 0.00 0.00 0.00 0.00 0.00 0.00 0.00 0.02 0.02 0.04 0.04 0.05 0.06 0.04 0.03 0.02 0.06 0.08 0.11 0.21 0.26 0.29 0.41 0.56 0.60 0.58 0.58 0.70 0.68 0.71 0.69 0.94 0.96 0.92 0.84 0.79 0.78 0.83 0.78 0.77 0.71 0.73 0.74 0.66 0.65 0.58 0.59 0.62
0.01 0.01 0.01 0.02 0.30 0.35 0.38 0.39 0.28 0.33 0.26 0.22 0.00 0.00 0.00 0.00 0.00 0.00 0.00 0.00 0.00 0.00 0.00 0.00 0.00 0.00 0.00 0.00 0.00 0.00 0.00 0.00 0.01 0.01 0.01 0.01 0.05 0.03 0.06 0.06 0.08 0.06 0.04 0.04 0.02 0.05 0.06 0.12 0.23 0.26 0.18 0.31 0.52 0.61 0.50 0.56 0.67 0.64 0.65 0.61 0.91 0.99 0.85 0.88 0.82 0.83 0.79 0.74 0.69 0.70 0.72 0.70 0.64 0.65 0.61 0.61 0.61
0.00 0.01 0.00 0.00 0.22 0.28 0.29 0.33 0.27 0.33 0.23 0.19 0.00 0.00 0.00 0.00 0.00 0.00 0.00 0.00 0.00 0.00 0.00 0.00 0.00 0.00 0.00 0.00 0.00 0.00 0.00 0.00 0.01 0.01 0.01 0.01 0.07 0.06 0.06 0.06 0.04 0.06 0.04 0.03 0.02 0.03 0.07 0.08 0.20 0.26 0.24 0.35 0.49 0.50 0.51 0.48 0.63 0.65 0.70 0.68 0.89 0.87 0.80 0.78 0.83 0.81 0.77 0.72 0.70 0.67 0.70 0.68 0.64 0.62 0.61 0.59 0.59
0.01 0.03 0.01 0.02 0.18 0.21 0.26 0.29 0.22 0.28 0.20 0.16 0.00 0.00 0.00 0.00 0.00 0.00 0.00 0.00 0.00 0.00 0.00 0.00 0.00 0.00 0.00 0.00 0.00 0.00 0.00 0.00 0.01 0.01 0.01 0.01 0.04 0.05 0.06 0.04 0.03 0.03 0.03 0.02 0.01 0.01 0.01 0.02 0.06 0.11 0.12 0.16 0.31 0.33 0.33 0.36 0.47 0.51 0.56 0.55 0.75 0.72 0.75 0.74 0.74 0.74 0.70 0.66 0.66 0.64 0.66 0.69 0.66 0.65 0.63 0.64 0.62
0.00 0.02 0.01 0.02 0.18 0.20 0.24 0.23 0.17 0.23 0.16 0.10 0.00 0.00 0.00 0.00 0.00 0.00 0.00 0.00 0.00 0.00 0.00 0.00 0.00 0.00 0.00 0.00 0.00 0.00 0.00 0.00 0.02 0.01 0.01 0.01 0.07 0.07 0.07 0.04 0.04 0.03 0.03 0.02 0.02 0.02 0.04 0.02 0.03 0.06 0.07 0.12 0.29 0.35 0.34 0.33 0.46 0.47 0.53 0.55 0.76 0.77 0.75 0.77 0.72 0.70 0.67 0.68 0.67 0.63 0.64 0.65 0.63 0.63 0.63 0.70 0.58
0.00 0.02 0.01 0.03 0.18 0.20 0.21 0.15 0.13 0.14 0.10 0.08 0.00 0.00 0.00 0.00 0.00 0.00 0.00 0.00 0.00 0.00 0.00 0.00 0.00 0.00 0.00 0.00 0.00 0.00 0.00 0.00 0.01 0.01 0.01 0.02 0.06 0.07 0.07 0.05 0.05 0.07 0.08 0.04 0.02 0.03 0.02 0.02 0.05 0.05 0.08 0.12 0.26 0.30 0.33 0.31 0.43 0.46 0.50 0.57 0.73 0.76 0.73 0.72 0.67 0.64 0.63 0.64 0.64 0.60 0.63 0.63 0.58 0.59 0.58 0.58 0.57
0.00 0.01 0.01 0.02 0.18 0.20 0.17 0.14 0.11 0.08 0.08 0.07 0.00 0.00 0.00 0.00 0.00 0.00 0.00 0.00 0.00 0.00 0.00 0.00 0.00 0.00 0.00 0.00 0.00 0.00 0.00 0.00 0.01 0.01 0.01 0.01 0.04 0.05 0.11 0.05 0.04 0.05 0.06 0.04 0.02 0.03 0.03 0.02 0.02 0.04 0.06 0.14 0.26 0.30 0.32 0.32 0.43 0.51 0.50 0.47 0.71 0.74 0.77 0.70 0.69 0.65 0.68 0.62 0.62 0.60 0.64 0.64 0.57 0.57 0.53 0.54 0.56
0.00 0.01 0.01 0.03 0.19 0.18 0.21 0.14 0.09 0.11 0.09 0.09 0.00 0.00 0.00 0.00 0.00 0.00 0.00 0.00 0.00 0.00 0.00 0.00 0.00 0.00 0.00 0.00 0.00 0.00 0.00 0.00 0.01 0.01 0.01 0.01 0.02 0.03 0.04 0.04 0.05 0.06 0.06 0.05 0.02 0.03 0.02 0.02 0.02 0.03 0.05 0.09 0.26 0.26 0.29 0.28 0.36 0.36 0.39 0.34 0.60 0.59 0.66 0.60 0.50 0.52 0.52 0.53 0.52 0.51 0.53 0.51 0.46 0.46 0.47 0.48 0.52
0.01 0.02 0.01 0.01 0.17 0.20 0.20 0.16 0.10 0.15 0.08 0.08 0.00 0.00 0.00 0.00 0.00 0.00 0.00 0.00 0.00 0.00 0.00 0.00 0.00 0.00 0.00 0.00 0.00 0.01 0.01 0.01 0.02 0.02 0.01 0.00 0.03 0.05 0.05 0.06 0.09 0.11 0.09 0.05 0.04 0.03 0.04 0.01 0.01 0.04 0.06 0.08 0.20 0.19 0.20 0.32 0.43 0.35 0.32 0.38 0.60 0.61 0.57 0.57 0.49 0.48 0.48 0.48 0.44 0.49 0.44 0.46 0.41 0.39 0.44 0.44 0.44
0.00 0.03 0.00 0.01 0.15 0.18 0.19 0.17 0.11 0.15 0.09 0.07 0.00 0.00 0.00 0.00 0.00 0.00 0.00 0.00 0.00 0.00 0.00 0.00 0.00 0.00 0.00 0.00 0.01 0.01 0.01 0.01 0.03 0.03 0.01 0.01 0.03 0.05 0.08 0.08 0.04 0.05 0.09 0.09 0.03 0.03 0.01 0.01 0.02 0.04 0.09 0.07 0.14 0.23 0.20 0.23 0.40 0.37 0.37 0.45 0.65 0.63 0.62 0.61 0.53 0.53 0.49 0.50 0.43 0.44 0.41 0.42 0.39 0.42 0.39 0.44 0.39
0.00 0.01 0.00 0.01 0.08 0.13 0.18 0.15 0.09 0.15 0.08 0.08 0.00 0.00 0.00 0.00 0.00 0.00 0.00 0.00 0.00 0.00 0.00 0.00 0.00 0.00 0.00 0.01 0.01 0.01 0.01 0.01 0.02 0.03 0.02 0.01 0.03 0.02 0.03 0.04 0.03 0.03 0.03 0.03 0.04 0.03 0.02 0.01 0.01 0.02 0.03 0.06 0.16 0.22 0.29 0.27 0.37 0.39 0.43 0.42 0.64 0.62 0.60 0.61 0.52 0.53 0.48 0.47 0.39 0.44 0.39 0.42 0.41 0.41 0.39 0.41 0.35
0.00 0.00 0.00 0.00 0.03 0.06 0.10 0.11 0.10 0.15 0.11 0.10 0.00 0.00 0.00 0.00 0.00 0.00 0.00 0.00 0.00 0.00 0.00 0.00 0.00 0.00 0.00 0.01 0.02 0.02 0.01 0.02 0.04 0.02 0.02 0.04 0.11 0.08 0.09 0.06 0.06 0.07 0.07 0.05 0.05 0.06 0.06 0.04 0.05 0.05 0.07 0.09 0.28 0.35 0.38 0.39 0.47 0.43 0.47 0.47 0.66 0.68 0.61 0.63 0.53 0.54 0.52 0.52 0.44 0.44 0.43 0.42 0.38 0.39 0.39 0.39 0.32
0.00 0.00 0.00 0.01 0.05 0.06 0.11 0.11 0.12 0.17 0.15 0.13 0.00 0.00 0.00 0.00 0.00 0.00 0.00 0.00 0.00 0.00 0.00 0.00 0.00 0.00 0.00 0.00 0.02 0.01 0.01 0.02 0.03 0.04 0.02 0.02 0.05 0.08 0.07 0.06 0.05 0.07 0.07 0.06 0.04 0.04 0.04 0.04 0.05 0.03 0.07 0.12 0.35 0.44 0.37 0.36 0.45 0.44 0.40 0.39 0.58 0.58 0.55 0.66 0.55 0.55 0.51 0.47 0.43 0.44 0.44 0.46 0.37 0.34 0.33 0.37 0.38
0.00 0.00 0.00 0.00 0.05 0.08 0.11 0.11 0.15 0.19 0.15 0.10 0.00 0.00 0.01 0.00 0.00 0.00 0.00 0.00 0.00 0.00 0.00 0.00 0.00 0.00 0.00 0.00 0.01 0.01 0.01 0.02 0.03 0.02 0.03 0.03 0.03 0.06 0.06 0.05 0.06 0.09 0.06 0.09 0.05 0.03 0.03 0.03 0.02 0.05 0.04 0.06 0.18 0.28 0.34 0.35 0.43 0.43 0.39 0.46 0.59 0.52 0.51 0.56 0.43 0.46 0.53 0.50 0.44 0.41 0.40 0.38 0.39 0.39 0.35 0.35 0.34
0.00 0.00 0.00 0.00 0.05 0.07 0.10 0.10 0.10 0.17 0.16 0.15 0.00 0.00 0.00 0.00 0.00 0.00 0.00 0.00 0.00 0.00 0.00 0.00 0.00 0.00 0.00 0.00 0.01 0.02 0.01 0.01 0.02 0.02 0.02 0.02 0.04 0.06 0.06 0.05 0.06 0.08 0.09 0.11 0.05 0.03 0.03 0.02 0.04 0.03 0.08 0.10 0.27 0.24 0.24 0.27 0.39 0.47 0.47 0.48 0.61 0.52 0.51 0.46 0.43 0.45 0.49 0.44 0.43 0.44 0.41 0.36 0.27 0.34 0.38 0.36 0.33
0.00 0.00 0.00 0.00 0.03 0.03 0.07 0.07 0.10 0.16 0.13 0.08 0.00 0.00 0.00 0.00 0.00 0.00 0.00 0.00 0.00 0.00 0.00 0.00 0.00 0.00 0.00 0.00 0.02 0.02 0.02 0.02 0.02 0.03 0.02 0.02 0.03 0.06 0.04 0.05 0.07 0.09 0.10 0.09 0.04 0.04 0.02 0.02 0.02 0.01 0.07 0.12 0.25 0.26 0.30 0.26 0.27 0.25 0.36 0.36 0.54 0.54 0.44 0.39 0.34 0.37 0.36 0.43 0.35 0.29 0.34 0.33 0.23 0.23 0.31 0.33 0.38
0.00 0.00 0.00 0.00 0.02 0.04 0.07 0.07 0.06 0.10 0.11 0.09 0.00 0.00 0.00 0.01 0.00 0.00 0.00 0.00 0.00 0.00 0.00 0.00 0.00 0.00 0.00 0.00 0.01 0.01 0.01 0.01 0.02 0.02 0.01 0.02 0.04 0.05 0.04 0.05 0.06 0.07 0.08 0.06 0.04 0.02 0.02 0.02 0.02 0.04 0.11 0.11 0.17 0.25 0.33 0.27 0.23 0.16 0.18 0.28 0.49 0.46 0.46 0.46 0.31 0.36 0.33 0.33 0.27 0.28 0.29 0.26 0.21 0.20 0.21 0.26 0.33
0.00 0.00 0.00 0.00 0.02 0.03 0.04 0.06 0.04 0.09 0.12 0.07 0.00 0.00 0.00 0.01 0.00 0.00 0.00 0.00 0.00 0.00 0.00 0.00 0.00 0.00 0.00 0.00 0.02 0.02 0.01 0.02 0.02 0.03 0.02 0.02 0.03 0.03 0.04 0.04 0.06 0.06 0.06 0.05 0.03 0.02 0.02 0.02 0.04 0.06 0.04 0.08 0.24 0.31 0.27 0.26 0.27 0.26 0.27 0.31 0.46 0.41 0.39 0.39 0.33 0.35 0.34 0.35 0.35 0.32 0.30 0.31 0.19 0.22 0.22 0.27 0.34
0.00 0.00 0.00 0.00 0.02 0.02 0.06 0.05 0.06 0.06 0.10 0.07 0.00 0.00 0.00 0.00 0.01 0.00 0.01 0.00 0.00 0.00 0.00 0.00 0.00 0.00 0.00 0.00 0.02 0.02 0.02 0.02 0.02 0.02 0.03 0.04 0.07 0.05 0.04 0.04 0.05 0.07 0.10 0.07 0.03 0.02 0.02 0.02 0.05 0.03 0.05 0.07 0.12 0.19 0.28 0.27 0.24 0.31 0.27 0.30 0.45 0.39 0.40 0.38 0.26 0.24 0.30 0.33 0.34 0.32 0.32 0.34 0.18 0.24 0.24 0.24 0.25
0.00 0.00 0.00 0.00 0.02 0.04 0.07 0.06 0.05 0.09 0.07 0.05 0.00 0.00 0.00 0.01 0.01 0.01 0.01 0.00 0.00 0.00 0.00 0.00 0.00 0.00 0.00 0.00 0.04 0.04 0.04 0.04 0.08 0.05 0.05 0.06 0.09 0.07 0.07 0.05 0.08 0.08 0.11 0.08 0.04 0.02 0.03 0.03 0.10 0.04 0.05 0.09 0.19 0.23 0.22 0.21 0.25 0.28 0.22 0.17 0.34 0.30 0.33 0.34 0.19 0.17 0.15 0.14 0.18 0.21 0.20 0.24 0.20 0.20 0.25 0.20 0.20
0.00 0.00 0.00 0.00 0.02 0.02 0.07 0.05 0.05 0.06 0.08 0.04 0.00 0.00 0.00 0.00 0.00 0.00 0.01 0.00 0.00 0.00 0.00 0.00 0.00 0.00 0.00 0.00 0.04 0.06 0.05 0.03 0.04 0.05 0.06 0.07 0.09 0.07 0.09 0.06 0.07 0.08 0.07 0.05 0.03 0.03 0.02 0.02 0.05 0.09 0.06 0.12 0.21 0.19 0.17 0.16 0.19 0.25 0.21 0.17 0.33 0.33 0.31 0.35 0.19 0.13 0.11 0.13 0.11 0.11 0.15 0.17 0.18 0.19 0.22 0.22 0.23
0.00 0.00 0.00 0.00 0.03 0.03 0.06 0.05 0.05 0.05 0.06 0.04 0.00 0.00 0.00 0.00 0.01 0.01 0.01 0.00 0.00 0.00 0.00 0.00 0.00 0.00 0.00 0.00 0.04 0.06 0.07 0.06 0.05 0.06 0.06 0.07 0.09 0.07 0.07 0.06 0.06 0.06 0.06 0.05 0.03 0.02 0.02 0.02 0.03 0.07 0.06 0.06 0.13 0.13 0.18 0.27 0.26 0.19 0.20 0.29 0.35 0.31 0.34 0.31 0.18 0.17 0.14 0.14 0.12 0.11 0.12 0.10 0.13 0.17 0.16 0.24 0.28
0.00 0.00 0.00 0.00 0.03 0.03 0.04 0.05 0.05 0.06 0.07 0.04 0.00 0.00 0.00 0.01 0.00 0.00 0.00 0.00 0.00 0.00 0.00 0.00 0.00 0.00 0.00 0.00 0.05 0.05 0.07 0.07 0.07 0.07 0.07 0.07 0.08 0.06 0.07 0.05 0.05 0.07 0.05 0.05 0.02 0.01 0.02 0.02 0.03 0.04 0.03 0.03 0.06 0.12 0.20 0.16 0.18 0.20 0.11 0.13 0.30 0.26 0.26 0.30 0.17 0.18 0.15 0.12 0.13 0.11 0.10 0.07 0.08 0.10 0.12 0.14 0.16
0.00 0.00 0.00 0.00 0.02 0.03 0.02 0.03 0.03 0.05 0.05 0.03 0.00 0.00 0.00 0.01 0.01 0.01 0.01 0.00 0.00 0.00 0.00 0.00 0.00 0.00 0.00 0.00 0.02 0.04 0.06 0.05 0.06 0.07 0.07 0.05 0.03 0.03 0.04 0.04 0.05 0.06 0.05 0.05 0.03 0.02 0.01 0.03 0.03 0.04 0.02 0.02 0.05 0.05 0.10 0.10 0.10 0.05 0.11 0.10 0.15 0.14 0.16 0.17 0.08 0.10 0.10 0.09 0.08 0.07 0.07 0.05 0.05 0.04 0.05 0.05 0.05
0.00 0.00 0.00 0.00 0.02 0.03 0.04 0.03 0.04 0.04 0.05 0.02 0.00 0.00 0.00 0.00 0.00 0.00 0.00 0.00 0.00 0.00 0.00 0.00 0.00 0.00 0.00 0.00 0.02 0.03 0.05 0.04 0.10 0.10 0.07 0.05 0.03 0.02 0.04 0.03 0.04 0.05 0.05 0.03 0.03 0.02 0.01 0.02 0.02 0.03 0.01 0.02 0.04 0.06 0.08 0.07 0.06 0.03 0.05 0.08 0.14 0.11 0.11 0.08 0.08 0.08 0.07 0.07 0.05 0.04 0.04 0.05 0.04 0.04 0.04 0.04 0.04
0.00 0.01 0.01 0.01 0.01 0.02 0.03 0.02 0.03 0.04 0.06 0.04 0.00 0.00 0.00 0.00 0.00 0.00 0.00 0.00 0.00 0.00 0.00 0.00 0.00 0.00 0.00 0.00 0.01 0.02 0.03 0.03 0.06 0.10 0.09 0.04 0.03 0.03 0.03 0.03 0.04 0.04 0.05 0.03 0.01 0.01 0.01 0.01 0.02 0.03 0.03 0.02 0.04 0.04 0.06 0.07 0.11 0.08 0.07 0.06 0.15 0.16 0.15 0.15 0.08 0.07 0.07 0.05 0.04 0.01 0.02 0.02 0.02 0.02 0.01 0.01 0.02
0.00 0.00 0.00 0.00 0.02 0.01 0.03 0.02 0.05 0.06 0.05 0.01 0.00 0.00 0.00 0.00 0.00 0.00 0.00 0.00 0.00 0.00 0.00 0.00 0.00 0.00 0.00 0.00 0.01 0.01 0.02 0.02 0.02 0.04 0.05 0.03 0.02 0.02 0.02 0.02 0.03 0.02 0.03 0.02 0.02 0.01 0.01 0.01 0.03 0.05 0.03 0.03 0.07 0.06 0.06 0.08 0.10 0.11 0.10 0.08 0.17 0.20 0.18 0.13 0.06 0.07 0.06 0.04 0.04 0.03 0.02 0.03 0.03 0.03 0.02 0.01 0.02
0.00 0.01 0.01 0.02 0.04 0.02 0.04 0.03 0.06 0.10 0.08 0.04 0.00 0.00 0.00 0.00 0.00 0.00 0.01 0.00 0.00 0.00 0.00 0.00 0.00 0.01 0.00 0.00 0.07 0.04 0.03 0.05 0.04 0.05 0.06 0.08 0.05 0.03 0.03 0.03 0.04 0.02 0.01 0.01 0.01 0.01 0.01 0.01 0.03 0.04 0.05 0.03 0.07 0.08 0.08 0.08 0.12 0.14 0.10 0.08 0.19 0.19 0.18 0.14 0.06 0.05 0.03 0.03 0.02 0.01 0.01 0.01 0.02 0.03 0.03 0.02 0.02
0.00 0.00 0.00 0.01 0.03 0.02 0.03 0.03 0.05 0.10 0.08 0.04 0.00 0.00 0.00 0.00 0.00 0.01 0.00 0.00 0.00 0.00 0.00 0.01 0.00 0.00 0.00 0.00 0.04 0.08 0.04 0.02 0.03 0.04 0.05 0.05 0.03 0.03 0.04 0.02 0.02 0.01 0.01 0.01 0.01 0.01 0.01 0.01 0.02 0.03 0.03 0.04 0.07 0.08 0.09 0.07 0.07 0.09 0.14 0.13 0.20 0.21 0.22 0.17 0.05 0.03 0.02 0.02 0.01 0.02 0.01 0.02 0.03 0.03 0.03 0.02 0.02
0.00 0.01 0.01 0.01 0.03 0.03 0.04 0.03 0.03 0.11 0.07 0.04 0.00 0.00 0.00 0.00 0.01 0.00 0.01 0.00 0.00 0.00 0.00 0.00 0.00 0.00 0.00 0.00 0.05 0.05 0.06 0.05 0.05 0.05 0.06 0.03 0.04 0.03 0.03 0.03 0.03 0.01 0.01 0.01 0.01 0.01 0.01 0.01 0.02 0.03 0.03 0.04 0.04 0.07 0.04 0.07 0.07 0.05 0.04 0.09 0.18 0.13 0.15 0.13 0.04 0.03 0.02 0.04 0.02 0.01 0.01 0.01 0.01 0.02 0.03 0.02 0.02
0.00 0.01 0.00 0.01 0.03 0.04 0.03 0.04 0.02 0.06 0.08 0.04 0.00 0.00 0.00 0.00 0.01 0.00 0.01 0.00 0.00 0.00 0.00 0.00 0.00 0.00 0.00 0.00 0.06 0.06 0.05 0.04 0.03 0.06 0.06 0.03 0.02 0.03 0.02 0.03 0.02 0.01 0.01 0.01 0.01 0.01 0.01 0.01 0.01 0.02 0.01 0.03 0.05 0.06 0.06 0.04 0.05 0.06 0.06 0.06 0.13 0.15 0.17 0.14 0.04 0.04 0.03 0.04 0.02 0.02 0.01 0.01 0.02 0.03 0.02 0.02 0.02
0.00 0.01 0.01 0.01 0.03 0.02 0.02 0.02 0.01 0.03 0.05 0.02 0.00 0.00 0.00 0.00 0.00 0.01 0.00 0.01 0.00 0.00 0.00 0.00 0.00 0.00 0.00 0.00 0.06 0.06 0.06 0.03 0.03 0.04 0.03 0.02 0.01 0.01 0.01 0.01 0.01 0.01 0.00 0.01 0.00 0.01 0.01 0.01 0.02 0.02 0.01 0.01 0.02 0.02 0.03 0.04 0.08 0.08 0.09 0.07 0.15 0.16 0.15 0.13 0.04 0.04 0.02 0.04 0.03 0.03 0.02 0.02 0.02 0.03 0.03 0.02 0.01
