QPF/QPF_202208082200-60.txt
ncols 525
nrows 625
xllcorner -31082
yllcorner 11395
cellsize 1000.0
NODATA_value -9999.0
[rows 190 to 227 of 625, columns 336 to 419 of 525]
3.45 2.65 2.61 2.48 2.43 2.68 2.73 3.15 3.16 2.53 2.47 2.28 2.33 2.10 2.12 1.86 1.87 2.83 2.66 2.29 2.16 1.71 1.60 1.48 1.37 1.16 1.03 0.91 0.87 0.45 0.39 0.29 0.29 0.24 0.24 0.16 0.16 0.15 0.14 0.16 0.13 0.11 0.10 0.02 0.04 0.00 0.00 0.00 0.00 0.00 0.00 0.00 0.00 0.00 0.00 0.00 0.01 0.09 0.07 0.15 0.14 0.12 0.13 0.14 0.16 0.34 0.32 0.41 0.45 0.38 0.38 0.43 0.48 0.53 0.57 0.60 0.65 0.95 0.98 0.97 0.99 1.04 1.04 1.07
3.42 2.59 2.46 2.34 2.25 2.60 2.72 3.13 3.27 2.57 2.48 2.35 2.36 2.21 2.15 1.93 1.94 2.87 2.61 2.42 2.25 1.67 1.58 1.45 1.31 1.20 1.10 0.96 0.91 0.30 0.30 0.28 0.29 0.24 0.23 0.20 0.19 0.20 0.20 0.19 0.14 0.15 0.09 0.05 0.05 0.00 0.00 0.00 0.00 0.00 0.00 0.01 0.00 0.00 0.00 0.00 0.01 0.10 0.08 0.16 0.16 0.15 0.20 0.20 0.23 0.36 0.34 0.42 0.47 0.31 0.38 0.42 0.52 0.54 0.56 0.65 0.71 1.03 1.06 1.07 1.07 1.14 1.09 1.10
3.00 2.58 2.38 2.17 2.16 2.45 2.54 2.74 3.07 2.43 2.35 2.37 2.30 2.28 2.15 2.00 2.05 2.86 2.81 2.56 2.23 1.65 1.55 1.43 1.24 1.26 1.13 1.00 0.92 0.29 0.34 0.29 0.30 0.24 0.23 0.18 0.19 0.21 0.19 0.20 0.16 0.12 0.09 0.06 0.04 0.00 0.00 0.00 0.00 0.00 0.02 0.00 0.00 0.00 0.00 0.00 0.02 0.10 0.05 0.11 0.12 0.15 0.16 0.21 0.22 0.32 0.34 0.41 0.48 0.41 0.36 0.46 0.51 0.56 0.58 0.65 0.73 1.00 1.05 1.06 1.06 1.07 1.05 1.09
3.09 2.74 2.57 2.42 2.16 2.40 2.45 2.68 2.89 2.47 2.37 2.37 2.39 2.36 2.32 2.10 2.23 3.00 2.84 2.66 2.24 1.66 1.56 1.42 1.27 1.18 1.11 0.94 0.99 0.40 0.39 0.31 0.32 0.25 0.26 0.18 0.19 0.22 0.21 0.21 0.15 0.12 0.10 0.09 0.05 0.00 0.00 0.00 0.00 0.03 0.00 0.00 0.02 0.02 0.00 0.02 0.02 0.09 0.08 0.12 0.12 0.13 0.14 0.21 0.24 0.33 0.35 0.45 0.45 0.38 0.39 0.44 0.50 0.56 0.59 0.68 0.71 0.97 1.01 1.04 1.06 1.04 1.03 1.08
2.73 2.91 2.70 2.25 2.04 2.33 2.37 2.46 2.70 2.25 2.18 2.37 2.29 2.47 2.49 2.34 2.38 2.94 2.65 2.50 2.22 1.68 1.63 1.40 1.26 1.12 1.13 0.92 0.94 0.41 0.39 0.31 0.34 0.23 0.23 0.16 0.16 0.22 0.22 0.20 0.17 0.14 0.14 0.09 0.06 0.00 0.00 0.00 0.00 0.04 0.01 0.01 0.04 0.02 0.02 0.04 0.03 0.11 0.09 0.15 0.12 0.10 0.15 0.19 0.23 0.30 0.36 0.46 0.48 0.46 0.48 0.51 0.52 0.56 0.60 0.65 0.71 0.91 1.01 0.99 1.10 1.06 1.04 1.10
2.57 2.91 2.80 2.35 2.11 2.18 2.17 2.27 2.39 1.75 2.04 1.97 2.02 2.22 2.12 2.07 2.05 2.43 2.19 2.01 1.82 1.42 1.22 1.18 1.04 1.04 0.97 0.83 0.81 0.44 0.45 0.40 0.41 0.26 0.24 0.18 0.20 0.19 0.18 0.18 0.18 0.13 0.14 0.10 0.06 0.00 0.00 0.00 0.00 0.02 0.01 0.02 0.04 0.05 0.03 0.04 0.04 0.12 0.08 0.16 0.16 0.12 0.15 0.21 0.22 0.32 0.34 0.50 0.50 0.51 0.53 0.53 0.53 0.56 0.60 0.66 0.67 0.84 0.86 0.93 0.91 0.93 0.93 0.97
2.44 2.69 2.80 2.29 2.05 2.04 2.07 2.15 2.41 1.83 2.04 2.15 2.12 2.43 2.33 2.08 2.15 2.36 2.23 2.00 1.83 1.48 1.26 1.19 1.10 1.00 0.98 0.80 0.77 0.46 0.47 0.44 0.40 0.26 0.21 0.17 0.19 0.16 0.15 0.16 0.18 0.14 0.13 0.11 0.06 0.00 0.00 0.00 0.00 0.04 0.03 0.03 0.04 0.05 0.04 0.05 0.05 0.10 0.08 0.13 0.17 0.15 0.19 0.22 0.25 0.37 0.42 0.51 0.54 0.51 0.53 0.51 0.53 0.58 0.59 0.65 0.64 0.80 0.78 0.78 0.80 0.89 0.89 0.98
2.18 2.57 2.73 2.28 2.03 2.06 1.96 2.07 2.40 1.86 2.15 2.15 2.13 2.33 2.27 2.01 2.03 2.19 2.14 2.10 1.97 1.56 1.33 1.25 1.17 1.00 1.00 0.79 0.79 0.46 0.46 0.42 0.37 0.24 0.24 0.18 0.19 0.14 0.13 0.17 0.16 0.16 0.14 0.12 0.08 0.00 0.00 0.00 0.00 0.04 0.04 0.03 0.04 0.04 0.06 0.04 0.03 0.10 0.09 0.16 0.14 0.18 0.17 0.21 0.24 0.30 0.40 0.48 0.49 0.51 0.53 0.54 0.55 0.60 0.60 0.64 0.60 0.72 0.66 0.73 0.86 0.82 0.94 0.97
1.93 2.35 2.45 2.21 2.03 2.11 2.05 2.08 2.34 1.96 2.08 2.10 2.13 2.23 2.25 2.06 2.01 2.12 2.13 2.15 2.02 1.54 1.29 1.27 1.15 1.03 0.98 0.78 0.81 0.46 0.46 0.45 0.40 0.26 0.22 0.21 0.19 0.14 0.12 0.15 0.16 0.18 0.18 0.13 0.10 0.00 0.00 0.00 0.00 0.06 0.01 0.04 0.08 0.06 0.05 0.03 0.05 0.10 0.11 0.18 0.19 0.16 0.19 0.20 0.28 0.35 0.43 0.50 0.49 0.51 0.53 0.56 0.57 0.61 0.64 0.60 0.60 0.71 0.64 0.69 0.78 0.82 0.84 0.94
1.69 1.95 2.05 1.98 1.90 2.18 2.06 2.02 2.23 2.01 2.12 2.10 2.21 2.12 2.13 1.96 1.91 2.06 2.00 2.00 1.86 1.41 1.28 1.15 1.03 0.83 0.82 0.80 0.82 0.49 0.47 0.41 0.41 0.26 0.22 0.20 0.17 0.11 0.11 0.14 0.15 0.20 0.22 0.15 0.13 0.00 0.00 0.00 0.00 0.04 0.03 0.07 0.05 0.02 0.06 0.04 0.02 0.09 0.09 0.16 0.17 0.19 0.20 0.26 0.28 0.35 0.40 0.49 0.51 0.51 0.52 0.57 0.57 0.65 0.64 0.65 0.58 0.74 0.68 0.73 0.83 0.74 0.81 0.81
1.67 1.92 1.94 1.97 1.97 2.23 2.12 2.14 2.14 1.95 2.14 2.10 2.18 2.01 2.01 1.90 1.93 2.09 2.01 1.96 1.85 1.44 1.23 1.10 0.99 0.83 0.80 0.79 0.79 0.48 0.46 0.47 0.42 0.28 0.25 0.23 0.18 0.13 0.13 0.14 0.13 0.20 0.23 0.20 0.13 0.01 0.00 0.01 0.01 0.05 0.04 0.03 0.06 0.05 0.05 0.05 0.05 0.10 0.09 0.16 0.16 0.19 0.22 0.26 0.28 0.35 0.39 0.50 0.48 0.52 0.52 0.56 0.58 0.61 0.61 0.61 0.58 0.74 0.77 0.77 0.80 0.79 0.74 0.82
1.75 1.87 1.90 1.93 1.95 2.27 2.22 2.26 2.18 2.09 2.18 2.11 2.20 1.97 1.96 1.94 1.87 2.08 2.03 2.00 1.89 1.46 1.25 1.06 0.92 0.87 0.81 0.73 0.74 0.44 0.47 0.47 0.49 0.32 0.32 0.25 0.25 0.15 0.10 0.13 0.14 0.20 0.22 0.19 0.16 0.01 0.01 0.05 0.01 0.06 0.04 0.04 0.06 0.06 0.06 0.07 0.04 0.10 0.08 0.17 0.15 0.18 0.21 0.24 0.27 0.35 0.37 0.48 0.51 0.51 0.54 0.50 0.50 0.58 0.61 0.61 0.54 0.71 0.70 0.76 0.78 0.77 0.79 0.83
1.91 2.00 1.98 1.93 1.93 2.25 2.22 2.28 2.22 2.01 2.09 1.99 2.06 1.87 1.96 1.88 1.94 2.04 1.93 2.01 1.88 1.45 1.25 1.06 0.93 0.86 0.80 0.70 0.73 0.45 0.46 0.47 0.46 0.35 0.34 0.29 0.26 0.15 0.11 0.16 0.13 0.22 0.23 0.20 0.17 0.05 0.02 0.04 0.04 0.07 0.05 0.06 0.07 0.06 0.04 0.06 0.04 0.10 0.09 0.14 0.17 0.19 0.20 0.23 0.27 0.33 0.42 0.46 0.49 0.50 0.47 0.45 0.44 0.55 0.56 0.54 0.56 0.64 0.65 0.67 0.77 0.76 0.73 0.77
2.04 2.13 2.12 2.12 2.10 2.49 2.49 2.51 2.44 2.35 2.46 2.48 2.60 2.43 2.59 2.47 2.61 2.73 2.41 2.29 2.05 1.48 1.29 1.14 0.98 0.79 0.73 0.67 0.75 0.39 0.41 0.40 0.37 0.31 0.32 0.27 0.24 0.12 0.10 0.15 0.15 0.25 0.23 0.22 0.20 0.03 0.02 0.06 0.04 0.10 0.06 0.06 0.04 0.06 0.06 0.07 0.05 0.09 0.07 0.14 0.15 0.18 0.21 0.25 0.26 0.33 0.37 0.42 0.42 0.49 0.40 0.38 0.40 0.44 0.50 0.46 0.42 0.62 0.59 0.64 0.67 0.68 0.64 0.67
2.20 2.35 2.27 2.26 2.25 2.57 2.57 2.55 2.46 2.31 2.40 2.47 2.57 2.34 2.49 2.41 2.48 2.78 2.49 2.22 2.06 1.44 1.27 1.12 0.96 0.72 0.71 0.73 0.76 0.37 0.40 0.34 0.35 0.30 0.30 0.27 0.24 0.12 0.12 0.15 0.13 0.22 0.22 0.22 0.19 0.02 0.03 0.04 0.05 0.08 0.04 0.07 0.06 0.08 0.06 0.07 0.08 0.09 0.08 0.10 0.14 0.16 0.21 0.24 0.28 0.37 0.36 0.39 0.38 0.43 0.38 0.34 0.38 0.45 0.47 0.41 0.40 0.58 0.62 0.62 0.63 0.62 0.62 0.62
2.72 2.87 2.71 2.62 2.57 2.69 2.68 2.56 2.45 2.29 2.36 2.48 2.51 2.23 2.39 2.45 2.60 2.73 2.44 2.19 2.07 1.42 1.29 1.14 1.00 0.74 0.71 0.77 0.75 0.34 0.41 0.34 0.32 0.31 0.28 0.28 0.27 0.13 0.11 0.14 0.12 0.23 0.22 0.21 0.18 0.01 0.03 0.05 0.04 0.06 0.05 0.09 0.06 0.09 0.08 0.08 0.08 0.10 0.10 0.11 0.11 0.16 0.18 0.25 0.24 0.38 0.34 0.38 0.34 0.40 0.33 0.31 0.32 0.47 0.47 0.39 0.38 0.59 0.57 0.57 0.56 0.59 0.58 0.58
3.07 2.92 2.84 2.85 2.83 2.84 2.81 2.70 2.51 2.35 2.37 2.52 2.54 2.32 2.41 2.54 2.60 2.67 2.53 2.29 2.15 1.43 1.27 1.16 1.05 0.78 0.70 0.72 0.76 0.33 0.34 0.33 0.31 0.37 0.33 0.30 0.26 0.15 0.11 0.15 0.14 0.24 0.24 0.20 0.16 0.01 0.02 0.02 0.03 0.07 0.06 0.07 0.05 0.10 0.08 0.09 0.11 0.12 0.09 0.13 0.11 0.16 0.18 0.21 0.25 0.33 0.32 0.33 0.31 0.32 0.25 0.23 0.25 0.35 0.47 0.46 0.43 0.56 0.55 0.57 0.56 0.58 0.54 0.56
4.02 3.78 3.60 3.61 3.51 3.26 3.15 2.90 2.57 2.24 2.23 2.28 2.46 2.17 2.21 2.36 2.34 2.38 2.20 2.32 2.12 1.41 1.25 1.16 1.02 0.80 0.76 0.71 0.70 0.32 0.35 0.34 0.33 0.37 0.35 0.37 0.32 0.19 0.18 0.20 0.17 0.25 0.22 0.20 0.17 0.00 0.02 0.03 0.03 0.08 0.04 0.06 0.08 0.08 0.09 0.08 0.10 0.12 0.10 0.13 0.14 0.16 0.20 0.24 0.26 0.40 0.37 0.41 0.35 0.31 0.21 0.16 0.22 0.38 0.39 0.49 0.56 0.62 0.60 0.55 0.56 0.58 0.53 0.52
4.24 4.04 3.79 3.77 3.76 3.45 3.33 3.11 2.77 2.28 2.26 2.36 2.54 2.22 2.27 2.32 2.36 2.34 2.15 2.23 2.08 1.39 1.22 1.15 1.01 0.80 0.79 0.69 0.69 0.30 0.28 0.26 0.29 0.33 0.34 0.38 0.34 0.18 0.17 0.20 0.14 0.23 0.20 0.21 0.14 0.00 0.02 0.03 0.03 0.04 0.02 0.05 0.05 0.07 0.07 0.07 0.08 0.09 0.11 0.12 0.12 0.20 0.23 0.26 0.27 0.37 0.34 0.32 0.32 0.20 0.14 0.10 0.08 0.21 0.29 0.35 0.51 0.63 0.58 0.54 0.53 0.54 0.51 0.50
4.59 4.38 4.14 4.08 3.98 3.68 3.53 3.32 3.12 2.47 2.41 2.54 2.63 2.34 2.45 2.61 2.66 2.62 2.26 2.24 2.04 1.43 1.30 1.18 1.08 0.89 0.81 0.78 0.76 0.34 0.33 0.28 0.31 0.31 0.30 0.31 0.28 0.19 0.17 0.19 0.15 0.25 0.23 0.19 0.15 0.00 0.02 0.04 0.03 0.04 0.04 0.07 0.06 0.11 0.11 0.10 0.12 0.13 0.11 0.12 0.11 0.17 0.24 0.26 0.28 0.36 0.34 0.34 0.38 0.28 0.19 0.10 0.10 0.16 0.20 0.23 0.34 0.55 0.48 0.54 0.52 0.51 0.51 0.50
4.83 4.42 4.20 4.14 3.99 3.78 3.59 3.48 3.21 2.47 2.40 2.60 2.76 2.43 2.60 2.59 2.53 2.58 2.21 2.19 1.93 1.35 1.27 1.21 1.09 0.88 0.84 0.84 0.80 0.37 0.34 0.30 0.33 0.32 0.33 0.32 0.31 0.16 0.18 0.17 0.14 0.24 0.21 0.19 0.13 0.00 0.00 0.01 0.02 0.04 0.05 0.06 0.07 0.09 0.10 0.10 0.10 0.11 0.09 0.10 0.11 0.18 0.21 0.23 0.25 0.32 0.36 0.41 0.41 0.41 0.22 0.10 0.11 0.11 0.11 0.18 0.24 0.53 0.46 0.46 0.52 0.53 0.52 0.54
4.93 4.48 4.20 4.07 4.00 3.62 3.51 3.34 3.15 2.33 2.28 2.41 2.61 2.44 2.46 2.37 2.32 2.41 2.20 1.97 1.77 1.10 1.05 0.95 0.90 0.72 0.68 0.75 0.72 0.35 0.33 0.31 0.31 0.28 0.31 0.28 0.28 0.15 0.15 0.16 0.12 0.23 0.19 0.19 0.13 0.00 0.00 0.03 0.04 0.04 0.05 0.06 0.08 0.15 0.14 0.13 0.15 0.13 0.12 0.13 0.16 0.23 0.27 0.29 0.30 0.45 0.44 0.45 0.46 0.44 0.29 0.18 0.14 0.13 0.09 0.15 0.26 0.41 0.37 0.39 0.44 0.52 0.52 0.50
5.03 4.60 4.36 4.23 4.05 3.65 3.50 3.35 3.18 2.39 2.33 2.49 2.59 2.32 2.31 2.11 2.22 2.31 2.13 1.90 1.71 1.04 0.97 0.91 0.89 0.72 0.71 0.72 0.68 0.35 0.31 0.32 0.31 0.27 0.31 0.30 0.24 0.15 0.13 0.16 0.12 0.22 0.17 0.17 0.12 0.00 0.00 0.01 0.03 0.03 0.05 0.06 0.06 0.15 0.16 0.13 0.15 0.14 0.15 0.17 0.16 0.23 0.25 0.30 0.28 0.46 0.45 0.43 0.43 0.43 0.28 0.19 0.16 0.15 0.18 0.22 0.28 0.41 0.42 0.45 0.46 0.50 0.48 0.52
5.00 4.54 4.26 4.08 3.94 3.64 3.49 3.35 3.17 2.58 2.61 2.69 2.62 2.31 2.32 2.19 2.19 2.39 2.16 1.97 1.75 1.00 0.91 0.87 0.85 0.75 0.74 0.70 0.64 0.29 0.31 0.26 0.29 0.27 0.32 0.26 0.25 0.15 0.15 0.13 0.14 0.21 0.16 0.17 0.10 0.00 0.00 0.02 0.03 0.01 0.03 0.04 0.05 0.15 0.14 0.14 0.14 0.14 0.16 0.17 0.17 0.25 0.27 0.35 0.32 0.44 0.46 0.43 0.45 0.42 0.36 0.23 0.20 0.20 0.21 0.26 0.31 0.51 0.49 0.53 0.50 0.45 0.48 0.46
5.22 4.72 4.34 4.10 3.96 3.74 3.52 3.31 3.16 2.60 2.57 2.70 2.69 2.23 2.21 2.20 2.18 2.27 2.13 1.94 1.77 1.00 0.97 0.89 0.90 0.78 0.75 0.68 0.65 0.28 0.33 0.33 0.33 0.28 0.30 0.25 0.22 0.13 0.14 0.15 0.11 0.18 0.15 0.15 0.07 0.00 0.01 0.01 0.02 0.01 0.03 0.05 0.06 0.15 0.14 0.15 0.15 0.16 0.16 0.18 0.16 0.23 0.28 0.33 0.35 0.47 0.46 0.44 0.46 0.45 0.43 0.32 0.28 0.22 0.19 0.24 0.32 0.48 0.49 0.51 0.51 0.49 0.44 0.46
6.06 5.67 5.23 5.05 4.91 4.64 4.46 4.14 4.00 3.40 3.22 3.15 3.09 2.32 2.23 2.15 2.04 2.11 1.93 1.82 1.62 0.83 0.82 0.85 0.89 0.78 0.76 0.66 0.67 0.29 0.27 0.28 0.26 0.22 0.25 0.20 0.19 0.13 0.11 0.12 0.08 0.15 0.10 0.17 0.10 0.01 0.02 0.02 0.03 0.01 0.05 0.06 0.04 0.13 0.17 0.19 0.20 0.21 0.25 0.23 0.24 0.33 0.33 0.45 0.48 0.52 0.50 0.49 0.51 0.50 0.50 0.38 0.29 0.13 0.13 0.15 0.30 0.42 0.45 0.49 0.47 0.44 0.42 0.41
6.09 5.73 5.46 5.21 4.96 4.44 4.33 4.10 3.92 3.34 3.16 3.05 2.94 2.23 2.21 2.14 2.07 2.04 1.89 1.74 1.55 0.83 0.80 0.89 0.88 0.82 0.77 0.64 0.67 0.30 0.27 0.26 0.26 0.23 0.24 0.21 0.21 0.13 0.12 0.10 0.11 0.16 0.12 0.13 0.09 0.00 0.00 0.02 0.06 0.03 0.05 0.04 0.03 0.15 0.17 0.19 0.21 0.21 0.22 0.24 0.23 0.33 0.28 0.41 0.44 0.51 0.48 0.52 0.47 0.50 0.45 0.35 0.21 0.09 0.08 0.12 0.25 0.37 0.46 0.52 0.49 0.50 0.44 0.41
5.88 5.59 5.37 5.15 4.78 4.22 4.13 4.00 3.83 3.29 3.15 3.16 2.95 2.16 2.11 2.02 1.97 1.95 1.83 1.66 1.47 0.81 0.83 0.85 0.87 0.76 0.73 0.71 0.68 0.26 0.26 0.28 0.26 0.24 0.25 0.22 0.19 0.12 0.10 0.13 0.10 0.15 0.11 0.14 0.08 0.00 0.02 0.05 0.07 0.02 0.06 0.06 0.04 0.13 0.19 0.18 0.18 0.20 0.21 0.24 0.25 0.32 0.32 0.36 0.45 0.51 0.50 0.51 0.51 0.47 0.47 0.35 0.24 0.12 0.10 0.12 0.23 0.33 0.51 0.53 0.58 0.49 0.42 0.35
5.62 5.42 5.17 4.95 4.74 4.21 4.03 3.87 3.74 3.29 3.13 3.05 2.90 2.13 2.08 2.02 1.98 1.93 1.82 1.67 1.49 0.85 0.83 0.86 0.83 0.71 0.70 0.69 0.65 0.25 0.24 0.25 0.23 0.22 0.22 0.19 0.17 0.10 0.10 0.12 0.10 0.11 0.08 0.13 0.08 0.01 0.03 0.04 0.06 0.04 0.06 0.04 0.04 0.14 0.16 0.19 0.19 0.23 0.24 0.27 0.27 0.36 0.33 0.34 0.45 0.52 0.50 0.51 0.51 0.50 0.47 0.43 0.35 0.17 0.12 0.15 0.27 0.44 0.49 0.58 0.54 0.49 0.44 0.32
5.24 4.71 4.68 4.55 4.33 3.69 3.49 3.34 3.15 2.74 2.64 2.58 2.53 1.93 1.88 1.75 1.71 1.60 1.48 1.52 1.31 0.75 0.70 0.72 0.68 0.63 0.55 0.59 0.47 0.19 0.21 0.23 0.21 0.19 0.19 0.15 0.11 0.09 0.06 0.06 0.05 0.08 0.09 0.08 0.05 0.00 0.02 0.03 0.05 0.03 0.05 0.05 0.05 0.15 0.15 0.17 0.21 0.27 0.28 0.29 0.29 0.39 0.37 0.36 0.42 0.50 0.50 0.54 0.51 0.50 0.41 0.36 0.32 0.26 0.18 0.27 0.32 0.47 0.52 0.54 0.56 0.48 0.45 0.36
4.99 4.59 4.51 4.37 4.18 3.61 3.42 3.35 3.26 2.80 2.66 2.53 2.46 1.88 1.85 1.77 1.66 1.57 1.51 1.55 1.38 0.76 0.72 0.70 0.64 0.63 0.60 0.60 0.49 0.20 0.18 0.20 0.19 0.15 0.17 0.15 0.12 0.06 0.05 0.06 0.06 0.10 0.05 0.05 0.03 0.00 0.01 0.01 0.02 0.03 0.03 0.07 0.05 0.16 0.16 0.19 0.25 0.27 0.28 0.28 0.31 0.39 0.41 0.43 0.48 0.52 0.52 0.52 0.47 0.47 0.37 0.27 0.28 0.27 0.25 0.28 0.35 0.54 0.55 0.54 0.60 0.53 0.52 0.46
4.93 4.44 4.27 4.17 4.01 3.48 3.36 3.20 3.08 2.57 2.50 2.43 2.43 1.89 1.81 1.70 1.62 1.57 1.52 1.61 1.39 0.73 0.67 0.66 0.66 0.64 0.62 0.58 0.49 0.21 0.21 0.22 0.19 0.17 0.17 0.15 0.14 0.07 0.06 0.08 0.06 0.06 0.05 0.04 0.04 0.00 0.00 0.01 0.04 0.03 0.04 0.09 0.06 0.19 0.23 0.27 0.29 0.30 0.30 0.30 0.33 0.40 0.41 0.44 0.43 0.52 0.52 0.52 0.48 0.44 0.32 0.25 0.32 0.34 0.34 0.40 0.47 0.56 0.60 0.56 0.57 0.52 0.50 0.48
4.98 4.43 4.15 4.08 3.93 3.49 3.38 3.22 3.11 2.61 2.47 2.45 2.44 1.94 1.85 1.71 1.63 1.57 1.53 1.63 1.37 0.73 0.71 0.65 0.64 0.65 0.64 0.60 0.53 0.21 0.18 0.18 0.15 0.14 0.14 0.13 0.10 0.04 0.04 0.07 0.06 0.08 0.05 0.04 0.04 0.01 0.02 0.04 0.04 0.03 0.03 0.08 0.08 0.20 0.24 0.26 0.28 0.30 0.31 0.34 0.36 0.42 0.39 0.47 0.46 0.54 0.55 0.53 0.52 0.51 0.42 0.33 0.36 0.31 0.30 0.37 0.49 0.59 0.62 0.56 0.55 0.52 0.46 0.39
4.71 4.07 3.83 3.67 3.54 3.04 2.90 2.70 2.68 2.29 2.29 2.21 2.18 1.79 1.72 1.67 1.62 1.52 1.48 1.59 1.34 0.72 0.68 0.62 0.59 0.61 0.61 0.57 0.53 0.17 0.15 0.19 0.16 0.15 0.16 0.16 0.12 0.06 0.06 0.08 0.05 0.07 0.06 0.07 0.06 0.02 0.03 0.04 0.03 0.03 0.07 0.12 0.13 0.27 0.30 0.31 0.34 0.39 0.40 0.43 0.45 0.54 0.47 0.48 0.50 0.55 0.53 0.53 0.47 0.48 0.34 0.27 0.28 0.30 0.25 0.32 0.50 0.62 0.60 0.59 0.57 0.49 0.47 0.37
4.58 3.89 3.68 3.59 3.49 3.05 2.91 2.76 2.63 2.25 2.21 2.19 2.12 1.77 1.72 1.63 1.61 1.56 1.43 1.57 1.29 0.68 0.63 0.59 0.59 0.60 0.58 0.54 0.46 0.14 0.15 0.16 0.13 0.15 0.15 0.14 0.12 0.06 0.04 0.06 0.04 0.07 0.06 0.05 0.04 0.02 0.04 0.04 0.04 0.05 0.06 0.10 0.10 0.25 0.27 0.29 0.31 0.44 0.43 0.45 0.45 0.51 0.52 0.53 0.49 0.55 0.55 0.52 0.49 0.48 0.33 0.23 0.24 0.24 0.24 0.28 0.47 0.59 0.59 0.60 0.56 0.52 0.49 0.33
4.43 3.70 3.61 3.51 3.39 2.99 2.79 2.67 2.53 2.18 2.16 2.10 2.05 1.73 1.61 1.61 1.53 1.48 1.37 1.42 1.24 0.69 0.66 0.61 0.61 0.59 0.59 0.52 0.43 0.13 0.12 0.16 0.13 0.15 0.16 0.13 0.12 0.07 0.04 0.07 0.04 0.10 0.06 0.06 0.06 0.02 0.05 0.05 0.04 0.04 0.08 0.10 0.10 0.25 0.27 0.29 0.32 0.41 0.43 0.45 0.46 0.54 0.53 0.51 0.56 0.53 0.56 0.55 0.51 0.49 0.44 0.35 0.31 0.29 0.25 0.31 0.48 0.56 0.58 0.57 0.58 0.52 0.49 0.42
4.29 3.63 3.50 3.36 3.20 2.90 2.80 2.74 2.61 2.22 2.16 2.08 2.03 1.72 1.59 1.59 1.54 1.47 1.37 1.33 1.18 0.68 0.65 0.59 0.58 0.60 0.57 0.51 0.43 0.11 0.11 0.15 0.14 0.14 0.14 0.14 0.12 0.05 0.04 0.08 0.07 0.09 0.05 0.04 0.05 0.04 0.05 0.04 0.06 0.09 0.11 0.12 0.12 0.25 0.23 0.21 0.24 0.36 0.38 0.39 0.45 0.51 0.55 0.53 0.50 0.59 0.50 0.55 0.52 0.54 0.50 0.42 0.45 0.40 0.34 0.42 0.49 0.60 0.63 0.61 0.59 0.59 0.49 0.49
3.59 3.00 2.93 2.71 2.62 2.40 2.38 2.44 2.30 1.97 1.95 1.80 1.76 1.52 1.44 1.40 1.28 1.23 1.18 1.09 0.99 0.60 0.57 0.52 0.54 0.53 0.47 0.44 0.32 0.07 0.06 0.08 0.08 0.12 0.12 0.11 0.09 0.05 0.04 0.06 0.05 0.06 0.04 0.06 0.08 0.03 0.05 0.07 0.09 0.09 0.10 0.08 0.09 0.24 0.24 0.23 0.26 0.32 0.33 0.36 0.43 0.52 0.51 0.55 0.52 0.56 0.56 0.56 0.52 0.51 0.50 0.49 0.48 0.38 0.35 0.42 0.47 0.57 0.65 0.60 0.59 0.54 0.55 0.51
