QPF/QPF_202208082200-120.txt
ncols 525
nrows 625
xllcorner -31082
yllcorner 11395
cellsize 1000.0
NODATA_value -9999.0
[rows 204 to 237 of 625, columns 154 to 230 of 525]
1.78 2.29 2.63 2.69 2.44 2.46 2.56 0.72 0.55 -0.22 -0.15 0.16 -0.01 0.20 0.08 0.16 0.08 0.15 0.13 0.08 0.09 0.09 0.18 1.08 1.36 1.24 1.29 2.17 2.49 2.87 2.98 3.35 3.47 3.99 4.18 3.67 3.91 4.69 4.46 4.14 4.15 4.43 5.68 6.43 5.39 6.04 4.69 4.23 2.29 4.22 4.94 4.85 4.01 4.37 4.81 1.80 1.37 1.09 1.05 4.03 4.43 5.10 4.61 4.15 4.53 5.03 6.77 5.48 5.73 5.60 11.34 7.76 3.62 5.16 5.43 6.30 4.58
1.37 1.54 1.67 1.77 1.77 1.73 1.85 0.79 0.72 0.36 0.15 0.54 0.50 0.45 0.27 0.40 0.44 0.70 0.62 0.60 0.59 0.41 0.61 1.41 1.56 1.87 1.78 2.74 3.05 3.87 3.82 4.09 4.26 4.69 4.96 5.27 4.30 4.84 4.66 4.61 4.56 6.03 5.76 6.30 5.03 5.40 5.03 3.43 2.23 3.24 4.66 3.47 4.60 4.97 4.27 3.10 4.66 1.59 1.81 2.85 4.01 2.84 4.71 5.88 5.62 5.57 4.68 7.06 6.13 5.44 7.83 9.01 6.69 5.42 6.94 5.49 4.01
1.58 1.67 1.67 1.72 1.86 1.61 1.85 0.96 0.76 0.64 0.70 0.78 0.76 0.75 0.47 0.92 1.12 0.93 0.95 0.68 0.72 0.69 1.12 2.29 2.37 2.55 1.99 3.19 3.28 4.12 4.40 4.49 4.58 5.84 5.83 5.03 4.68 4.66 4.94 3.98 5.12 5.90 6.27 5.16 5.47 5.11 5.34 3.12 3.87 3.30 5.00 3.95 3.65 3.42 3.24 2.10 2.76 1.09 1.84 2.63 2.69 2.79 2.48 3.81 3.84 3.84 4.26 4.44 4.12 3.36 5.98 8.03 7.46 7.18 6.12 3.73 3.18
1.48 1.50 1.76 1.75 1.83 1.51 1.74 1.27 1.24 0.78 0.91 1.03 0.82 0.89 0.85 1.27 1.73 1.95 2.10 1.74 1.70 1.79 1.84 3.53 3.81 3.72 3.89 4.09 4.92 5.87 5.94 6.25 6.10 6.94 8.03 6.41 6.04 6.77 6.09 5.81 5.99 5.87 6.46 5.61 5.03 5.22 4.92 2.93 3.65 3.11 4.29 3.49 3.07 3.15 3.17 2.18 1.56 1.20 0.99 1.65 2.38 1.88 1.52 2.09 2.05 1.37 1.42 1.20 1.08 0.89 1.46 2.30 1.70 2.40 2.04 2.11 1.48
1.59 1.49 1.87 1.66 1.73 1.41 1.60 1.22 1.38 0.88 0.92 1.17 0.96 1.03 1.07 1.50 1.78 2.01 2.09 1.70 1.48 1.68 1.82 3.77 3.81 3.66 3.82 4.03 4.35 5.51 5.58 6.56 5.53 6.83 7.58 7.19 6.36 6.84 6.60 5.08 5.52 5.69 4.80 4.39 4.65 4.42 4.44 2.35 3.54 3.54 3.30 2.34 1.73 1.69 1.95 0.86 1.34 1.10 0.41 1.49 0.86 1.56 1.10 2.21 1.82 1.45 1.60 1.06 1.02 0.63 1.09 2.35 1.60 2.59 1.89 1.87 1.35
1.07 1.10 1.24 1.39 1.50 1.07 1.20 1.50 1.46 1.35 1.23 1.55 1.23 1.41 1.20 2.02 2.28 2.33 2.25 1.96 1.89 2.25 2.11 4.87 4.81 4.11 4.66 4.59 4.82 5.62 6.18 5.99 5.91 6.85 6.21 7.31 6.14 6.31 6.85 4.79 4.73 3.94 4.30 3.10 3.94 3.35 3.39 2.30 2.52 2.23 2.50 0.65 0.81 0.67 0.77 0.41 0.57 0.27 0.01 0.06 1.01 0.59 0.19 0.72 0.95 1.18 0.91 0.40 0.29 0.11 0.26 0.67 0.14 0.53 0.41 0.45 0.38
1.32 1.35 1.46 2.30 2.06 1.77 1.84 1.68 1.64 1.35 1.46 1.66 1.50 1.60 1.17 2.69 2.76 2.43 2.44 2.08 1.95 2.47 2.45 4.46 5.01 4.25 5.08 5.50 5.61 6.29 6.98 6.57 7.22 6.99 6.69 7.26 7.83 6.29 6.37 4.13 4.25 3.64 4.30 3.01 3.33 2.86 2.67 1.78 1.86 1.16 2.14 0.52 0.62 0.50 0.66 0.51 0.56 0.59 0.40 0.42 0.19 0.36 0.35 0.54 0.76 1.20 0.81 0.51 0.52 0.24 0.26 0.58 0.52 0.69 0.64 0.61 0.38
1.97 0.96 1.62 2.37 1.82 1.79 2.66 2.08 1.88 1.49 1.45 1.65 1.58 1.45 1.51 2.49 2.86 2.69 3.22 3.02 2.55 2.11 2.51 4.38 4.45 4.25 4.96 5.36 5.02 5.74 5.90 6.27 5.62 6.17 5.70 5.89 5.47 5.30 5.12 2.33 3.17 2.68 1.82 1.86 2.14 1.56 1.45 1.02 0.48 0.22 0.46 -0.00 0.00 0.00 0.00 0.00 0.00 0.00 0.00 0.00 0.02 0.00 0.00 0.11 0.02 0.09 0.22 0.19 0.23 0.20 0.09 0.64 0.27 0.41 0.40 0.27 0.21
1.66 1.54 1.19 1.90 1.92 2.20 2.81 1.63 1.59 1.04 1.08 1.04 1.03 1.63 1.28 2.56 2.88 2.33 2.97 3.78 3.10 2.23 2.41 3.95 4.06 3.97 4.95 5.72 5.96 6.55 6.75 6.42 5.96 5.34 4.83 5.74 5.19 5.50 5.73 3.43 2.07 3.15 2.58 2.21 2.13 1.69 1.46 0.50 0.19 0.16 0.10 0.00 0.00 0.00 0.00 0.00 -0.00 0.00 0.00 0.06 0.00 0.00 0.01 0.00 0.00 0.05 0.11 -0.01 0.07 0.37 0.03 0.31 0.57 0.51 0.38 0.76 0.80
3.83 3.32 3.04 3.49 3.79 3.34 3.28 2.82 2.23 1.72 0.70 0.77 0.74 1.22 1.21 2.56 1.86 0.64 2.19 3.78 2.80 2.21 1.90 3.17 4.23 3.99 5.13 7.06 6.80 7.95 8.12 7.19 6.03 5.82 5.25 4.53 4.11 4.56 4.00 1.99 1.80 1.50 1.26 1.32 1.19 1.29 1.32 0.29 0.54 -0.02 0.14 0.00 0.00 0.00 0.00 0.00 0.00 0.00 0.00 0.00 0.00 0.00 0.00 0.04 0.16 0.00 0.09 0.04 0.18 0.23 0.19 0.61 0.29 0.37 0.40 0.42 0.43
4.15 3.19 2.70 3.56 3.66 3.12 3.64 2.46 2.54 1.59 0.59 0.88 0.66 1.30 1.26 2.51 2.26 1.97 1.91 3.93 3.02 2.84 2.31 2.84 3.83 3.67 4.44 6.60 7.37 7.93 8.91 7.11 6.79 6.15 6.09 3.95 4.11 3.96 3.67 1.54 1.81 0.85 0.92 0.64 0.60 1.05 0.83 0.15 0.25 0.03 0.16 0.00 0.00 0.02 -0.00 0.03 0.00 -0.00 0.00 0.04 -0.00 0.02 0.00 0.00 0.00 0.00 0.00 0.00 0.04 0.08 0.06 0.33 0.27 0.33 0.33 0.40 0.47
3.17 1.92 2.05 2.46 1.94 2.31 2.06 2.34 2.54 1.40 1.11 1.28 1.04 2.01 2.15 3.63 3.50 2.51 2.79 3.65 3.37 3.34 3.54 3.94 3.40 3.41 4.77 7.86 8.11 9.93 9.10 7.57 6.18 6.14 5.41 3.99 2.51 4.20 2.81 1.49 2.14 0.30 0.01 0.01 0.05 0.07 0.00 0.00 0.01 -0.00 0.00 0.00 0.00 0.00 0.00 0.00 0.00 0.00 0.00 0.00 0.00 0.00 0.00 0.00 0.00 0.00 0.00 0.00 0.00 0.00 0.00 0.04 0.08 0.03 0.05 0.09 0.19
2.79 2.63 2.19 1.98 1.63 1.89 1.83 2.08 1.81 2.59 1.63 1.54 2.22 1.57 1.61 3.43 3.55 2.99 3.15 3.11 2.68 2.34 3.10 3.48 3.70 2.87 4.83 7.54 7.38 8.89 8.67 7.84 6.16 5.81 4.98 3.85 3.54 2.54 2.48 1.03 0.96 0.44 0.19 0.01 0.00 -0.00 0.00 0.00 0.00 0.00 0.00 0.00 0.00 0.00 0.00 0.00 0.00 0.00 0.00 0.00 0.00 0.00 0.00 0.00 0.00 0.00 0.00 0.00 0.00 0.00 0.00 0.00 0.00 0.11 0.00 0.05 0.09
2.17 2.50 1.57 1.84 1.79 2.19 2.65 2.00 2.51 1.98 1.72 1.55 1.25 1.04 1.74 2.03 3.26 3.08 3.53 3.30 3.23 2.72 2.92 3.10 3.46 4.28 4.39 5.66 6.76 7.45 7.60 5.68 4.81 4.87 4.45 3.31 3.61 2.42 2.24 1.09 0.95 0.03 0.00 0.01 0.00 -0.00 0.00 0.00 0.00 0.00 0.00 0.01 -0.00 0.00 0.00 0.00 0.00 0.00 0.00 0.00 0.01 -0.00 0.00 -0.00 0.00 0.00 0.00 0.00 0.00 0.00 0.00 0.14 0.15 0.37 0.22 0.19 0.19
2.42 1.83 2.15 1.80 1.73 2.41 2.50 2.32 1.92 2.17 1.71 0.86 0.94 1.01 1.01 2.27 3.30 3.07 3.14 2.92 3.02 3.04 2.96 3.58 3.55 4.30 4.02 5.00 5.95 6.95 6.58 5.43 4.47 4.44 4.60 3.36 3.29 2.03 1.31 0.13 0.79 0.00 0.00 0.00 0.00 0.00 0.00 0.00 0.00 0.00 0.00 0.00 0.00 0.00 0.00 0.00 0.00 0.00 0.00 0.00 0.00 0.00 0.00 0.00 0.00 0.00 0.00 0.00 0.00 0.00 0.00 0.18 0.32 0.12 0.12 0.03 0.01
1.84 1.89 2.58 2.13 2.05 2.06 1.94 1.71 1.98 1.81 1.01 0.79 0.88 0.26 1.59 1.89 2.40 3.39 3.02 2.61 2.74 2.79 2.57 3.18 3.01 3.67 4.03 4.79 5.69 6.42 6.36 4.17 4.22 4.41 4.43 3.23 3.50 3.60 2.12 1.16 1.00 0.02 0.01 0.00 0.00 0.00 0.00 0.00 0.05 0.04 0.00 0.00 0.00 0.00 0.00 0.00 0.00 0.00 0.00 0.00 0.01 0.00 0.00 0.03 0.00 0.06 0.07 0.07 0.07 0.08 0.06 0.81 0.65 0.86 0.74 0.56 0.53
2.05 2.47 3.29 1.83 2.06 2.89 2.18 2.38 2.03 2.02 0.73 1.89 0.97 0.74 1.21 1.92 2.63 3.63 3.70 3.42 3.33 3.20 2.66 2.68 2.88 4.04 4.35 5.92 5.56 5.23 5.15 3.19 3.23 4.12 3.87 2.30 2.21 2.12 1.40 1.10 0.60 0.12 0.08 0.05 0.05 0.00 0.00 0.00 0.00 0.00 0.01 0.00 0.00 0.00 0.00 0.00 0.00 0.00 0.00 0.00 0.00 0.00 0.00 0.00 0.00 0.04 0.04 0.15 0.17 0.19 0.09 0.64 0.57 0.71 0.63 0.44 0.45
2.92 2.35 2.39 0.82 1.22 1.65 1.31 1.36 1.57 1.12 0.89 0.64 0.45 0.45 0.94 1.53 2.22 3.03 2.95 2.97 3.13 3.09 3.19 2.79 3.32 4.22 4.47 4.08 4.62 4.65 4.96 3.29 3.41 3.70 3.97 1.99 1.98 1.53 1.19 0.74 0.39 0.36 0.07 0.00 0.00 0.00 0.00 0.00 0.08 -0.00 0.05 0.00 0.00 0.00 0.00 0.00 0.00 0.00 0.00 0.00 0.00 0.00 0.00 0.00 0.02 0.12 0.05 0.22 0.18 0.20 0.22 0.39 0.41 0.51 0.46 0.33 0.31
2.48 2.16 2.58 1.34 1.52 1.90 1.60 1.37 1.76 0.98 1.33 0.85 0.84 0.84 0.85 1.70 2.04 2.72 2.50 2.90 3.39 3.45 3.05 3.14 3.42 3.93 3.39 4.23 4.17 4.36 4.34 2.81 2.59 2.68 3.13 1.73 1.81 0.67 0.75 0.69 0.42 0.16 0.05 0.07 0.02 0.04 0.00 0.00 0.00 0.00 0.00 0.00 0.00 0.00 0.00 0.00 0.00 0.00 0.00 0.00 0.00 0.00 0.00 0.00 0.00 0.03 0.00 0.07 0.06 0.05 0.03 0.15 0.15 0.20 0.19 0.21 0.23
1.22 1.78 1.35 0.29 0.39 0.43 0.88 1.16 1.39 1.13 1.13 1.46 1.11 1.10 1.19 1.74 1.83 2.11 2.36 2.21 2.20 2.98 2.97 2.65 2.65 3.25 2.53 2.12 3.15 2.47 2.40 2.10 2.01 1.09 1.30 0.50 0.34 0.00 0.00 0.00 0.00 0.00 0.00 0.00 0.00 0.00 0.00 0.00 0.00 0.00 0.00 0.00 0.00 0.00 0.00 0.00 0.00 0.00 0.00 0.00 0.00 -0.00 0.00 0.00 0.00 0.00 0.00 0.00 0.00 0.00 0.00 0.02 0.08 0.02 0.08 0.14 0.15
2.25 1.39 1.06 0.65 0.65 0.91 1.42 0.91 1.48 1.36 1.38 0.76 1.21 1.46 1.29 1.88 2.08 2.04 2.21 2.42 2.15 2.58 2.70 2.45 2.57 2.71 2.30 1.63 2.12 2.32 2.36 2.03 1.45 0.93 0.53 0.38 0.17 0.00 0.00 0.00 0.00 0.00 0.00 0.00 0.00 0.00 0.00 0.00 0.00 0.00 0.00 0.00 0.00 0.00 0.00 0.00 0.00 0.00 0.00 0.00 0.00 0.00 0.00 0.00 0.00 0.00 0.00 0.00 0.00 0.00 0.00 0.03 0.08 0.02 0.10 0.03 0.08
1.82 2.36 2.02 0.50 0.67 0.65 1.09 1.17 1.26 1.44 1.82 1.34 1.21 2.15 2.17 2.42 2.79 2.72 3.19 2.51 2.54 2.66 2.13 2.31 1.95 2.08 2.06 1.65 1.91 1.89 1.91 1.37 1.28 0.87 0.50 0.16 0.07 -0.00 0.00 0.00 0.00 0.00 0.00 0.00 0.00 0.00 0.00 0.00 0.00 0.00 0.00 0.00 0.00 0.00 0.00 0.00 0.00 0.00 0.00 0.00 0.00 0.00 0.00 0.00 0.00 0.00 0.00 0.00 0.00 0.00 0.00 0.05 0.06 0.04 0.06 0.02 0.03
2.40 1.77 0.75 0.92 0.61 0.79 0.88 1.20 1.01 1.22 1.68 1.18 1.06 1.90 1.81 1.99 2.46 2.46 2.53 2.16 2.09 2.17 1.92 2.09 1.89 2.18 1.91 1.47 1.35 1.18 1.54 1.16 0.96 0.60 0.34 0.04 0.00 0.00 0.00 0.00 0.00 0.00 0.00 0.00 0.00 0.00 0.00 0.00 0.00 0.00 0.00 0.00 0.00 0.00 0.00 0.00 0.00 0.00 0.00 0.00 0.00 0.00 0.00 0.00 0.00 0.00 0.00 0.00 0.00 0.00 0.00 0.06 0.07 0.05 0.02 0.02 0.02
2.18 1.23 0.78 1.65 1.64 0.92 1.33 1.23 1.05 1.19 1.61 1.10 1.13 1.52 1.28 1.85 2.09 2.11 2.10 1.67 1.84 1.88 1.88 1.77 1.68 1.53 1.36 1.07 0.96 1.16 1.30 0.84 0.46 0.27 0.04 0.00 0.00 0.00 0.00 0.00 0.00 0.00 0.00 0.00 0.00 0.00 0.00 0.00 0.00 0.00 0.00 0.00 0.00 0.00 0.00 0.00 0.00 0.00 0.00 0.00 0.00 0.00 0.00 0.02 0.05 0.05 0.13 0.16 0.21 0.03 0.04 0.22 0.42 0.25 0.22 0.15 0.10
1.44 1.39 1.01 1.46 0.93 1.34 1.24 1.14 0.99 1.53 1.63 0.90 0.98 1.05 1.03 1.61 1.89 2.07 1.93 1.57 1.80 2.00 2.05 1.81 1.82 1.38 1.31 0.97 0.98 0.83 1.06 0.74 0.42 0.13 0.00 0.00 0.00 0.00 0.00 0.00 0.00 0.00 0.00 0.00 0.00 0.00 0.00 0.00 0.00 0.00 0.00 0.00 0.00 0.00 0.00 0.00 0.00 0.00 0.00 0.00 0.00 0.00 0.00 0.00 0.00 0.09 0.16 0.10 0.16 0.00 0.01 0.24 0.32 0.10 0.05 0.06 0.01
0.74 0.73 0.44 0.88 0.59 1.02 0.81 1.35 1.22 1.07 1.34 0.53 0.79 0.80 0.99 1.48 1.55 1.83 1.77 1.84 1.92 2.04 2.23 1.89 1.65 1.21 1.02 0.89 0.90 0.82 0.75 0.59 0.33 0.13 0.00 0.00 0.00 0.00 0.00 0.00 0.00 0.00 0.00 0.00 0.00 0.00 0.00 0.00 0.00 0.00 0.00 0.00 0.00 0.00 0.00 0.00 0.00 0.00 0.00 0.00 0.00 0.00 0.00 0.02 0.01 0.14 0.19 0.23 0.31 0.07 0.07 0.12 0.19 0.15 0.17 0.14 0.10
0.49 0.35 0.36 0.81 0.49 1.10 0.86 1.50 1.36 1.37 1.20 0.63 0.83 0.75 0.88 1.30 1.47 1.88 1.87 1.99 2.00 1.96 2.18 1.59 1.32 0.81 0.64 0.49 0.48 0.59 0.94 0.42 0.05 0.04 0.00 0.00 0.00 0.00 0.00 0.00 0.00 0.00 0.00 0.00 0.00 0.00 0.00 0.00 0.00 0.00 0.00 0.00 0.00 0.00 0.00 0.00 0.00 0.00 0.00 0.00 0.00 0.00 0.00 0.01 0.02 0.05 0.11 0.16 0.18 0.00 0.00 0.05 0.04 0.01 0.01 0.03 0.01
0.02 0.00 0.00 0.10 0.06 0.55 0.51 1.40 1.03 1.22 1.02 0.86 1.03 1.15 1.12 1.49 1.74 1.76 2.13 2.36 2.32 1.99 2.14 1.29 1.33 0.45 0.36 0.02 0.14 0.47 0.36 0.14 0.01 0.00 0.00 0.00 0.00 0.00 0.00 0.00 0.00 0.00 0.00 0.00 0.00 0.00 0.00 0.00 0.00 0.00 0.00 0.00 0.00 0.00 0.00 0.00 0.00 0.00 0.00 0.00 0.00 0.00 0.00 0.02 0.04 0.04 0.10 0.02 0.06 0.00 0.00 0.00 0.00 0.00 0.00 0.00 0.00
0.01 0.00 0.00 0.11 0.01 0.42 0.42 1.10 0.84 0.98 0.75 0.70 0.82 1.02 1.23 1.42 1.90 2.16 2.10 2.35 2.17 2.15 2.19 1.62 1.71 0.98 0.51 0.36 0.08 0.13 0.10 0.50 0.12 0.03 0.00 0.00 0.00 0.00 0.00 0.00 0.00 0.00 0.00 0.00 0.00 0.00 0.00 0.00 0.00 0.00 0.00 0.00 0.00 0.00 0.00 0.00 0.00 0.00 0.00 0.00 0.00 0.00 0.00 0.01 0.01 0.02 0.04 0.00 0.00 0.00 0.00 0.00 0.00 0.00 0.00 0.00 0.00
0.00 0.00 0.04 0.12 0.09 0.32 0.32 1.05 1.00 1.27 1.05 1.00 1.23 1.27 1.64 1.80 2.13 2.34 2.39 2.60 2.30 2.17 2.24 1.81 1.93 1.25 0.77 0.16 0.10 0.07 0.08 0.32 0.38 0.16 0.00 0.00 0.00 0.00 0.00 0.00 0.00 0.00 0.00 0.00 0.00 0.00 0.00 0.00 0.00 0.00 0.00 0.00 0.00 0.00 0.00 0.00 0.00 0.00 0.00 0.00 0.00 0.00 0.00 0.00 0.00 0.00 0.02 0.00 0.00 0.00 0.00 0.00 0.00 0.00 0.00 0.00 0.00
0.00 0.00 0.00 0.06 -0.02 0.28 0.55 0.87 0.89 1.14 0.98 1.05 1.49 1.58 1.51 2.05 2.32 2.30 2.47 2.43 2.27 2.41 2.43 1.87 2.03 1.28 0.92 0.13 0.36 0.00 0.00 0.27 0.12 0.38 0.13 0.00 0.00 0.00 0.00 0.00 0.00 0.00 0.00 0.00 0.00 0.00 0.00 0.00 0.00 0.00 0.00 0.00 0.00 0.00 0.00 0.00 0.00 0.00 0.00 0.00 0.00 0.00 0.00 0.00 0.00 0.00 0.00 0.00 0.00 0.00 0.00 0.00 0.00 0.00 0.00 0.00 0.00
0.18 0.16 0.10 0.44 0.24 1.08 1.15 1.25 1.35 1.20 1.17 1.41 1.37 1.77 1.73 2.01 1.98 2.31 2.24 2.13 2.12 2.20 2.19 1.77 1.48 1.24 0.89 0.22 0.27 0.00 0.07 0.10 0.34 0.21 0.13 0.00 0.00 0.00 0.00 0.00 0.00 0.00 0.00 0.00 0.00 0.00 0.00 0.00 0.00 0.00 0.00 0.00 0.00 0.00 0.00 0.00 0.00 0.00 0.00 0.00 0.00 0.00 0.00 0.00 0.00 0.00 0.00 0.00 0.00 0.00 0.00 0.00 0.00 0.00 0.00 0.00 0.00
0.23 0.33 0.18 0.43 0.35 0.73 0.89 1.35 1.32 1.24 1.09 1.60 1.54 1.67 1.77 2.42 2.20 2.56 2.70 2.25 2.36 2.06 2.02 1.55 1.39 0.92 0.55 0.30 0.19 0.09 0.06 0.17 0.13 0.26 0.11 0.00 0.00 0.00 0.00 0.00 0.00 0.00 0.00 0.00 0.00 0.00 0.00 0.00 0.00 0.00 0.00 0.00 0.00 0.00 0.00 0.00 0.00 -0.00 0.00 0.00 0.00 0.00 0.00 0.00 0.00 0.00 0.00 0.00 0.00 0.00 0.00 0.00 0.00 0.00 0.00 0.00 0.00
0.98 0.87 0.90 0.95 0.90 1.16 1.08 1.53 1.45 1.34 1.19 1.42 1.78 1.77 1.66 2.43 2.26 2.68 2.57 2.30 2.36 1.97 2.12 1.43 1.55 0.85 0.49 0.75 0.60 0.56 0.29 0.09 0.18 0.19 0.08 0.00 0.00 0.00 0.00 0.00 0.00 0.00 0.00 0.00 0.00 0.00 0.00 0.00 0.00 0.00 0.00 0.00 0.00 0.00 0.00 0.00 0.00 0.00 0.00 0.00 0.00 0.00 0.00 0.00 0.03 0.03 0.06 0.00 0.00 0.00 0.01 0.00 0.00 0.00 0.00 0.00 0.00
