QPF/QPF_202208082200-10.txt
ncols 525
nrows 625
xllcorner -31082
yllcorner 11395
cellsize 1000.0
NODATA_value -9999.0
[rows 204 to 237 of 625, columns 231 to 307 of 525]
63.30 64.78 63.00 59.43 54.05 50.43 46.69 45.96 39.25 40.26 35.34 31.65 31.86 26.39 24.91 24.88 28.45 29.41 30.58 35.41 36.54 45.82 50.77 57.13 61.36 62.37 65.56 78.54 90.72 75.82 83.47 87.03 86.95 81.89 85.43 89.17 86.17 83.57 81.88 68.72 62.92 61.38 59.22 54.63 39.40 33.31 26.04 20.15 16.35 12.28 11.67 11.33 11.84 8.40 5.65 5.13 5.21 4.76 4.30 4.31 5.56 7.09 5.95 5.52 5.31 4.59 3.72 3.31 3.01 2.94 2.76 2.90 2.83 2.25 2.11 2.38 2.96
76.65 78.29 70.20 65.27 62.51 58.96 50.02 45.26 41.81 34.25 28.43 24.68 25.92 19.75 23.55 22.48 24.35 28.57 34.14 44.91 44.42 52.75 61.26 68.19 66.97 74.47 73.40 64.83 101.55 85.95 90.97 95.63 90.37 96.23 93.85 96.18 94.07 91.49 84.88 61.88 57.22 55.86 56.11 49.77 41.43 32.37 26.92 18.69 15.37 12.90 12.12 11.59 10.92 9.18 7.47 6.49 5.29 5.27 4.05 3.97 3.52 3.62 3.96 3.54 3.71 3.42 3.05 2.87 2.82 2.90 2.66 2.74 2.47 2.05 1.98 2.07 2.55
89.00 85.93 79.89 72.50 70.71 63.67 47.06 42.59 36.13 29.44 21.27 21.68 23.02 19.96 23.62 24.58 27.47 30.89 32.48 46.75 59.11 69.86 72.98 79.10 77.10 78.68 88.87 84.67 95.39 96.42 95.22 95.10 99.88 95.22 103.21 100.44 103.04 91.21 96.11 67.46 58.66 55.50 54.27 48.45 39.82 33.52 28.71 21.49 16.91 14.72 11.80 12.27 11.51 9.28 7.67 7.00 5.88 5.17 4.05 3.20 2.95 2.33 2.75 3.64 3.30 3.04 3.17 2.99 3.14 3.24 2.98 2.82 2.48 2.26 2.07 2.06 2.26
84.84 84.99 79.89 75.55 67.76 59.40 48.51 42.35 36.67 30.90 23.48 29.04 26.86 21.90 27.66 25.90 33.96 39.73 52.15 63.59 69.60 77.08 75.94 74.20 84.93 85.46 86.89 92.22 95.18 100.01 105.44 107.95 100.76 99.86 103.26 101.32 106.02 97.34 91.52 80.62 66.52 59.56 53.85 45.64 35.74 31.09 26.15 20.88 16.47 13.95 11.84 10.51 8.81 7.52 6.42 6.06 5.05 3.92 3.05 2.83 2.75 2.71 2.52 2.92 2.65 2.67 2.97 2.93 2.92 3.18 3.00 2.83 2.65 2.45 2.37 2.14 2.40
87.09 82.00 77.81 70.78 60.78 53.10 41.27 39.02 36.02 31.26 29.63 30.90 27.83 26.18 30.21 28.59 30.67 39.87 49.37 62.66 80.05 83.76 82.37 77.69 80.11 86.48 85.29 77.41 109.17 100.69 107.83 112.04 101.92 102.17 99.28 97.61 99.90 96.60 92.25 81.28 63.81 56.39 48.16 40.11 31.43 25.78 21.71 18.06 13.97 12.36 10.15 8.02 7.63 6.37 5.73 5.13 4.20 3.45 2.53 2.33 2.37 2.59 2.66 2.54 2.50 2.79 3.44 3.54 3.04 3.15 2.89 2.78 2.95 2.66 2.68 2.31 2.40
83.53 74.58 66.74 57.14 49.80 44.03 35.72 33.62 31.85 28.46 29.30 34.46 25.46 26.81 35.55 32.23 31.85 39.82 55.63 64.97 78.35 84.44 81.77 82.09 87.22 87.34 87.64 83.47 109.22 105.54 102.71 101.87 80.16 92.21 91.84 90.64 86.27 84.82 81.62 70.34 57.34 48.71 39.80 31.78 24.38 19.30 16.03 14.04 11.60 10.53 7.95 6.10 5.51 4.97 4.46 3.88 3.09 2.80 2.48 2.08 2.09 2.31 2.48 2.68 2.81 3.19 3.54 3.58 3.28 2.71 2.81 3.12 3.00 3.13 2.85 2.64 2.64
72.51 64.07 62.96 52.28 42.49 34.07 27.04 22.20 18.32 19.71 23.53 25.75 22.74 24.59 30.15 31.85 33.72 38.24 51.90 69.29 76.77 79.16 77.83 80.38 81.37 90.11 97.14 97.95 102.02 104.88 101.95 81.01 64.94 71.23 73.02 72.00 67.59 60.18 57.17 49.47 41.14 34.03 26.27 21.56 16.81 13.04 10.52 9.30 7.85 6.72 5.38 4.60 4.07 3.84 3.28 2.85 2.53 2.14 2.03 1.90 1.93 2.24 2.67 3.21 3.42 3.63 3.43 3.79 4.38 3.27 3.05 3.19 3.33 3.13 2.92 2.96 2.79
55.92 52.58 47.73 38.53 29.97 23.58 18.32 14.91 10.61 12.05 12.71 14.76 13.21 19.56 22.07 23.10 28.20 35.76 48.01 57.87 69.45 72.81 70.63 71.44 78.50 79.99 90.35 92.63 97.32 98.06 91.16 60.67 42.13 51.14 51.28 53.28 44.35 42.76 38.11 33.49 27.83 22.59 17.63 13.85 10.16 7.67 6.12 5.14 3.93 3.50 3.43 3.09 2.93 2.69 2.23 2.04 1.82 1.89 1.79 1.80 2.22 2.83 3.39 3.39 3.58 3.79 4.02 4.23 4.41 4.20 3.49 3.44 3.47 3.20 3.33 3.09 2.94
43.84 46.54 40.13 30.25 23.00 17.93 13.37 10.17 7.83 6.44 6.15 7.19 7.01 10.70 9.80 11.50 19.09 26.54 35.60 46.73 57.36 62.77 65.00 62.94 66.57 68.39 74.36 85.20 81.75 83.11 73.42 45.26 35.16 30.32 26.73 27.07 23.12 23.50 19.05 19.50 15.41 11.39 9.17 6.89 4.68 3.43 2.76 2.13 1.81 1.59 1.78 1.95 1.85 1.67 1.50 1.48 1.41 1.54 1.76 2.00 2.70 3.18 3.33 3.48 3.58 4.14 4.28 4.47 4.41 4.25 3.72 3.08 3.02 3.09 3.20 2.83 2.72
31.74 28.89 24.27 19.45 15.39 11.38 9.39 5.71 5.72 4.00 3.68 3.12 3.96 5.52 4.82 7.48 10.87 16.66 26.81 35.34 45.14 51.13 50.25 44.52 48.67 52.07 55.76 63.02 68.29 63.85 51.45 31.82 23.77 17.75 13.08 12.52 10.68 11.02 9.42 8.90 7.54 4.56 3.29 2.79 1.69 1.31 1.07 1.01 1.02 0.97 1.00 1.07 1.02 1.07 1.05 1.19 1.20 1.41 2.01 2.35 2.84 2.95 3.41 3.81 4.15 4.26 4.36 4.44 4.07 4.37 4.46 2.99 3.03 3.00 2.95 2.93 2.85
18.86 14.72 14.54 10.80 9.25 6.75 5.21 4.14 3.84 3.19 2.58 3.04 1.72 2.85 2.25 3.90 4.24 8.76 14.31 21.29 30.28 29.77 28.49 25.32 35.78 36.73 41.78 47.40 43.14 38.48 29.33 21.61 17.10 11.27 7.35 6.09 5.28 4.88 4.32 3.53 2.52 1.62 0.96 0.78 0.68 0.62 0.55 0.53 0.56 0.58 0.53 0.64 0.70 0.74 0.87 0.92 1.14 1.35 1.79 2.19 2.80 3.06 3.45 3.80 3.78 3.93 3.90 4.16 4.32 4.33 4.29 3.51 2.80 2.76 2.82 2.95 3.05
10.62 8.77 7.85 5.90 4.29 4.07 3.28 2.87 2.85 1.84 1.68 1.51 0.93 1.28 0.73 2.58 1.81 3.53 6.10 11.85 18.83 19.04 18.85 16.78 22.28 23.94 26.12 29.65 24.63 21.36 17.05 11.30 8.63 5.55 3.64 3.08 2.84 2.42 1.98 1.56 1.25 0.96 0.46 0.57 0.28 0.32 0.24 0.27 0.27 0.32 0.37 0.43 0.53 0.59 0.65 0.70 1.01 1.37 1.61 2.06 2.70 2.90 3.37 3.40 3.69 3.70 3.96 4.03 4.30 4.60 4.64 4.34 2.95 2.62 2.72 3.02 2.95
6.25 5.44 3.70 3.35 2.98 3.15 3.01 2.73 2.26 1.69 1.40 0.90 0.75 0.48 0.23 0.82 1.11 2.16 2.33 5.43 9.67 9.72 9.76 10.26 10.71 11.00 10.82 14.70 14.82 11.68 9.32 7.13 4.89 3.08 2.17 2.26 1.78 1.75 1.30 0.95 0.81 0.62 0.27 0.30 0.10 0.14 0.11 0.09 0.11 0.16 0.19 0.27 0.44 0.49 0.61 0.67 0.76 1.29 1.59 1.82 2.38 2.83 3.06 3.25 3.33 3.48 3.64 3.72 4.16 4.14 4.32 4.25 3.78 2.89 2.95 3.13 2.86
4.92 3.70 2.48 2.20 2.37 2.45 1.78 2.05 1.95 1.42 1.36 0.93 1.26 0.58 0.33 0.17 0.55 1.19 1.87 1.79 2.27 3.01 3.99 4.42 5.12 4.83 5.60 5.86 6.05 6.15 5.28 3.71 2.55 2.07 1.56 1.39 1.08 0.87 0.68 0.51 0.38 0.35 0.09 0.07 0.03 0.02 0.02 -0.00 0.02 0.01 0.07 0.16 0.30 0.43 0.56 0.73 0.77 1.13 1.54 1.79 2.09 2.45 2.64 2.71 2.91 3.02 3.18 3.42 3.58 3.95 4.20 4.18 3.93 3.28 2.86 2.98 3.06
3.98 3.47 2.73 2.07 2.20 1.83 1.58 1.81 1.41 1.41 1.61 1.64 1.90 1.22 1.03 0.74 0.83 0.69 0.64 0.74 1.23 1.12 2.01 1.95 1.81 1.77 2.06 2.09 2.28 2.37 2.11 1.54 1.54 1.39 0.96 0.74 0.59 0.44 0.30 0.27 0.20 0.13 0.03 0.02 0.02 0.01 0.00 -0.00 -0.00 -0.01 -0.01 0.06 0.19 0.35 0.49 0.64 0.81 1.08 1.46 1.84 2.12 2.24 2.42 2.60 2.56 2.63 2.89 3.27 3.75 3.98 4.33 3.77 3.60 3.17 3.01 2.87 3.35
3.56 2.86 2.60 2.00 1.96 1.64 1.31 1.46 1.29 1.58 2.08 1.89 1.99 1.58 1.40 1.05 1.09 0.83 0.57 0.39 0.47 0.51 1.01 1.04 1.11 0.97 0.84 1.03 1.15 1.29 1.30 1.15 0.93 0.79 0.50 0.34 0.23 0.12 0.11 0.10 0.06 0.02 -0.00 -0.00 -0.00 -0.00 -0.00 -0.00 -0.00 -0.00 -0.03 0.03 0.15 0.31 0.46 0.65 0.83 0.88 1.46 1.80 1.86 2.03 2.14 2.16 2.30 2.32 2.49 3.04 3.75 3.77 3.70 3.55 3.47 3.51 3.36 3.68 3.63
3.21 2.67 2.36 2.17 1.85 1.58 1.55 1.53 1.83 2.19 2.38 2.39 2.44 1.97 1.65 1.47 1.29 0.84 0.68 0.30 0.11 0.27 0.55 0.55 0.59 0.63 0.49 0.68 0.84 0.90 1.04 0.85 0.63 0.48 0.28 0.18 0.08 0.04 0.02 0.02 0.03 0.02 -0.00 -0.00 -0.00 -0.00 -0.00 -0.00 -0.00 -0.00 -0.02 -0.00 0.12 0.28 0.44 0.51 0.71 0.55 1.24 1.64 1.73 1.82 1.84 1.97 2.05 2.13 2.47 2.99 3.42 3.38 3.57 3.39 3.22 3.03 3.46 3.68 3.35
3.05 2.57 2.44 2.22 1.90 1.85 1.94 1.80 1.86 2.19 2.16 2.08 2.24 1.80 1.29 0.99 1.12 0.77 0.60 0.28 0.14 0.22 0.28 0.29 0.32 0.36 0.26 0.36 0.50 0.63 0.63 0.55 0.30 0.21 0.07 0.02 0.02 0.02 0.01 0.00 -0.00 -0.00 -0.00 -0.00 -0.00 -0.00 -0.00 -0.00 -0.00 -0.00 -0.01 -0.01 0.09 0.22 0.37 0.45 0.52 0.58 0.82 1.46 1.54 1.49 1.65 1.81 1.88 2.03 2.44 2.51 2.74 3.05 3.28 3.16 3.17 3.44 3.46 3.24 2.92
2.66 2.44 2.25 2.08 1.83 1.83 1.79 1.76 1.84 2.08 2.21 2.22 2.03 1.77 1.30 1.05 0.94 0.70 0.46 0.30 0.22 0.20 0.18 0.20 0.15 0.12 0.05 0.15 0.25 0.29 0.29 0.22 0.10 0.03 0.02 0.01 -0.00 -0.00 -0.00 -0.00 -0.00 -0.00 -0.00 -0.00 -0.00 -0.00 -0.00 -0.00 -0.00 -0.00 -0.01 0.02 0.07 0.14 0.25 0.29 0.41 0.53 0.56 1.02 1.30 1.37 1.57 1.71 1.87 1.91 1.99 2.30 2.64 2.78 2.86 3.01 3.15 3.06 2.91 2.96 3.04
2.35 2.35 2.23 2.03 1.73 1.68 1.57 1.50 1.53 1.65 1.46 1.41 1.30 1.16 1.10 0.86 0.58 0.40 0.38 0.26 0.22 0.13 0.09 0.09 0.07 0.03 -0.02 0.03 0.08 0.08 0.08 0.02 0.02 0.02 -0.00 -0.00 -0.00 -0.00 -0.00 -0.00 -0.00 -0.00 -0.00 -0.00 -0.00 -0.00 -0.00 -0.00 -0.00 -0.00 -0.02 0.00 0.02 0.07 0.12 0.16 0.21 0.33 0.43 0.60 1.00 1.25 1.38 1.44 1.71 1.72 1.82 1.99 2.36 2.37 2.60 2.84 2.73 2.61 2.97 3.10 3.30
2.08 2.11 2.14 1.93 1.62 1.48 1.29 1.18 1.14 1.10 0.93 0.87 0.78 0.69 0.59 0.45 0.41 0.30 0.28 0.18 0.12 0.05 0.02 0.03 0.03 0.01 -0.00 -0.00 0.02 0.02 0.02 0.01 -0.00 -0.00 -0.00 -0.00 -0.00 -0.00 -0.00 -0.00 -0.00 -0.00 -0.00 -0.00 -0.00 -0.00 -0.00 -0.00 -0.00 -0.00 -0.00 -0.01 -0.01 0.03 0.04 0.04 0.08 0.14 0.32 0.52 0.74 1.03 1.22 1.30 1.58 1.63 1.72 1.86 2.21 2.39 2.58 2.50 2.44 2.33 2.63 3.02 2.98
1.98 1.77 1.82 1.68 1.39 1.22 0.90 0.75 0.74 0.64 0.50 0.46 0.37 0.26 0.16 0.10 0.04 0.03 0.05 0.03 0.02 0.02 -0.00 -0.01 0.02 0.01 -0.00 -0.00 -0.01 0.01 0.00 -0.00 -0.00 -0.00 -0.00 -0.00 -0.00 -0.00 -0.00 -0.00 -0.00 -0.00 -0.00 -0.00 -0.00 -0.00 -0.00 -0.00 -0.00 -0.00 -0.00 -0.00 -0.01 -0.00 0.02 0.01 0.00 0.04 0.17 0.35 0.58 0.82 1.06 1.21 1.37 1.57 1.64 1.81 2.01 2.23 2.31 2.51 2.38 2.47 2.87 3.18 2.95
1.68 1.56 1.49 1.31 1.04 0.81 0.56 0.47 0.38 0.25 0.19 0.16 0.08 0.04 0.02 0.02 -0.01 0.02 0.01 0.02 0.01 0.00 -0.00 -0.00 -0.00 -0.00 -0.00 -0.00 -0.00 -0.00 -0.00 -0.00 -0.00 -0.00 -0.00 -0.00 -0.00 -0.00 -0.00 -0.00 -0.00 -0.00 -0.00 -0.00 -0.00 -0.00 -0.00 -0.00 -0.00 -0.00 -0.00 -0.00 -0.00 -0.00 -0.00 -0.00 -0.01 -0.00 0.05 0.22 0.45 0.69 0.91 1.04 1.32 1.48 1.54 1.73 1.90 2.11 2.41 2.55 2.52 2.88 3.15 3.06 3.00
1.28 1.21 1.14 0.83 0.62 0.52 0.33 0.19 0.10 0.04 0.04 0.03 0.02 0.02 0.01 -0.00 -0.00 -0.00 -0.00 -0.00 -0.00 -0.00 -0.00 -0.00 -0.00 -0.00 -0.00 -0.00 -0.00 -0.00 -0.00 -0.00 -0.00 -0.00 -0.00 -0.00 -0.00 -0.00 -0.00 -0.00 -0.00 -0.00 -0.00 -0.00 -0.00 -0.00 -0.00 -0.00 -0.00 -0.00 -0.00 -0.00 -0.00 -0.00 -0.00 -0.00 -0.01 -0.00 0.02 0.13 0.39 0.62 0.74 0.99 1.21 1.35 1.38 1.59 1.80 2.06 2.18 2.41 2.61 2.83 2.98 3.02 3.16
1.04 0.83 0.74 0.58 0.46 0.34 0.17 0.08 0.02 0.02 0.01 0.00 -0.00 -0.00 -0.00 -0.00 -0.00 -0.00 -0.00 -0.00 -0.00 -0.00 -0.00 -0.00 -0.00 -0.00 -0.00 -0.00 -0.00 -0.00 -0.00 -0.00 -0.00 -0.00 -0.00 -0.00 -0.00 -0.00 -0.00 -0.00 -0.00 -0.00 -0.00 -0.00 -0.00 -0.00 -0.00 -0.00 -0.00 -0.00 -0.00 -0.00 -0.00 -0.00 -0.00 -0.00 -0.00 -0.02 -0.01 0.10 0.25 0.50 0.76 0.87 0.93 1.21 1.33 1.43 1.74 1.89 2.17 2.24 2.33 2.76 2.82 3.02 3.31
0.92 0.75 0.60 0.45 0.29 0.19 0.07 0.02 0.01 0.00 -0.00 -0.00 -0.00 -0.00 -0.00 -0.00 -0.00 -0.00 -0.00 -0.00 -0.00 -0.00 -0.00 -0.00 -0.00 -0.00 -0.00 -0.00 -0.00 -0.00 -0.00 -0.00 -0.00 -0.00 -0.00 -0.00 -0.00 -0.00 -0.00 -0.00 -0.00 -0.00 -0.00 -0.00 -0.00 -0.00 -0.00 -0.00 -0.00 -0.00 -0.00 -0.00 -0.00 -0.00 -0.00 -0.00 -0.00 -0.01 -0.01 0.06 0.19 0.38 0.65 0.79 0.97 1.07 1.25 1.46 1.53 1.70 1.93 2.13 2.34 2.41 2.61 2.92 3.13
0.92 0.76 0.52 0.35 0.17 0.07 0.03 0.02 0.00 -0.00 -0.00 -0.00 -0.00 -0.00 -0.00 -0.00 -0.00 -0.00 -0.00 -0.00 -0.00 -0.00 -0.00 -0.00 -0.00 -0.00 -0.00 -0.00 -0.00 -0.00 -0.00 -0.00 -0.00 -0.00 -0.00 -0.00 -0.00 -0.00 -0.00 -0.00 -0.00 -0.00 -0.00 -0.00 -0.00 -0.00 -0.00 -0.00 -0.00 -0.00 -0.00 -0.00 -0.00 -0.00 -0.00 -0.00 -0.00 -0.01 -0.02 0.05 0.17 0.37 0.59 0.81 0.88 0.95 1.15 1.30 1.47 1.53 1.86 1.91 1.99 2.22 2.45 2.60 2.73
0.94 0.77 0.53 0.23 0.09 0.03 0.02 0.00 -0.00 -0.00 -0.00 -0.00 -0.00 -0.00 -0.00 -0.00 -0.00 -0.00 -0.00 -0.00 -0.00 -0.00 -0.00 -0.00 -0.00 -0.00 -0.00 -0.00 -0.00 -0.00 -0.00 -0.00 -0.00 -0.00 -0.00 -0.00 -0.00 -0.00 -0.00 -0.00 -0.00 -0.00 -0.00 -0.00 -0.00 -0.00 -0.00 -0.00 -0.00 -0.00 -0.00 -0.00 -0.00 -0.00 -0.00 -0.00 0.00 0.01 -0.02 0.02 0.16 0.37 0.61 0.77 0.82 0.90 1.00 1.18 1.36 1.41 1.56 1.64 1.78 1.97 2.17 2.25 2.43
0.91 0.76 0.47 0.14 0.04 0.02 0.00 -0.00 -0.00 -0.00 -0.00 -0.00 -0.00 -0.00 -0.00 -0.00 -0.00 -0.00 -0.00 -0.00 -0.00 -0.00 -0.00 -0.00 -0.00 -0.00 -0.00 -0.00 -0.00 -0.00 -0.00 -0.00 -0.00 -0.00 -0.00 -0.00 -0.00 -0.00 -0.00 -0.00 -0.00 -0.00 -0.00 -0.00 -0.00 -0.00 -0.00 -0.00 -0.00 -0.00 -0.00 -0.00 -0.00 -0.00 -0.00 -0.00 -0.01 -0.00 0.02 0.04 0.17 0.39 0.62 0.60 0.64 0.87 0.90 0.94 1.20 1.28 1.51 1.47 1.65 1.82 1.99 2.01 2.18
0.71 0.56 0.27 0.07 0.02 0.01 -0.00 -0.00 -0.00 -0.00 -0.00 -0.00 -0.00 -0.00 -0.00 -0.00 -0.00 -0.00 -0.00 -0.00 -0.00 -0.00 -0.00 -0.00 -0.00 -0.00 -0.00 -0.00 -0.00 -0.00 -0.00 -0.00 -0.00 -0.00 -0.00 -0.00 -0.00 -0.00 -0.00 -0.00 -0.00 -0.00 -0.00 -0.00 -0.00 -0.00 -0.00 -0.00 -0.00 -0.00 -0.00 -0.00 -0.00 -0.00 -0.00 -0.00 -0.00 -0.02 0.00 0.12 0.26 0.36 0.54 0.59 0.62 0.66 0.76 0.83 1.07 1.22 1.55 1.40 1.52 1.59 1.70 1.78 2.06
0.46 0.34 0.13 0.02 0.01 -0.00 -0.00 -0.00 -0.00 -0.00 -0.00 -0.00 -0.00 -0.00 -0.00 -0.00 -0.00 -0.00 -0.00 -0.00 -0.00 -0.00 -0.00 -0.00 -0.00 -0.00 -0.00 -0.00 -0.00 -0.00 -0.00 -0.00 -0.00 -0.00 -0.00 -0.00 -0.00 -0.00 -0.00 -0.00 -0.00 -0.00 -0.00 -0.00 -0.00 -0.00 -0.00 -0.00 -0.00 -0.00 -0.00 -0.00 -0.00 -0.00 -0.00 -0.00 -0.01 -0.01 0.05 0.17 0.26 0.32 0.45 0.51 0.50 0.51 0.57 0.74 0.91 1.04 1.23 1.26 1.20 1.29 1.49 1.65 1.82
0.27 0.12 0.03 0.01 -0.00 -0.00 -0.00 -0.00 -0.00 -0.00 -0.00 -0.00 -0.00 -0.00 -0.00 -0.00 -0.00 -0.00 -0.00 -0.00 -0.00 -0.00 -0.00 -0.00 -0.00 -0.00 -0.00 -0.00 -0.00 -0.00 -0.00 -0.00 -0.00 -0.00 -0.00 -0.00 -0.00 -0.00 -0.00 -0.00 -0.00 -0.00 -0.00 -0.00 -0.00 -0.00 -0.00 -0.00 -0.00 -0.00 -0.00 -0.00 -0.00 -0.00 -0.00 -0.00 -0.01 0.01 0.04 0.19 0.27 0.31 0.44 0.50 0.49 0.42 0.46 0.58 0.73 0.89 1.00 1.04 1.10 1.13 1.26 1.46 1.70
0.07 0.02 0.02 0.00 -0.00 -0.00 -0.00 -0.00 -0.00 -0.00 -0.00 -0.00 -0.00 -0.00 -0.00 -0.00 -0.00 -0.00 -0.00 -0.00 -0.00 -0.00 -0.00 -0.00 -0.00 -0.00 -0.00 -0.00 -0.00 -0.00 -0.00 -0.00 -0.00 -0.00 -0.00 -0.00 -0.00 -0.00 -0.00 -0.00 -0.00 -0.00 -0.00 -0.00 -0.00 -0.00 -0.00 -0.00 -0.00 -0.00 -0.00 -0.00 -0.00 -0.00 -0.00 -0.00 -0.02 0.02 0.07 0.16 0.27 0.31 0.40 0.43 0.49 0.43 0.38 0.42 0.54 0.73 0.83 0.89 0.97 1.02 1.09 1.32 1.52
0.02 0.01 -0.00 -0.00 -0.00 -0.00 -0.00 -0.00 -0.00 -0.00 -0.00 -0.00 -0.00 -0.00 -0.00 -0.00 -0.00 -0.00 -0.00 -0.00 -0.00 -0.00 -0.00 -0.00 -0.00 -0.00 -0.00 -0.00 -0.00 -0.00 -0.00 -0.00 -0.00 -0.00 -0.00 -0.00 -0.00 -0.00 -0.00 -0.00 -0.00 -0.00 -0.00 -0.00 -0.00 -0.00 -0.00 -0.00 -0.00 -0.00 -0.00 -0.00 -0.00 -0.00 -0.00 -0.00 -0.01 0.01 0.05 0.13 0.23 0.24 0.32 0.44 0.50 0.52 0.39 0.38 0.38 0.51 0.73 0.80 0.86 0.99 1.10 1.13 1.27
