QPF/QPF_202208082200-140.txt
ncols 525
nrows 625
xllcorner -31082
yllcorner 11395
cellsize 1000.0
NODATA_value -9999.0
[rows 190 to 227 of 625, columns 168 to 251 of 525]
0.15 0.19 0.24 0.20 0.21 0.24 0.23 0.11 0.16 0.22 0.30 0.45 0.39 0.45 0.47 0.36 0.43 0.89 0.95 1.08 1.09 1.73 1.89 2.04 2.20 2.16 2.33 3.05 4.06 4.66 6.40 10.33 15.44 20.24 25.30 30.71 35.28 39.45 40.26 40.45 39.19 36.25 34.94 31.73 28.83 27.45 25.91 22.42 20.69 17.46 18.78 17.44 18.06 18.71 20.25 23.11 25.69 24.49 23.58 21.58 21.48 18.95 16.24 11.08 7.45 6.12 4.14 3.27 2.99 2.37 2.35 1.79 1.56 1.52 1.33 1.35 1.19 1.32 1.50 1.87 2.03 2.74 3.53 4.50
0.12 0.17 0.21 0.27 0.32 0.33 0.32 0.19 0.26 0.35 0.40 0.49 0.51 0.69 0.67 0.59 0.58 0.98 0.99 1.26 1.31 2.10 2.31 2.66 2.90 3.02 3.72 5.44 7.24 11.32 17.35 24.97 31.81 36.97 40.09 43.99 46.86 50.78 51.45 51.23 50.03 46.26 44.85 40.90 36.68 31.27 29.49 26.47 24.63 21.79 22.31 20.60 20.80 22.25 23.46 25.70 29.28 27.76 26.27 23.59 21.50 18.38 16.08 12.29 10.03 6.60 5.48 4.14 3.67 2.96 2.99 2.15 2.52 1.99 1.90 1.99 1.79 1.97 2.21 2.50 2.85 3.49 3.56 4.13
0.07 0.16 0.20 0.29 0.37 0.42 0.35 0.36 0.35 0.43 0.43 0.60 0.62 0.99 0.96 0.88 0.82 1.23 1.12 1.56 1.61 2.41 2.78 3.06 3.59 4.15 5.70 8.24 14.71 22.09 28.95 37.81 44.47 51.73 53.48 57.62 60.96 66.02 67.38 67.31 65.09 59.02 53.58 47.29 39.42 33.02 29.73 27.10 24.77 22.08 22.79 19.25 22.03 23.26 24.76 27.65 30.06 25.76 24.16 21.63 20.68 18.29 16.03 11.96 8.99 6.28 5.27 4.20 3.84 3.63 3.66 3.01 2.83 2.45 2.32 2.18 2.17 2.43 2.22 3.01 3.43 3.53 4.22 5.24
0.29 0.44 0.56 0.70 0.83 0.83 0.64 0.71 0.70 0.73 0.73 0.85 0.92 1.08 1.14 1.13 0.97 1.44 1.31 1.68 1.86 2.72 2.93 3.59 4.44 6.91 10.05 17.91 23.10 33.42 39.19 46.20 54.97 62.74 64.83 67.01 68.88 71.93 72.09 73.73 70.91 63.40 55.35 46.96 39.90 32.31 29.30 28.07 25.39 20.16 20.92 19.28 22.21 20.91 22.88 25.02 26.76 23.75 21.33 19.97 20.17 19.23 15.88 12.42 10.77 7.03 5.14 4.61 4.71 4.37 4.29 3.74 3.59 2.73 2.62 3.28 3.02 3.36 3.28 3.29 3.73 3.54 4.17 4.33
0.53 0.66 0.73 0.88 1.03 1.00 0.76 0.98 0.87 0.84 0.96 0.97 1.07 1.23 1.29 1.40 1.24 1.76 1.46 1.85 2.12 3.10 3.30 4.65 6.22 10.53 15.37 22.66 30.07 42.24 48.24 55.96 63.91 71.71 73.95 74.13 75.13 76.57 74.55 73.29 71.32 63.48 57.14 50.56 40.93 33.26 29.76 28.30 22.64 18.72 20.03 18.23 21.40 21.15 22.52 25.32 27.67 25.47 23.03 20.78 20.24 18.46 16.31 12.19 10.45 6.79 5.50 4.58 4.65 4.48 4.75 4.11 3.93 3.10 3.41 3.91 3.55 3.59 3.54 4.20 3.49 3.09 4.18 4.01
0.60 0.72 0.67 0.83 0.84 0.88 0.80 0.95 1.00 0.88 0.82 0.87 0.96 1.08 1.16 1.22 1.23 1.90 1.69 2.20 2.15 3.39 4.08 5.56 7.59 14.46 19.65 31.43 38.22 49.31 56.93 63.19 70.66 74.01 75.37 77.20 78.22 76.66 73.54 71.57 65.43 55.65 49.90 42.83 35.89 28.18 23.26 19.95 17.53 15.78 17.97 16.03 17.07 17.35 16.21 19.02 20.21 20.92 22.09 19.14 18.27 17.84 13.91 12.73 9.29 7.53 5.77 5.17 5.22 4.87 5.75 5.23 4.63 3.87 4.30 4.39 4.40 4.39 3.70 3.73 3.48 3.57 3.61 3.41
0.84 0.95 0.89 1.00 1.01 0.96 0.92 1.00 1.02 0.99 0.94 1.17 1.20 1.22 1.30 1.43 1.29 2.10 1.82 2.66 2.37 3.53 4.51 6.22 8.45 16.40 22.16 33.22 40.20 49.84 58.07 64.51 71.41 74.12 75.64 76.98 77.03 73.69 71.93 69.99 62.52 50.81 45.87 38.58 31.15 25.00 21.72 17.54 15.21 13.50 14.07 13.94 14.56 14.28 15.40 15.58 17.04 18.48 19.66 19.25 17.66 18.47 15.22 13.16 10.80 7.59 5.84 5.96 5.80 5.27 6.13 5.25 5.17 4.59 5.08 4.91 4.95 4.46 4.11 4.13 3.36 3.30 3.81 3.53
1.14 1.25 1.17 1.25 1.32 1.20 1.11 1.16 1.10 1.18 1.18 1.25 1.35 1.46 1.50 1.44 1.30 1.80 1.98 2.53 2.33 4.18 5.21 7.49 9.29 17.73 23.55 32.86 38.37 48.03 55.89 61.92 67.05 70.59 67.75 69.88 69.64 64.19 61.61 58.50 54.94 44.39 40.01 32.05 25.80 20.61 17.15 14.42 11.36 10.50 11.75 12.23 13.42 13.23 14.24 14.35 14.74 16.14 17.81 19.43 19.43 20.81 17.09 13.13 10.81 8.06 7.56 7.04 6.32 5.74 6.51 6.13 5.91 5.80 6.09 5.79 5.80 4.94 4.49 3.79 3.12 3.26 3.60 2.82
1.36 1.39 1.31 1.44 1.51 1.30 1.14 1.30 1.27 1.44 1.32 1.45 1.46 1.41 1.45 1.60 1.49 2.08 2.13 2.79 2.45 4.30 5.40 8.19 8.98 15.90 19.37 28.94 32.37 41.46 47.63 53.58 58.99 60.22 60.95 60.33 59.53 55.39 52.85 47.89 45.55 37.67 34.45 26.80 19.41 16.53 14.51 10.97 9.74 8.62 9.06 8.80 9.46 8.83 9.56 10.61 11.29 12.26 14.34 17.35 17.86 19.03 16.41 13.40 13.76 10.48 8.98 7.45 7.63 6.60 7.14 6.86 6.71 6.66 6.06 4.79 5.92 4.16 3.32 3.17 3.32 2.39 2.80 2.31
2.32 2.41 2.23 2.25 2.19 1.99 1.93 1.75 1.70 2.02 1.71 1.76 1.80 1.83 1.82 1.79 1.75 2.41 2.59 3.15 3.03 4.82 5.89 8.72 10.47 17.26 19.92 27.86 32.65 40.48 43.48 49.42 54.14 55.22 55.67 55.86 53.45 49.24 46.90 41.14 38.15 31.48 25.68 20.85 15.73 13.04 11.60 8.95 8.14 7.38 7.21 6.92 6.66 6.52 7.00 9.09 10.25 11.06 13.01 13.52 14.07 14.38 15.45 13.43 14.50 11.59 8.68 7.60 7.70 7.34 7.23 4.92 5.01 5.60 5.67 5.92 5.13 4.67 5.13 4.10 3.48 2.86 3.02 2.87
2.40 2.50 2.50 2.51 2.57 2.32 2.12 2.03 1.83 2.08 1.84 1.86 1.68 1.78 1.87 1.75 1.84 2.43 2.87 3.43 3.23 4.88 6.26 8.43 10.20 15.39 17.77 23.88 27.54 35.51 38.27 43.53 47.18 45.78 46.35 46.71 45.16 37.30 33.63 29.86 28.99 21.32 18.92 15.62 12.77 10.24 9.65 7.90 7.39 5.86 5.82 5.52 6.08 6.29 6.32 7.80 8.97 10.77 12.48 13.28 11.84 14.65 14.31 13.31 14.46 11.28 9.67 7.61 8.93 8.03 9.01 6.21 5.96 6.17 5.14 5.05 5.16 4.62 4.40 4.08 3.92 3.24 3.42 2.57
2.60 2.77 2.76 2.76 2.78 2.48 2.28 2.28 2.09 2.13 2.05 2.08 1.97 2.20 2.19 2.24 2.15 2.99 3.18 3.86 4.09 5.41 6.83 7.89 8.96 12.41 14.88 19.45 23.28 27.93 31.40 33.10 34.41 33.58 31.17 29.34 28.18 24.65 20.87 18.16 18.35 13.84 12.76 10.93 9.17 7.80 8.04 6.67 6.59 5.02 4.66 3.96 3.73 4.12 4.26 6.24 6.47 7.41 8.32 12.01 13.26 12.16 12.26 12.17 12.70 10.89 10.02 7.14 8.21 7.63 8.14 5.22 4.32 4.30 4.47 3.84 3.22 2.69 3.00 3.15 3.00 2.17 1.92 1.92
2.78 3.09 3.02 3.06 2.94 2.62 2.45 2.34 2.23 2.42 2.15 2.15 2.04 2.50 2.29 2.44 2.33 3.36 3.67 4.37 4.64 6.12 7.37 8.93 9.39 11.88 13.00 16.00 19.28 23.59 26.88 27.28 27.77 25.07 21.85 21.76 21.46 18.20 17.02 15.23 14.22 11.29 9.66 9.02 7.64 6.03 5.60 5.18 4.93 4.67 4.72 4.11 3.38 3.37 4.36 5.24 6.00 7.71 7.15 8.64 8.71 10.53 11.29 10.17 10.07 9.71 9.97 7.07 7.02 7.51 6.31 5.31 4.66 4.08 4.50 4.07 3.30 3.02 3.21 2.87 1.81 1.35 1.83 1.96
2.66 2.96 2.90 2.98 2.78 2.05 1.91 1.70 1.60 1.75 1.81 1.65 1.56 1.48 1.27 1.44 1.51 2.62 3.33 4.02 4.57 6.01 7.29 8.39 8.89 9.86 10.24 11.95 13.77 15.77 16.86 17.89 17.21 16.62 15.82 15.48 15.50 13.75 11.31 10.88 10.40 8.50 7.28 5.93 5.02 4.50 4.32 3.88 3.89 3.40 3.31 3.07 2.99 3.24 3.11 3.47 4.15 4.82 5.36 7.12 7.27 9.29 11.24 10.37 10.62 10.50 12.19 8.98 8.12 6.60 6.37 5.34 4.20 3.52 3.46 2.42 2.10 1.98 2.05 1.54 1.80 0.95 1.15 0.82
2.82 2.97 2.94 2.68 2.44 1.86 1.86 1.45 1.42 1.67 1.70 1.64 1.66 1.62 1.57 1.69 1.62 2.72 3.23 3.98 4.53 5.93 6.76 7.75 8.27 9.09 9.68 11.31 13.49 14.60 15.53 16.99 15.68 14.93 13.85 13.58 13.76 12.44 10.99 10.11 8.77 6.98 6.61 5.03 4.50 4.01 4.08 4.33 4.02 3.47 2.79 2.40 2.79 2.81 2.93 3.29 4.72 5.25 5.79 6.78 7.26 9.09 10.40 8.89 10.46 9.30 8.47 8.13 6.56 5.82 5.16 4.35 4.21 3.93 3.87 2.75 3.14 1.99 2.02 2.04 1.61 1.02 1.13 1.44
3.12 2.80 2.42 2.30 2.16 1.67 1.55 1.56 1.36 1.48 1.65 1.95 2.04 2.42 2.38 2.30 2.01 3.04 3.46 4.26 4.81 5.45 6.11 7.39 7.89 8.35 9.43 10.34 11.49 13.49 13.03 14.09 13.32 12.58 11.87 12.52 11.85 10.84 9.31 6.50 6.98 5.03 4.66 5.01 4.05 3.29 3.12 3.25 3.28 2.79 2.85 2.50 2.20 2.21 2.58 2.48 2.81 3.97 5.41 5.86 6.94 7.91 8.15 8.11 8.59 7.20 6.36 6.47 5.52 4.68 4.85 4.76 3.85 3.31 3.33 2.73 2.05 0.78 1.96 1.77 1.71 1.25 1.27 0.65
3.98 3.41 2.84 2.52 2.09 1.48 1.52 1.38 1.33 1.60 1.73 1.81 2.09 2.47 2.56 2.53 2.44 3.40 3.96 4.69 5.22 5.76 6.12 7.00 7.61 8.77 9.77 10.50 11.27 11.63 12.81 13.30 14.17 12.27 12.20 11.11 10.38 10.20 8.84 6.97 6.22 5.04 5.22 3.94 3.35 3.41 3.74 3.53 3.23 2.66 2.57 2.11 2.35 2.67 2.76 2.57 2.97 3.86 3.95 5.81 6.16 7.71 7.18 8.43 9.59 7.06 6.64 5.53 5.47 4.72 4.28 4.23 3.50 3.15 2.64 1.80 2.67 1.60 1.71 2.43 2.02 1.24 1.55 0.88
4.36 3.46 2.96 2.85 2.41 1.93 1.96 1.82 1.66 2.03 2.28 2.31 2.58 3.09 3.48 3.44 3.61 3.89 4.04 4.47 4.92 5.58 6.02 7.16 7.96 8.86 9.73 9.75 10.09 10.85 10.64 13.28 13.36 11.70 11.96 9.66 8.71 8.13 6.99 7.03 5.87 5.18 4.63 4.23 3.90 3.44 3.15 3.17 3.08 2.56 2.50 2.31 2.15 2.55 2.44 2.90 3.42 4.50 4.73 6.05 7.86 7.98 6.92 9.20 9.29 7.07 5.82 5.35 4.62 4.35 3.59 3.53 2.34 2.56 2.61 1.76 2.42 1.30 1.56 1.84 1.56 1.47 1.88 1.02
4.91 3.57 3.15 3.08 2.45 2.05 1.91 1.83 1.68 1.77 1.87 2.23 2.41 2.94 3.43 3.64 3.68 3.97 4.35 4.50 4.84 5.39 6.12 7.14 8.21 9.05 9.58 10.03 10.53 10.37 10.98 12.64 12.23 11.06 10.03 10.58 9.29 9.09 7.39 7.08 6.49 5.71 5.31 3.61 4.27 3.76 3.67 3.25 3.23 2.99 2.96 2.86 2.64 2.97 3.41 4.32 5.09 5.62 6.56 7.64 8.58 8.76 9.69 10.73 10.99 9.24 7.55 6.38 5.97 5.37 4.72 3.87 2.70 2.46 2.43 2.08 2.23 1.30 1.56 1.81 2.03 1.99 1.90 1.32
5.18 3.53 2.93 3.24 2.64 1.89 1.69 1.60 1.60 1.67 1.94 2.17 2.38 2.59 2.94 3.46 3.68 4.46 4.34 4.26 4.92 5.61 5.76 6.79 7.50 8.18 8.78 9.20 9.96 10.24 11.26 10.91 10.79 10.14 9.31 10.59 8.31 8.61 8.53 8.10 7.11 4.94 4.91 4.25 4.18 3.67 3.53 3.42 3.36 3.31 3.26 3.40 3.61 4.18 5.05 6.42 7.06 7.67 7.71 8.68 8.73 9.90 11.24 12.43 13.27 10.81 8.42 7.29 7.51 6.06 4.38 3.96 3.44 2.72 2.67 2.07 2.30 1.91 2.10 2.50 3.27 2.51 2.77 2.85
5.29 3.44 2.92 3.32 2.72 2.06 1.62 1.68 1.58 1.75 2.03 2.14 2.35 2.60 2.88 3.45 3.57 4.35 4.67 4.04 4.13 5.24 5.82 6.95 7.55 7.34 7.78 8.38 8.56 9.84 10.56 9.96 10.15 8.86 7.80 7.77 6.98 7.79 7.53 7.25 7.52 6.12 4.95 3.52 4.58 3.83 3.25 3.25 3.11 3.27 3.25 3.53 3.69 4.71 6.16 7.66 8.60 10.07 11.05 11.02 10.18 12.02 14.52 17.03 15.29 12.29 10.42 7.49 7.20 6.23 5.31 4.78 3.27 2.53 2.80 2.12 2.18 1.69 1.85 2.37 2.99 3.04 3.38 3.82
5.79 3.62 3.31 3.47 2.78 2.35 1.75 1.84 1.67 1.66 1.87 2.16 2.33 2.93 3.15 3.75 4.12 4.81 5.13 4.78 4.93 5.27 5.52 6.76 7.53 7.04 6.80 7.04 7.34 7.98 7.88 7.69 8.42 6.99 7.00 4.34 5.23 6.33 6.01 5.88 5.83 4.82 4.79 4.42 3.58 3.54 3.88 3.87 4.01 4.66 4.93 4.67 5.80 7.28 8.37 9.98 12.84 14.77 16.36 14.13 13.35 17.44 17.49 19.92 21.46 19.86 16.22 12.40 11.35 8.55 6.86 4.75 4.18 3.42 4.09 3.50 3.46 3.35 3.96 4.54 4.92 6.00 6.94 6.93
5.62 3.76 2.97 3.27 2.70 2.45 1.78 1.92 1.68 1.91 2.19 2.22 2.23 2.64 2.75 3.00 3.77 4.69 4.78 4.25 4.69 4.42 5.18 5.95 6.87 6.83 6.74 6.90 6.44 7.84 6.83 7.71 6.94 5.94 5.55 5.16 4.94 5.12 5.21 4.70 4.19 4.50 4.38 3.90 3.83 3.78 3.70 3.90 4.81 5.08 5.49 5.07 6.77 9.80 10.58 12.86 16.07 19.87 21.22 17.46 17.75 19.67 19.04 21.80 22.90 22.89 17.08 12.48 11.82 8.36 7.14 5.47 4.11 3.24 3.14 3.44 3.88 3.90 4.86 4.49 6.48 7.24 6.75 7.86
4.86 3.05 3.11 2.69 2.75 2.23 1.94 1.86 1.65 1.69 1.74 1.69 2.01 2.56 2.56 2.75 3.29 4.24 4.08 3.99 4.03 4.11 4.60 5.22 6.07 5.67 6.02 5.67 6.01 6.53 6.25 5.31 5.62 4.86 5.35 4.51 4.40 5.04 5.01 5.03 4.73 4.41 4.19 4.08 4.46 5.06 5.27 5.86 6.76 6.98 7.62 7.87 10.65 13.35 14.63 17.91 20.85 22.29 24.48 23.00 21.19 25.38 25.23 26.85 25.43 20.73 18.68 17.04 15.44 9.94 7.24 6.48 4.78 4.84 5.50 5.33 5.85 5.57 7.20 6.86 8.03 10.10 9.30 11.01
4.64 3.13 2.89 2.71 2.06 2.29 2.18 2.29 1.94 1.59 1.53 1.64 1.67 2.40 2.60 2.56 2.67 3.22 4.21 3.81 3.93 3.98 3.77 4.22 4.79 4.99 5.52 6.08 5.64 5.59 5.81 5.01 4.48 4.42 4.66 4.31 4.66 4.31 4.55 4.50 4.15 4.34 4.57 4.66 5.48 6.00 6.14 6.49 7.57 7.00 8.19 11.79 16.04 18.74 19.60 22.22 24.57 26.30 26.65 24.24 22.69 25.65 24.30 22.52 18.01 15.62 17.39 14.32 12.70 7.94 7.31 5.52 4.51 4.08 3.79 4.88 5.23 5.80 6.11 7.14 8.71 11.13 11.25 12.88
3.67 2.89 2.95 2.99 2.59 2.27 1.88 1.85 1.75 1.25 1.37 1.41 1.44 2.23 2.31 2.11 2.40 2.74 2.74 3.40 3.16 3.14 3.61 3.55 4.01 4.22 4.52 4.70 5.24 5.39 4.48 4.34 4.79 4.37 4.41 4.44 4.26 4.69 4.31 4.39 4.41 4.70 4.79 5.16 6.86 6.79 7.13 8.30 10.20 11.79 14.24 20.78 23.46 27.23 27.30 28.78 31.53 31.87 30.41 24.06 22.76 21.93 18.84 16.61 16.64 15.19 14.64 13.47 9.77 7.23 5.43 4.84 3.85 3.69 3.70 4.50 5.09 5.46 6.14 7.00 9.02 11.00 11.41 13.69
3.70 3.20 2.90 2.96 2.25 2.53 2.25 1.78 1.71 1.51 1.35 1.55 1.83 2.14 1.90 1.98 2.18 2.58 3.06 2.64 2.77 2.73 3.17 3.48 3.60 4.00 4.43 4.43 5.26 4.62 5.28 4.80 4.69 4.36 4.36 4.51 4.51 4.37 4.32 4.57 4.26 5.11 5.18 6.02 7.40 8.49 8.96 10.26 11.68 14.99 19.57 25.15 28.49 32.97 31.51 30.89 29.94 27.74 26.45 21.66 20.66 20.01 17.48 16.13 13.70 9.49 9.16 8.28 6.78 5.36 4.47 3.67 3.25 3.24 2.84 3.25 4.20 5.57 6.15 6.91 8.84 10.25 11.31 11.51
3.94 2.98 2.89 3.24 3.04 2.62 2.28 2.16 2.18 1.47 1.56 1.51 1.47 1.86 2.02 2.00 1.87 2.07 2.54 2.44 2.56 2.66 3.14 3.20 3.24 2.83 3.47 4.86 4.73 4.34 4.66 5.72 5.04 4.58 4.63 4.52 4.86 4.50 4.03 4.25 4.50 4.64 5.26 7.00 8.17 10.25 11.26 13.30 15.51 19.71 25.10 32.52 34.68 38.84 36.95 34.57 30.75 24.82 21.92 20.33 17.82 15.62 14.79 11.92 9.85 6.05 6.14 5.72 4.89 3.86 3.76 3.45 3.12 2.75 3.09 3.99 5.01 5.52 6.69 7.16 9.01 10.42 10.30 11.60
3.38 2.78 2.82 3.44 2.74 2.70 2.44 1.95 1.91 1.70 1.82 1.69 1.69 2.17 1.96 2.17 2.16 1.88 2.14 2.31 2.12 2.45 2.69 3.11 3.08 3.37 3.69 4.28 3.98 5.09 5.43 4.76 5.01 4.63 4.02 4.29 4.50 4.38 4.10 4.06 4.55 4.82 5.35 6.51 7.82 10.22 13.21 15.67 18.85 21.98 27.18 32.33 35.79 39.79 37.74 36.06 29.84 23.46 21.64 19.28 16.98 12.52 11.64 9.55 7.67 5.10 4.81 4.24 3.78 3.37 2.92 2.78 2.37 2.11 2.30 3.13 4.35 4.72 5.37 6.60 7.68 9.67 9.47 9.79
3.04 2.73 2.46 2.82 2.66 2.53 2.39 1.92 2.15 1.57 1.69 1.43 1.46 2.02 2.33 2.10 2.00 2.18 2.29 1.86 2.06 2.49 2.77 3.28 3.11 2.98 3.04 3.74 4.00 4.79 4.84 4.91 4.72 3.98 4.22 4.15 4.51 4.74 4.47 4.33 5.19 5.29 6.73 7.04 8.70 11.48 15.18 19.45 24.60 29.58 34.02 37.14 39.84 41.05 37.03 33.85 25.72 17.40 14.32 12.84 11.44 8.64 6.94 6.44 5.44 4.56 4.16 3.62 3.29 2.83 2.92 2.86 2.72 2.77 3.10 3.41 4.15 5.06 5.39 6.72 7.28 9.06 8.62 9.27
3.36 2.64 2.74 3.21 2.72 2.92 2.77 2.47 2.41 1.66 1.68 1.72 1.62 2.06 2.07 2.12 2.01 2.11 2.28 1.94 1.83 1.84 2.28 2.96 3.05 3.03 3.29 3.91 3.82 4.22 4.51 4.49 4.25 3.98 3.72 4.21 4.68 4.02 4.07 4.01 4.65 5.51 6.32 7.00 8.91 11.57 14.45 20.63 25.58 29.96 33.93 37.21 39.06 36.53 31.88 27.54 21.24 13.43 11.36 9.90 8.92 6.30 5.75 4.93 4.19 3.92 3.54 3.06 2.76 2.45 2.57 2.67 2.47 2.72 2.83 3.24 3.63 4.75 4.73 5.67 6.01 7.38 7.33 7.31
3.51 2.58 2.69 3.45 3.31 3.21 3.16 2.77 3.10 2.25 2.21 1.82 1.84 2.20 2.30 2.24 1.73 1.77 1.71 1.55 1.32 1.51 1.80 2.25 2.50 2.88 3.28 3.32 3.73 3.83 4.21 4.15 4.10 3.95 3.65 4.19 4.45 4.16 3.92 4.36 4.70 5.52 6.52 7.60 8.84 12.86 16.31 21.50 26.83 30.82 32.86 36.13 36.79 30.73 25.59 22.62 17.10 9.42 7.73 7.04 6.17 4.50 4.29 3.79 3.45 3.18 3.03 2.75 2.37 2.04 2.18 2.30 2.17 2.38 2.67 2.86 2.94 3.76 3.93 4.91 4.97 5.87 6.07 6.14
3.63 3.70 3.42 3.31 3.35 3.26 3.13 2.68 3.17 2.70 2.58 1.90 1.96 2.22 2.07 1.95 1.44 1.54 1.70 1.11 1.11 1.33 1.53 1.92 2.04 2.36 2.84 3.03 2.70 3.25 3.97 4.15 4.26 4.19 4.02 4.19 4.33 3.97 3.88 3.85 4.30 5.59 6.79 7.80 9.37 13.94 18.71 24.17 30.03 31.86 33.32 36.00 34.64 27.78 23.25 19.65 15.14 7.69 6.14 5.57 4.58 3.53 3.30 3.10 2.79 2.68 2.54 2.38 2.00 1.64 1.81 1.88 1.85 2.07 2.22 2.41 2.47 2.93 3.09 3.60 3.84 4.52 4.32 4.22
3.54 2.94 2.32 2.92 3.30 3.13 2.91 3.25 3.19 3.18 3.47 2.80 2.62 2.20 2.44 2.21 1.97 1.66 1.57 1.60 1.67 1.59 1.76 1.88 2.47 2.74 2.77 3.46 3.62 4.07 4.63 4.92 4.58 4.69 4.53 4.80 4.68 4.34 4.41 4.19 4.40 5.86 6.47 7.48 9.31 14.24 19.78 25.77 30.63 29.75 30.03 30.09 27.93 19.08 14.20 10.66 8.37 4.31 3.79 2.87 2.48 2.08 1.96 1.93 1.61 1.61 1.73 1.41 1.25 1.08 1.14 1.17 1.20 1.37 1.51 1.69 1.80 2.00 2.09 2.11 2.27 2.92 3.02 3.15
3.33 2.30 2.57 3.14 3.32 3.19 3.15 2.98 3.27 3.58 3.43 3.29 3.18 3.18 3.05 2.60 2.52 2.13 1.67 1.83 1.64 1.89 2.02 2.19 2.50 2.91 2.94 3.50 3.49 4.45 4.95 4.69 4.71 4.93 4.87 4.86 4.92 4.24 4.36 4.30 4.80 5.92 6.93 7.82 9.43 14.94 19.58 27.47 32.91 30.89 29.98 29.86 27.38 17.83 12.77 8.61 6.74 3.87 3.32 2.66 2.23 1.92 1.75 1.70 1.49 1.59 1.62 1.35 1.14 1.03 1.15 1.05 1.14 1.33 1.41 1.65 1.66 1.74 1.83 1.87 1.97 2.63 2.72 2.80
3.21 2.34 2.83 2.36 1.84 2.00 2.04 2.06 2.34 3.22 3.24 3.45 3.52 3.04 3.08 2.48 2.27 2.85 2.70 2.65 2.68 2.73 3.55 3.38 3.72 4.39 4.86 5.63 5.57 6.50 6.21 6.10 5.92 5.87 5.69 5.08 4.68 4.89 4.95 4.54 4.41 5.80 7.34 8.22 10.02 17.10 22.00 29.66 35.03 29.23 27.46 25.10 21.64 12.61 8.71 5.69 4.47 2.95 2.59 2.08 1.86 1.61 1.53 1.47 1.38 1.49 1.50 1.21 1.11 0.80 0.80 0.67 0.71 0.88 0.89 1.27 1.28 1.29 1.28 1.33 1.41 1.90 1.96 1.98
3.42 2.08 2.36 1.61 1.49 1.74 1.70 2.18 2.50 3.50 3.71 3.70 3.39 3.35 3.21 3.27 3.23 3.61 3.35 3.47 3.96 4.83 4.82 5.81 5.66 6.03 6.95 6.70 7.03 8.20 8.01 7.64 7.18 6.33 6.42 5.88 5.47 5.28 5.09 4.58 4.55 6.68 7.43 8.60 10.95 18.65 22.58 28.43 32.40 26.41 23.63 20.42 16.21 8.56 6.91 3.78 3.06 2.55 2.27 1.90 1.72 1.45 1.36 1.39 1.32 1.40 1.42 1.18 1.01 0.78 0.83 0.73 0.74 0.90 0.96 1.06 1.04 1.10 1.09 1.11 1.12 1.47 1.50 1.73
3.16 2.54 2.87 1.98 1.68 1.51 1.41 1.91 1.83 2.99 3.66 3.09 3.01 2.60 3.02 3.02 3.11 3.53 3.23 4.32 4.79 5.84 5.61 6.56 7.02 7.42 8.72 9.16 9.19 10.19 8.37 7.79 6.93 5.89 5.88 5.21 5.25 4.82 4.80 4.47 4.16 6.52 7.46 8.34 10.58 18.39 21.47 25.73 29.19 20.75 18.57 13.94 10.33 6.05 4.52 3.17 2.50 1.92 1.66 1.45 1.32 1.21 1.24 1.24 1.22 1.28 1.33 1.13 1.03 0.83 0.88 0.71 0.76 0.86 0.82 1.04 1.01 1.01 0.96 1.04 1.02 1.10 1.06 1.06
