QPF/QPF_202208082200-50.txt
ncols 525
nrows 625
xllcorner -31082
yllcorner 11395
cellsize 1000.0
NODATA_value -9999.0
[rows 238 to 271 of 625, columns 385 to 461 of 525]
0.13 0.09 0.13 0.14 0.25 0.25 0.18 0.22 0.21 0.25 0.30 0.28 0.28 0.28 0.33 0.36 0.37 0.40 0.37 0.41 0.39 0.33 0.26 0.21 0.22 0.26 0.32 0.29 0.29 0.31 0.34 0.41 0.46 0.39 0.36 0.32 0.24 0.21 0.24 0.31 0.45 0.42 0.38 0.37 0.27 0.22 0.08 0.06 0.01 -0.01 -0.00 -0.00 -0.00 -0.00 -0.00 -0.00 -0.00 -0.00 -0.00 -0.00 -0.00 -0.00 -0.00 -0.00 -0.00 -0.00 -0.00 -0.00 -0.00 -0.00 -0.00 -0.00 -0.00 -0.00 -0.00 -0.00 -0.00
0.12 0.11 0.17 0.13 0.27 0.21 0.19 0.19 0.24 0.30 0.28 0.28 0.28 0.30 0.35 0.35 0.34 0.36 0.38 0.37 0.35 0.27 0.23 0.18 0.21 0.27 0.26 0.29 0.25 0.28 0.33 0.36 0.42 0.43 0.33 0.28 0.23 0.18 0.25 0.27 0.42 0.43 0.36 0.34 0.23 0.15 0.05 0.01 -0.01 -0.01 -0.00 -0.00 -0.00 -0.00 -0.00 -0.00 -0.00 -0.00 -0.00 -0.00 -0.00 -0.00 -0.00 -0.00 -0.00 -0.00 -0.00 -0.00 -0.00 -0.00 -0.00 -0.00 -0.00 -0.00 -0.00 -0.00 -0.00
0.15 0.12 0.17 0.18 0.23 0.25 0.22 0.24 0.25 0.30 0.28 0.22 0.27 0.28 0.31 0.30 0.32 0.35 0.39 0.36 0.37 0.27 0.25 0.17 0.23 0.28 0.24 0.27 0.26 0.33 0.38 0.38 0.38 0.33 0.28 0.19 0.19 0.18 0.28 0.32 0.42 0.41 0.35 0.29 0.23 0.11 0.04 0.00 -0.01 -0.01 -0.00 -0.00 -0.00 -0.00 -0.00 -0.00 -0.00 -0.00 -0.00 -0.00 -0.00 -0.00 -0.00 -0.00 -0.00 -0.00 -0.00 -0.00 -0.00 -0.00 -0.00 -0.00 -0.00 -0.00 -0.00 -0.00 -0.00
0.15 0.16 0.15 0.17 0.21 0.21 0.21 0.23 0.24 0.27 0.29 0.28 0.27 0.29 0.39 0.38 0.34 0.34 0.36 0.36 0.32 0.28 0.24 0.16 0.18 0.14 0.19 0.20 0.24 0.25 0.32 0.35 0.38 0.31 0.28 0.25 0.24 0.23 0.28 0.39 0.42 0.40 0.33 0.27 0.20 0.10 0.03 -0.00 -0.00 -0.00 -0.00 -0.00 -0.00 -0.00 -0.00 -0.00 -0.00 -0.00 -0.00 -0.00 -0.00 -0.00 -0.00 -0.00 -0.00 -0.00 -0.00 -0.00 -0.00 -0.00 -0.00 -0.00 -0.00 -0.00 -0.00 -0.00 -0.00
0.14 0.14 0.13 0.17 0.25 0.24 0.30 0.25 0.26 0.25 0.23 0.27 0.32 0.35 0.36 0.37 0.35 0.34 0.32 0.35 0.35 0.30 0.27 0.20 0.19 0.15 0.17 0.20 0.22 0.27 0.35 0.40 0.38 0.37 0.31 0.24 0.23 0.28 0.31 0.43 0.49 0.40 0.32 0.24 0.16 0.09 0.02 0.00 -0.00 -0.00 -0.00 -0.00 -0.00 -0.00 -0.00 -0.00 -0.00 -0.00 -0.00 -0.00 -0.00 -0.00 -0.00 -0.00 -0.00 -0.00 -0.00 -0.00 -0.00 -0.00 -0.00 -0.00 -0.00 -0.00 -0.00 -0.00 -0.00
0.07 0.09 0.12 0.15 0.24 0.24 0.21 0.17 0.19 0.21 0.26 0.29 0.33 0.37 0.35 0.36 0.34 0.33 0.38 0.38 0.38 0.31 0.27 0.23 0.19 0.14 0.14 0.18 0.20 0.23 0.26 0.35 0.37 0.34 0.35 0.34 0.33 0.33 0.39 0.44 0.50 0.43 0.29 0.21 0.10 0.06 0.02 0.01 -0.00 -0.00 -0.00 -0.00 -0.00 -0.00 -0.00 -0.00 -0.00 -0.00 -0.00 -0.00 -0.00 -0.00 -0.00 -0.00 -0.00 -0.00 -0.00 -0.00 -0.00 -0.00 -0.00 -0.00 -0.00 -0.00 -0.00 -0.00 -0.00
0.08 0.07 0.14 0.16 0.22 0.25 0.24 0.23 0.23 0.22 0.26 0.30 0.33 0.34 0.30 0.31 0.34 0.35 0.39 0.35 0.36 0.32 0.34 0.31 0.27 0.17 0.14 0.16 0.19 0.21 0.25 0.33 0.36 0.39 0.39 0.31 0.32 0.36 0.38 0.47 0.54 0.49 0.33 0.19 0.11 0.05 0.01 0.00 -0.01 -0.01 -0.00 -0.00 -0.00 -0.00 -0.00 -0.00 -0.00 -0.00 -0.00 -0.00 -0.00 -0.00 -0.00 -0.00 -0.00 -0.00 -0.00 -0.00 -0.00 -0.00 -0.00 -0.00 -0.00 -0.00 -0.00 -0.00 -0.00
0.08 0.08 0.12 0.15 0.22 0.23 0.20 0.20 0.18 0.19 0.26 0.22 0.23 0.23 0.22 0.29 0.31 0.34 0.36 0.30 0.31 0.30 0.33 0.28 0.26 0.18 0.15 0.12 0.19 0.19 0.19 0.26 0.32 0.33 0.34 0.36 0.39 0.46 0.46 0.48 0.52 0.55 0.39 0.21 0.10 0.07 0.02 0.02 -0.00 -0.00 -0.00 -0.00 -0.00 -0.00 -0.00 -0.00 -0.00 -0.00 -0.00 -0.00 -0.00 -0.00 -0.00 -0.00 -0.00 -0.00 -0.00 -0.00 -0.00 -0.00 -0.00 -0.00 -0.00 -0.00 -0.00 -0.00 -0.00
0.07 0.10 0.12 0.15 0.18 0.20 0.18 0.20 0.21 0.19 0.23 0.22 0.25 0.27 0.24 0.25 0.26 0.28 0.31 0.33 0.30 0.31 0.31 0.31 0.24 0.21 0.16 0.16 0.16 0.16 0.21 0.24 0.31 0.35 0.36 0.39 0.38 0.51 0.55 0.53 0.53 0.55 0.41 0.28 0.17 0.12 0.05 0.04 0.02 -0.00 -0.01 -0.00 -0.00 -0.00 -0.00 -0.00 -0.00 -0.00 -0.00 -0.00 -0.00 -0.00 -0.00 -0.00 -0.00 -0.00 -0.00 -0.00 -0.00 -0.00 -0.00 -0.00 -0.00 -0.00 -0.00 -0.00 -0.00
0.05 0.08 0.11 0.13 0.19 0.17 0.20 0.18 0.19 0.21 0.21 0.24 0.21 0.19 0.17 0.14 0.23 0.32 0.32 0.32 0.29 0.30 0.28 0.29 0.25 0.26 0.19 0.19 0.22 0.15 0.18 0.20 0.24 0.30 0.29 0.38 0.40 0.47 0.55 0.57 0.57 0.52 0.47 0.34 0.24 0.17 0.10 0.07 0.04 -0.00 -0.01 -0.00 -0.00 -0.00 -0.00 -0.00 -0.00 -0.00 -0.00 -0.00 -0.00 -0.00 -0.00 -0.00 -0.00 -0.00 -0.00 -0.00 -0.00 -0.00 -0.00 -0.00 -0.00 -0.00 -0.00 -0.00 -0.00
0.05 0.06 0.11 0.09 0.17 0.14 0.18 0.17 0.18 0.20 0.20 0.18 0.20 0.18 0.20 0.25 0.22 0.29 0.34 0.33 0.33 0.29 0.28 0.29 0.24 0.21 0.23 0.17 0.14 0.13 0.11 0.20 0.27 0.35 0.38 0.40 0.48 0.54 0.55 0.57 0.55 0.52 0.49 0.45 0.34 0.25 0.16 0.11 0.07 0.01 -0.01 -0.00 -0.00 -0.00 -0.00 -0.00 -0.00 -0.00 -0.00 -0.00 -0.00 -0.00 -0.00 -0.00 -0.00 -0.00 -0.00 -0.00 -0.00 -0.00 -0.00 -0.00 -0.00 -0.00 -0.00 -0.00 -0.00
0.05 0.04 0.07 0.08 0.14 0.16 0.16 0.17 0.18 0.17 0.20 0.18 0.26 0.25 0.20 0.16 0.24 0.28 0.34 0.33 0.33 0.30 0.27 0.26 0.27 0.23 0.19 0.15 0.12 0.12 0.12 0.20 0.25 0.27 0.36 0.41 0.45 0.50 0.51 0.56 0.57 0.48 0.45 0.46 0.37 0.30 0.22 0.13 0.11 0.04 0.00 -0.00 -0.00 -0.00 -0.00 -0.00 -0.00 -0.00 -0.00 -0.00 -0.00 -0.00 -0.00 -0.00 -0.00 -0.00 -0.00 -0.00 -0.00 -0.00 -0.00 -0.00 -0.00 -0.00 -0.00 -0.00 -0.00
0.03 0.04 0.05 0.09 0.11 0.13 0.13 0.14 0.16 0.16 0.18 0.21 0.20 0.24 0.27 0.18 0.20 0.27 0.28 0.31 0.29 0.26 0.27 0.28 0.24 0.22 0.23 0.15 0.18 0.12 0.18 0.18 0.26 0.34 0.38 0.42 0.47 0.50 0.53 0.54 0.53 0.49 0.42 0.45 0.42 0.34 0.28 0.17 0.13 0.06 0.02 0.00 -0.00 -0.00 -0.00 -0.00 -0.00 -0.00 -0.00 -0.00 -0.00 -0.00 -0.00 -0.00 -0.00 -0.00 -0.00 -0.00 -0.00 -0.00 -0.00 -0.00 -0.00 -0.00 -0.00 -0.00 -0.00
0.03 0.03 0.04 0.06 0.08 0.09 0.13 0.13 0.16 0.14 0.14 0.20 0.20 0.22 0.21 0.18 0.14 0.18 0.18 0.21 0.24 0.28 0.28 0.29 0.30 0.20 0.22 0.20 0.21 0.18 0.14 0.20 0.23 0.29 0.35 0.41 0.49 0.49 0.50 0.54 0.50 0.47 0.40 0.41 0.39 0.35 0.29 0.19 0.14 0.09 0.05 0.01 -0.01 -0.01 -0.00 -0.00 -0.00 -0.00 -0.00 -0.00 -0.00 -0.00 -0.00 -0.00 -0.00 -0.00 -0.00 -0.00 -0.00 -0.00 -0.00 -0.00 -0.00 -0.00 -0.00 -0.00 -0.00
0.00 -0.00 0.02 0.03 0.09 0.07 0.10 0.10 0.12 0.12 0.11 0.15 0.20 0.20 0.19 0.19 0.17 0.14 0.19 0.22 0.20 0.24 0.22 0.23 0.26 0.22 0.22 0.24 0.27 0.26 0.19 0.22 0.28 0.27 0.36 0.41 0.47 0.50 0.51 0.51 0.48 0.43 0.39 0.40 0.42 0.34 0.26 0.20 0.12 0.08 0.04 0.01 -0.00 -0.01 -0.00 -0.00 -0.00 -0.00 -0.00 -0.00 -0.00 -0.00 -0.00 -0.00 -0.00 -0.00 -0.00 -0.00 -0.00 -0.00 -0.00 -0.00 -0.00 -0.00 -0.00 -0.00 -0.00
0.01 -0.00 0.01 0.02 0.05 0.04 0.09 0.10 0.10 0.12 0.10 0.10 0.15 0.16 0.17 0.18 0.17 0.15 0.16 0.16 0.14 0.20 0.19 0.21 0.25 0.21 0.25 0.26 0.26 0.25 0.19 0.17 0.22 0.26 0.30 0.39 0.44 0.46 0.49 0.50 0.49 0.46 0.41 0.40 0.38 0.33 0.22 0.15 0.08 0.04 0.02 0.02 0.00 -0.01 -0.00 -0.00 -0.00 -0.00 -0.00 -0.00 -0.00 -0.00 -0.00 -0.00 -0.00 -0.00 -0.00 -0.00 -0.00 -0.00 -0.00 -0.00 -0.00 -0.00 -0.00 -0.00 -0.00
0.01 -0.00 0.01 0.03 0.05 0.05 0.09 0.07 0.09 0.06 0.11 0.07 0.12 0.19 0.20 0.22 0.18 0.14 0.11 0.12 0.13 0.16 0.17 0.18 0.21 0.16 0.20 0.18 0.20 0.20 0.20 0.22 0.22 0.31 0.34 0.40 0.46 0.47 0.52 0.50 0.46 0.44 0.42 0.39 0.41 0.31 0.21 0.08 0.05 0.01 0.02 0.02 0.00 -0.01 -0.00 -0.00 -0.00 -0.00 -0.00 -0.00 -0.00 -0.00 -0.00 -0.00 -0.00 -0.00 -0.00 -0.00 -0.00 -0.00 -0.00 -0.00 -0.00 -0.00 -0.00 -0.00 -0.00
-0.00 -0.00 0.01 0.02 0.04 0.03 0.06 0.05 0.06 0.06 0.08 0.07 0.10 0.11 0.18 0.14 0.13 0.06 0.05 0.08 0.11 0.10 0.14 0.11 0.13 0.12 0.10 0.13 0.16 0.16 0.20 0.24 0.26 0.26 0.32 0.38 0.42 0.46 0.50 0.53 0.49 0.43 0.44 0.42 0.38 0.29 0.21 0.09 0.05 0.04 0.03 0.04 0.02 0.01 -0.01 -0.00 -0.00 -0.00 -0.00 -0.00 -0.00 -0.00 -0.00 -0.00 -0.00 -0.00 -0.00 -0.00 -0.00 -0.00 -0.00 -0.00 -0.00 -0.00 -0.00 -0.00 -0.00
-0.00 -0.00 0.01 0.01 0.02 0.02 0.03 0.03 0.05 0.04 0.05 0.03 0.06 0.10 0.16 0.13 0.10 0.06 0.06 0.07 0.07 0.11 0.16 0.11 0.11 0.11 0.10 0.09 0.12 0.10 0.17 0.16 0.21 0.30 0.35 0.41 0.42 0.50 0.50 0.51 0.48 0.43 0.38 0.43 0.39 0.29 0.22 0.12 0.07 0.08 0.05 0.07 0.02 0.01 -0.01 -0.00 -0.00 -0.00 -0.00 -0.00 -0.00 -0.00 -0.00 -0.00 -0.00 -0.00 -0.00 -0.00 -0.00 -0.00 -0.00 -0.00 -0.00 -0.00 -0.00 -0.00 -0.00
-0.00 -0.00 0.00 0.01 0.01 0.01 0.03 0.03 0.02 0.01 0.00 0.01 0.02 0.05 0.08 0.11 0.08 0.08 0.06 0.06 0.08 0.09 0.12 0.10 0.10 0.08 0.07 0.05 0.09 0.08 0.13 0.16 0.20 0.27 0.34 0.39 0.41 0.46 0.49 0.48 0.41 0.40 0.38 0.42 0.41 0.30 0.25 0.13 0.09 0.10 0.08 0.07 0.03 0.00 -0.01 -0.01 -0.00 -0.00 -0.00 -0.00 -0.00 -0.00 -0.00 -0.00 -0.00 -0.00 -0.00 -0.00 -0.00 -0.00 -0.00 -0.00 -0.00 -0.00 -0.00 -0.00 -0.00
-0.00 -0.00 -0.00 0.01 0.01 0.01 0.01 0.02 0.01 0.01 0.00 0.00 0.02 0.05 0.08 0.07 0.08 0.06 0.05 0.05 0.05 0.06 0.13 0.11 0.10 0.07 0.08 0.08 0.12 0.14 0.15 0.15 0.20 0.26 0.33 0.37 0.41 0.40 0.45 0.44 0.39 0.36 0.39 0.41 0.40 0.28 0.20 0.14 0.09 0.10 0.10 0.08 0.03 0.02 -0.00 -0.01 -0.00 -0.00 -0.00 -0.00 -0.00 -0.00 -0.00 -0.00 -0.00 -0.00 -0.00 -0.00 -0.00 -0.00 -0.00 -0.00 -0.00 -0.00 -0.00 -0.00 -0.00
-0.00 -0.00 -0.00 0.00 0.01 0.02 0.01 0.03 0.01 -0.01 -0.00 0.01 0.02 0.03 0.06 0.09 0.07 0.07 0.04 0.02 0.03 0.05 0.09 0.10 0.07 0.06 0.09 0.09 0.14 0.12 0.14 0.17 0.18 0.25 0.33 0.37 0.41 0.40 0.38 0.38 0.35 0.33 0.35 0.40 0.35 0.29 0.17 0.14 0.13 0.13 0.09 0.09 0.04 0.01 -0.00 -0.01 -0.00 -0.00 -0.00 -0.00 -0.00 -0.00 -0.00 -0.00 -0.00 -0.00 -0.00 -0.00 -0.00 -0.00 -0.00 -0.00 -0.00 -0.00 -0.00 -0.00 -0.00
-0.00 -0.00 -0.00 -0.00 0.00 0.01 0.01 0.02 -0.00 -0.02 -0.00 0.01 0.02 0.03 0.05 0.08 0.07 0.02 0.01 0.01 0.02 0.03 0.06 0.07 0.06 0.07 0.13 0.18 0.24 0.23 0.19 0.22 0.24 0.30 0.35 0.37 0.34 0.39 0.37 0.37 0.35 0.34 0.35 0.39 0.29 0.23 0.15 0.13 0.11 0.12 0.08 0.09 0.06 0.02 0.01 -0.01 -0.00 -0.00 -0.00 -0.00 -0.00 -0.00 -0.00 -0.00 -0.00 -0.00 -0.00 -0.00 -0.00 -0.00 -0.00 -0.00 -0.00 -0.00 -0.00 -0.00 -0.00
-0.00 -0.00 -0.00 -0.00 0.00 0.01 0.02 0.00 -0.01 -0.00 -0.00 0.01 0.02 0.02 0.05 0.04 0.05 0.02 -0.01 0.01 0.02 0.01 0.02 0.04 0.06 0.11 0.14 0.22 0.25 0.26 0.20 0.20 0.26 0.30 0.33 0.37 0.32 0.35 0.35 0.33 0.32 0.33 0.31 0.31 0.29 0.19 0.14 0.13 0.13 0.14 0.11 0.09 0.05 0.01 -0.00 -0.00 -0.00 -0.00 -0.00 -0.00 -0.00 -0.00 -0.00 -0.00 -0.00 -0.00 -0.00 -0.00 -0.00 -0.00 -0.00 -0.00 -0.00 -0.00 -0.00 -0.00 -0.00
-0.00 -0.00 -0.00 -0.00 0.00 0.01 0.01 -0.01 -0.01 -0.00 0.01 0.02 0.01 0.02 0.03 0.03 0.04 0.01 -0.01 -0.00 0.01 0.00 0.00 0.01 0.06 0.13 0.22 0.29 0.34 0.29 0.27 0.19 0.25 0.31 0.30 0.35 0.34 0.30 0.33 0.31 0.25 0.27 0.31 0.25 0.24 0.18 0.13 0.11 0.11 0.10 0.07 0.05 0.04 0.01 -0.00 -0.01 -0.00 -0.00 -0.00 -0.00 -0.00 -0.00 -0.00 -0.00 -0.00 -0.00 -0.00 -0.00 -0.00 -0.00 -0.00 -0.00 -0.00 -0.00 -0.00 -0.00 -0.00
-0.00 -0.00 -0.00 -0.00 -0.00 -0.00 -0.00 0.00 -0.00 0.00 0.00 0.01 0.01 0.02 0.02 0.02 0.05 0.01 -0.00 0.00 0.00 -0.01 0.01 0.03 0.06 0.14 0.24 0.27 0.31 0.24 0.19 0.19 0.20 0.28 0.28 0.28 0.30 0.23 0.21 0.23 0.25 0.18 0.24 0.20 0.20 0.15 0.12 0.09 0.06 0.07 0.05 0.02 0.03 0.00 -0.01 -0.01 -0.00 -0.00 -0.00 -0.00 -0.00 -0.00 -0.00 -0.00 -0.00 -0.00 -0.00 -0.00 -0.00 -0.00 -0.00 -0.00 -0.00 -0.00 -0.00 -0.00 -0.00
-0.00 -0.00 -0.00 -0.00 -0.00 -0.00 0.00 -0.00 0.00 0.01 0.00 0.01 0.00 0.02 0.04 0.03 0.03 0.00 -0.00 -0.00 -0.00 -0.01 0.01 0.03 0.06 0.11 0.21 0.20 0.23 0.23 0.19 0.21 0.23 0.27 0.28 0.24 0.22 0.22 0.17 0.17 0.19 0.14 0.15 0.16 0.15 0.12 0.09 0.06 0.05 0.04 0.06 0.03 0.04 0.02 -0.01 -0.01 -0.00 -0.00 -0.00 -0.00 -0.00 -0.00 -0.00 -0.00 -0.00 -0.00 -0.00 -0.00 -0.00 -0.00 -0.00 -0.00 -0.00 -0.00 -0.00 -0.00 -0.00
-0.00 -0.00 -0.00 -0.00 -0.00 -0.00 -0.00 -0.00 0.01 0.01 0.01 -0.00 0.02 0.01 0.02 0.03 0.04 0.02 -0.00 -0.00 -0.00 0.00 0.00 0.03 0.03 0.06 0.12 0.14 0.16 0.13 0.14 0.17 0.17 0.22 0.20 0.17 0.13 0.15 0.12 0.11 0.12 0.09 0.10 0.09 0.08 0.07 0.05 0.05 0.04 0.03 0.05 0.04 0.02 0.01 -0.01 -0.01 -0.00 -0.00 -0.00 -0.00 -0.00 -0.00 -0.00 -0.00 -0.00 -0.00 -0.00 -0.00 -0.00 -0.00 -0.00 -0.00 -0.00 -0.00 -0.00 -0.00 -0.00
-0.00 -0.00 -0.00 -0.00 -0.00 -0.00 -0.00 -0.00 0.01 0.00 0.00 0.01 0.01 0.02 0.02 0.02 0.02 0.02 0.00 -0.01 0.00 0.01 0.01 0.02 0.01 0.02 0.04 0.05 0.07 0.06 0.09 0.14 0.19 0.16 0.15 0.14 0.10 0.10 0.13 0.11 0.07 0.05 0.03 0.04 0.04 0.03 0.02 0.04 0.04 0.05 0.05 0.03 0.03 0.01 -0.01 -0.00 -0.00 -0.00 -0.00 -0.00 -0.00 -0.00 -0.00 -0.00 -0.00 -0.00 -0.00 -0.00 -0.00 -0.00 -0.00 -0.00 -0.00 -0.00 -0.00 -0.00 -0.00
-0.00 -0.00 -0.00 -0.00 -0.00 -0.00 -0.00 -0.00 -0.00 -0.00 0.01 0.01 0.00 0.00 0.01 0.02 0.03 0.02 0.00 -0.00 0.01 0.01 -0.00 0.00 0.01 0.01 0.04 0.04 0.05 0.05 0.08 0.10 0.15 0.11 0.09 0.05 0.06 0.03 0.05 0.05 0.02 0.01 0.02 0.02 0.02 0.01 0.01 0.01 0.01 0.02 0.02 0.03 0.03 0.00 -0.01 -0.01 -0.00 -0.00 -0.00 -0.00 -0.00 -0.00 -0.00 -0.00 -0.00 -0.00 -0.00 -0.00 -0.00 -0.00 -0.00 -0.00 -0.00 -0.00 -0.00 -0.00 -0.00
-0.00 -0.00 -0.00 -0.00 -0.00 -0.00 -0.00 -0.00 0.00 -0.00 -0.00 -0.00 0.00 0.00 0.01 0.02 0.02 0.01 -0.01 -0.01 0.01 0.00 -0.00 0.01 0.03 0.02 0.03 0.04 0.05 0.05 0.06 0.08 0.08 0.06 0.05 0.01 -0.00 0.01 0.02 0.00 0.01 -0.00 0.00 -0.00 -0.01 0.00 0.00 -0.00 0.00 0.01 0.01 0.01 0.01 -0.01 -0.01 -0.00 -0.00 -0.00 -0.00 -0.00 -0.00 -0.00 -0.00 -0.00 -0.00 -0.00 -0.00 -0.00 -0.00 -0.00 -0.00 -0.00 -0.00 -0.00 -0.00 -0.00 -0.00
-0.00 -0.00 -0.00 -0.00 -0.00 -0.00 -0.00 0.00 0.00 -0.00 -0.00 -0.00 0.00 0.01 0.01 0.02 0.00 -0.01 -0.00 0.01 0.02 0.01 0.03 0.02 0.04 0.04 0.05 0.05 0.07 0.07 0.05 0.06 0.05 0.04 0.03 0.00 -0.02 -0.00 0.01 0.00 -0.01 -0.00 -0.00 -0.00 -0.00 -0.00 -0.00 0.00 0.00 0.01 0.01 -0.00 -0.01 -0.01 -0.00 -0.00 -0.00 -0.00 -0.00 -0.00 -0.00 -0.00 -0.00 -0.00 -0.00 -0.00 -0.00 -0.00 -0.00 -0.00 -0.00 -0.00 -0.00 -0.00 -0.00 -0.00 -0.00
-0.00 -0.00 -0.00 -0.00 -0.00 -0.00 0.00 0.00 -0.00 -0.00 -0.00 0.00 0.01 0.00 0.00 0.00 0.01 -0.00 0.01 0.01 0.00 0.01 0.02 0.03 0.04 0.03 0.05 0.06 0.09 0.10 0.08 0.07 0.05 0.01 -0.00 -0.01 -0.01 0.01 0.00 -0.01 -0.01 -0.00 -0.00 -0.00 -0.00 -0.00 -0.00 -0.00 0.00 -0.00 -0.00 0.00 -0.00 -0.00 -0.00 -0.00 -0.00 -0.00 -0.00 -0.00 -0.00 -0.00 -0.00 -0.00 -0.00 -0.00 -0.00 -0.00 -0.00 -0.00 -0.00 -0.00 -0.00 -0.00 -0.00 -0.00 -0.00
-0.00 -0.00 -0.00 -0.00 -0.00 -0.00 -0.00 -0.00 -0.00 -0.00 -0.00 -0.00 -0.00 -0.00 0.01 0.02 0.01 0.00 0.01 -0.00 0.00 0.02 0.02 0.02 0.03 0.01 0.03 0.06 0.09 0.09 0.07 0.03 0.02 -0.00 -0.01 -0.00 -0.00 0.00 -0.00 -0.00 -0.00 -0.00 -0.00 -0.00 -0.00 -0.00 -0.00 -0.00 -0.00 -0.00 0.00 -0.00 -0.00 -0.00 -0.00 -0.00 -0.00 -0.00 -0.00 -0.00 -0.00 -0.00 -0.00 -0.00 -0.00 -0.00 -0.00 -0.00 -0.00 -0.00 -0.00 -0.00 -0.00 -0.00 -0.00 -0.00 -0.00
