QPF/QPF_202208082200-70.txt
ncols 525
nrows 625
xllcorner -31082
yllcorner 11395
cellsize 1000.0
NODATA_value -9999.0
[rows 180 to 215 of 625, columns 328 to 409 of 525]
0.00 0.00 0.00 0.00 0.00 0.00 0.00 0.00 0.00 0.00 0.00 0.00 0.00 0.00 0.00 0.05 0.07 0.37 0.25 0.40 0.33 0.06 0.06 0.13 0.15 0.14 0.10 0.03 0.01 0.02 0.03 0.07 0.08 0.15 0.18 0.20 0.15 0.07 0.07 0.10 0.12 0.20 0.24 0.27 0.27 0.47 0.56 0.53 0.50 0.38 0.37 0.33 0.34 0.00 0.00 0.00 0.00 0.00 0.00 0.00 0.00 0.01 0.01 0.01 0.01 0.07 0.09 0.11 0.10 0.00 0.00 0.01 0.00 0.13 0.14 0.14 0.11 0.16 0.23 0.25 0.25 0.36
0.00 0.00 0.00 0.00 0.00 0.00 0.00 0.00 0.00 0.23 0.43 0.42 0.58 0.56 0.32 0.40 0.35 0.74 0.50 0.47 0.40 0.09 0.08 0.13 0.15 0.10 0.07 0.01 0.00 0.03 0.04 0.08 0.08 0.13 0.18 0.18 0.13 0.07 0.06 0.08 0.11 0.27 0.28 0.31 0.35 0.53 0.57 0.51 0.42 0.40 0.39 0.36 0.33 0.00 0.00 0.00 0.00 0.00 0.00 0.00 0.01 0.03 0.06 0.03 0.03 0.15 0.16 0.16 0.17 0.06 0.05 0.06 0.08 0.15 0.18 0.22 0.19 0.22 0.22 0.23 0.23 0.29
0.00 0.00 0.00 0.00 0.00 0.00 0.00 0.01 0.22 0.37 0.45 0.51 0.70 0.73 0.73 0.63 0.56 0.78 0.62 0.62 0.54 0.08 0.11 0.14 0.14 0.08 0.03 0.00 0.00 0.01 0.03 0.06 0.07 0.12 0.18 0.15 0.10 0.04 0.01 0.07 0.12 0.28 0.32 0.36 0.37 0.58 0.56 0.49 0.47 0.37 0.38 0.35 0.31 0.00 0.00 0.00 0.00 0.00 0.00 0.00 0.00 0.06 0.06 0.07 0.07 0.16 0.17 0.17 0.14 0.07 0.09 0.09 0.11 0.19 0.21 0.27 0.31 0.34 0.33 0.36 0.36 0.38
0.00 0.00 -0.00 0.01 0.03 0.04 0.01 0.16 0.32 0.49 0.56 0.87 0.94 1.45 1.45 1.50 1.43 1.34 1.23 1.47 1.17 0.39 0.32 0.32 0.38 0.13 0.11 0.00 0.01 0.07 0.09 0.21 0.21 0.19 0.24 0.19 0.18 0.04 0.08 0.09 0.14 0.42 0.44 0.43 0.46 0.77 0.70 0.61 0.55 0.47 0.43 0.38 0.29 0.00 0.00 0.00 0.00 0.00 0.00 0.00 0.01 0.07 0.09 0.09 0.10 0.33 0.26 0.26 0.28 0.08 0.10 0.14 0.15 0.31 0.37 0.48 0.45 0.51 0.54 0.62 0.57 0.54
0.04 0.13 0.06 0.14 0.13 0.16 0.14 0.49 0.41 0.65 0.90 1.47 1.68 1.94 1.91 1.97 2.01 1.78 1.71 1.78 1.36 0.46 0.36 0.37 0.37 0.15 0.08 0.00 0.01 0.10 0.12 0.19 0.22 0.26 0.28 0.24 0.23 0.07 0.07 0.11 0.15 0.40 0.46 0.45 0.43 0.76 0.75 0.74 0.61 0.50 0.40 0.40 0.34 0.00 0.00 0.00 0.00 0.00 0.00 0.00 0.02 0.09 0.08 0.09 0.12 0.33 0.30 0.34 0.33 0.16 0.14 0.16 0.16 0.35 0.36 0.46 0.48 0.46 0.53 0.56 0.58 0.59
0.24 0.23 0.22 0.29 0.24 0.41 0.82 0.94 1.39 1.85 2.11 2.65 2.89 3.28 2.87 3.04 2.51 2.27 1.91 2.30 1.53 0.54 0.48 0.43 0.41 0.19 0.10 0.01 0.02 0.09 0.13 0.22 0.25 0.29 0.31 0.26 0.25 0.09 0.09 0.12 0.18 0.45 0.52 0.46 0.49 0.78 0.83 0.74 0.70 0.48 0.42 0.45 0.36 0.00 0.00 0.00 0.00 0.00 0.00 0.00 0.02 0.08 0.09 0.08 0.11 0.29 0.28 0.29 0.26 0.15 0.15 0.13 0.16 0.26 0.37 0.38 0.42 0.47 0.55 0.51 0.59 0.64
0.36 0.38 0.41 0.50 0.40 0.71 1.30 1.25 2.18 3.05 3.43 4.00 4.30 4.35 3.64 3.38 2.95 2.39 2.12 2.65 2.00 0.62 0.68 0.53 0.53 0.14 0.06 0.01 0.01 0.07 0.12 0.20 0.21 0.24 0.27 0.24 0.21 0.08 0.10 0.13 0.19 0.44 0.51 0.51 0.54 0.74 0.75 0.77 0.80 0.50 0.48 0.51 0.38 0.00 0.00 0.00 0.00 0.00 0.00 0.00 0.03 0.10 0.10 0.10 0.10 0.22 0.25 0.34 0.30 0.10 0.14 0.12 0.17 0.30 0.31 0.35 0.40 0.51 0.49 0.51 0.50 0.61
0.49 0.51 0.59 0.63 0.54 1.54 1.89 2.42 3.70 4.72 5.60 6.38 6.32 5.77 5.05 4.50 3.77 2.55 2.26 2.77 1.95 0.43 0.51 0.45 0.51 0.14 0.13 0.00 0.01 0.10 0.15 0.21 0.21 0.24 0.26 0.24 0.18 0.07 0.07 0.14 0.18 0.38 0.47 0.48 0.47 0.64 0.70 0.73 0.74 0.52 0.51 0.54 0.42 0.00 0.00 0.00 0.00 0.00 0.00 0.01 0.03 0.12 0.14 0.13 0.11 0.27 0.29 0.31 0.33 0.15 0.19 0.19 0.13 0.26 0.31 0.32 0.33 0.44 0.40 0.45 0.54 0.59
0.65 0.65 0.86 0.79 0.74 2.42 3.19 3.73 5.28 6.70 7.55 8.33 8.23 7.35 6.31 5.63 4.59 2.92 2.44 2.69 2.05 0.48 0.55 0.53 0.57 0.14 0.14 0.02 0.03 0.15 0.18 0.26 0.26 0.27 0.27 0.26 0.28 0.10 0.10 0.17 0.20 0.41 0.50 0.54 0.47 0.58 0.63 0.74 0.72 0.57 0.59 0.58 0.47 0.00 0.00 0.00 0.00 0.00 0.00 0.03 0.03 0.11 0.13 0.17 0.16 0.22 0.24 0.37 0.37 0.19 0.20 0.20 0.19 0.32 0.32 0.34 0.35 0.35 0.38 0.42 0.50 0.57
0.93 1.12 1.29 1.36 1.33 3.08 4.17 5.15 7.18 8.58 9.14 9.91 9.34 8.98 7.89 7.20 5.75 3.43 2.87 2.94 2.28 0.62 0.69 0.55 0.52 0.19 0.17 0.10 0.11 0.19 0.25 0.33 0.38 0.42 0.34 0.28 0.37 0.15 0.16 0.21 0.26 0.51 0.55 0.58 0.51 0.71 0.75 0.82 0.72 0.59 0.60 0.60 0.50 0.00 0.00 0.01 0.00 0.00 0.01 0.03 0.05 0.10 0.12 0.17 0.21 0.24 0.23 0.36 0.33 0.17 0.18 0.16 0.16 0.32 0.30 0.30 0.31 0.37 0.35 0.41 0.42 0.45
1.02 1.22 1.32 1.62 1.83 4.43 5.64 7.03 9.38 10.69 11.13 11.40 10.96 10.13 9.47 8.51 6.95 4.19 3.28 2.99 2.09 0.73 0.76 0.57 0.55 0.21 0.21 0.23 0.16 0.26 0.26 0.34 0.37 0.41 0.38 0.33 0.33 0.20 0.22 0.27 0.32 0.60 0.60 0.65 0.63 0.78 0.82 0.80 0.78 0.67 0.54 0.61 0.46 0.00 0.00 0.00 0.00 0.01 0.04 0.05 0.06 0.08 0.11 0.14 0.14 0.28 0.24 0.36 0.34 0.15 0.16 0.20 0.19 0.36 0.33 0.35 0.32 0.32 0.32 0.36 0.40 0.47
1.64 2.10 2.29 3.14 3.83 7.28 9.56 11.00 13.38 13.48 13.34 13.20 12.59 12.45 11.60 10.29 8.42 5.42 4.44 3.51 2.47 0.85 0.80 0.67 0.67 0.32 0.32 0.32 0.29 0.34 0.32 0.45 0.47 0.60 0.49 0.49 0.58 0.30 0.35 0.35 0.40 0.66 0.63 0.63 0.62 0.88 0.84 0.82 0.78 0.74 0.65 0.66 0.52 0.00 0.00 0.00 0.00 0.03 0.04 0.08 0.07 0.10 0.11 0.21 0.21 0.34 0.30 0.36 0.34 0.28 0.25 0.31 0.30 0.43 0.42 0.41 0.38 0.33 0.34 0.34 0.37 0.42
1.89 2.24 2.49 3.48 4.29 7.64 10.00 11.98 13.88 14.03 13.68 12.74 11.61 11.35 10.60 9.34 7.56 4.97 4.39 3.28 2.39 0.95 0.86 0.66 0.68 0.36 0.40 0.39 0.32 0.38 0.37 0.44 0.51 0.58 0.54 0.57 0.57 0.41 0.43 0.39 0.45 0.69 0.72 0.72 0.65 0.83 0.86 0.83 0.80 0.71 0.62 0.57 0.49 0.00 0.00 0.00 0.00 0.05 0.06 0.09 0.10 0.13 0.10 0.20 0.19 0.30 0.25 0.28 0.29 0.19 0.29 0.38 0.34 0.43 0.41 0.39 0.43 0.33 0.34 0.34 0.37 0.39
2.08 2.52 2.74 3.90 4.69 8.38 10.67 13.07 15.42 15.03 14.26 13.62 11.73 10.37 9.00 7.48 6.45 5.30 4.23 3.11 2.21 0.89 0.77 0.64 0.74 0.43 0.46 0.42 0.36 0.48 0.47 0.55 0.52 0.54 0.64 0.64 0.69 0.47 0.47 0.47 0.52 0.69 0.69 0.77 0.68 0.82 0.87 0.92 0.89 0.68 0.65 0.62 0.48 0.00 0.00 0.00 0.00 0.03 0.08 0.10 0.11 0.24 0.13 0.15 0.18 0.29 0.24 0.29 0.25 0.18 0.27 0.34 0.37 0.44 0.43 0.44 0.38 0.36 0.36 0.36 0.38 0.39
2.36 2.85 3.34 3.94 3.97 7.45 9.69 12.53 16.57 16.42 14.33 13.13 10.83 9.01 7.33 5.83 5.56 4.18 3.63 2.86 2.03 0.74 0.71 0.72 0.77 0.50 0.51 0.42 0.41 0.57 0.55 0.56 0.53 0.50 0.65 0.71 0.74 0.49 0.50 0.53 0.56 0.75 0.70 0.72 0.74 0.83 0.83 0.93 0.90 0.73 0.69 0.63 0.49 0.00 0.00 0.00 0.00 0.04 0.07 0.11 0.11 0.27 0.23 0.15 0.25 0.26 0.30 0.28 0.26 0.15 0.17 0.33 0.33 0.41 0.36 0.44 0.42 0.37 0.38 0.39 0.40 0.38
3.04 3.99 4.11 4.39 4.34 6.97 8.73 11.35 14.23 14.11 13.40 11.59 8.80 6.27 4.65 3.78 3.88 3.12 2.80 2.40 1.87 0.86 0.79 0.71 0.84 0.61 0.57 0.48 0.45 0.50 0.49 0.47 0.43 0.46 0.57 0.66 0.68 0.42 0.43 0.40 0.46 0.63 0.59 0.52 0.57 0.76 0.73 0.80 0.81 0.68 0.59 0.60 0.46 0.00 0.00 0.00 0.00 0.03 0.05 0.09 0.11 0.23 0.26 0.16 0.20 0.32 0.29 0.38 0.34 0.30 0.24 0.31 0.42 0.51 0.42 0.48 0.43 0.38 0.41 0.42 0.41 0.40
3.43 4.20 4.83 4.77 4.58 6.20 7.05 9.47 12.03 12.28 11.73 9.64 7.65 5.22 3.74 3.01 3.48 3.07 2.90 2.38 1.81 1.07 0.94 0.85 0.94 0.70 0.72 0.66 0.61 0.62 0.59 0.53 0.50 0.46 0.60 0.68 0.70 0.51 0.56 0.56 0.53 0.64 0.54 0.59 0.53 0.72 0.68 0.85 0.84 0.69 0.60 0.55 0.44 0.01 0.00 0.00 0.00 0.02 0.06 0.10 0.13 0.19 0.23 0.19 0.25 0.33 0.28 0.38 0.34 0.25 0.30 0.33 0.36 0.48 0.44 0.44 0.42 0.40 0.41 0.42 0.42 0.41
3.67 4.38 4.49 4.37 4.72 5.66 5.45 7.57 9.82 10.56 10.40 8.78 6.14 4.08 3.16 2.98 3.50 3.01 2.94 2.36 1.92 1.22 1.15 0.96 0.91 0.77 0.75 0.73 0.73 0.63 0.60 0.51 0.45 0.52 0.59 0.71 0.75 0.54 0.49 0.51 0.57 0.60 0.57 0.63 0.59 0.68 0.64 0.79 0.82 0.68 0.65 0.60 0.49 0.00 0.01 0.00 0.00 0.04 0.06 0.12 0.14 0.18 0.21 0.20 0.23 0.36 0.32 0.42 0.39 0.29 0.30 0.34 0.37 0.44 0.42 0.42 0.43 0.38 0.41 0.40 0.41 0.40
3.77 4.24 4.71 4.97 4.91 4.94 5.21 6.78 8.48 8.04 8.57 7.38 5.58 3.80 3.03 2.68 3.33 2.73 2.37 2.16 1.87 1.20 1.23 1.04 0.85 0.74 0.75 0.81 0.76 0.64 0.59 0.51 0.50 0.49 0.59 0.73 0.74 0.55 0.54 0.50 0.53 0.64 0.59 0.63 0.61 0.68 0.70 0.79 0.85 0.76 0.72 0.64 0.47 0.00 0.01 0.00 0.01 0.11 0.08 0.14 0.15 0.19 0.19 0.21 0.24 0.36 0.35 0.43 0.42 0.38 0.34 0.36 0.36 0.42 0.43 0.47 0.44 0.39 0.39 0.39 0.39 0.40
4.38 4.52 4.78 4.90 4.88 5.04 5.80 6.05 6.86 6.82 6.50 6.13 5.40 4.30 3.77 3.27 3.30 2.78 2.70 2.44 2.26 1.65 1.58 1.52 1.42 1.19 1.13 1.11 1.10 0.97 0.93 0.86 0.84 0.71 0.79 0.90 0.97 0.73 0.77 0.70 0.72 0.78 0.76 0.76 0.70 0.73 0.68 0.77 0.81 0.78 0.76 0.65 0.47 0.00 0.01 0.01 0.01 0.09 0.14 0.16 0.20 0.25 0.24 0.25 0.25 0.34 0.41 0.44 0.42 0.38 0.37 0.37 0.37 0.36 0.37 0.40 0.40 0.36 0.36 0.36 0.36 0.35
4.38 4.59 4.90 4.96 4.79 5.50 5.65 6.04 6.33 6.39 6.01 5.60 4.99 4.65 4.05 3.40 3.24 2.59 2.54 2.37 2.19 1.60 1.50 1.50 1.47 1.19 1.13 1.11 1.14 1.01 0.95 0.92 0.89 0.83 0.84 0.89 0.95 0.67 0.71 0.73 0.73 0.79 0.76 0.75 0.71 0.74 0.70 0.76 0.76 0.73 0.75 0.73 0.59 0.00 0.01 0.00 0.01 0.10 0.11 0.14 0.19 0.28 0.20 0.26 0.24 0.33 0.41 0.40 0.37 0.37 0.44 0.42 0.41 0.40 0.36 0.39 0.40 0.37 0.36 0.36 0.36 0.34
4.79 4.70 4.87 4.88 4.79 5.45 5.45 5.61 5.83 5.69 5.16 4.90 4.56 4.60 4.11 3.62 3.15 2.48 2.41 2.12 2.05 1.45 1.46 1.47 1.45 1.25 1.23 1.20 1.15 1.00 0.96 0.91 0.87 0.83 0.76 0.85 0.98 0.60 0.69 0.75 0.74 0.85 0.81 0.80 0.76 0.76 0.66 0.71 0.70 0.70 0.70 0.69 0.57 0.00 0.00 0.01 0.01 0.09 0.08 0.14 0.19 0.29 0.26 0.36 0.25 0.33 0.34 0.37 0.38 0.38 0.38 0.40 0.35 0.35 0.35 0.40 0.37 0.35 0.35 0.32 0.32 0.33
4.90 4.90 4.84 4.98 5.15 5.34 5.40 5.57 5.77 5.45 4.81 4.52 4.42 4.34 4.07 3.58 3.26 2.36 2.23 1.98 1.92 1.38 1.44 1.47 1.57 1.30 1.24 1.15 1.14 0.99 1.02 0.96 0.91 0.82 0.72 0.83 0.97 0.60 0.71 0.78 0.82 0.78 0.80 0.80 0.78 0.75 0.70 0.64 0.71 0.71 0.68 0.67 0.58 0.01 0.01 0.01 0.02 0.14 0.14 0.17 0.18 0.28 0.31 0.28 0.25 0.31 0.32 0.39 0.42 0.40 0.43 0.41 0.39 0.40 0.41 0.42 0.38 0.33 0.33 0.30 0.30 0.29
4.87 4.68 4.87 4.79 4.84 4.86 4.87 4.91 4.88 4.15 3.87 3.64 3.55 3.62 3.34 3.06 2.79 2.08 1.97 1.76 1.70 1.22 1.31 1.33 1.37 1.26 1.20 1.16 1.16 1.08 1.08 1.03 1.01 0.88 0.88 0.95 1.19 0.84 0.82 0.88 0.93 0.89 0.86 0.84 0.77 0.73 0.65 0.68 0.58 0.43 0.48 0.44 0.44 0.01 0.01 0.02 0.03 0.17 0.18 0.15 0.17 0.28 0.29 0.28 0.24 0.29 0.29 0.37 0.43 0.39 0.46 0.49 0.49 0.45 0.45 0.49 0.42 0.33 0.32 0.30 0.30 0.30
4.81 4.69 4.84 4.73 4.89 5.10 5.01 4.93 4.92 4.23 3.95 3.60 3.43 3.56 3.25 3.11 2.82 2.04 1.88 1.78 1.72 1.25 1.30 1.23 1.24 1.23 1.27 1.11 1.17 1.03 1.02 1.09 0.91 0.83 0.82 0.99 1.13 0.79 0.78 0.82 0.84 0.88 0.81 0.86 0.72 0.72 0.66 0.72 0.65 0.37 0.37 0.40 0.41 0.01 0.01 0.04 0.05 0.18 0.14 0.16 0.20 0.25 0.23 0.26 0.22 0.28 0.28 0.39 0.41 0.39 0.49 0.51 0.50 0.51 0.45 0.49 0.43 0.34 0.31 0.29 0.29 0.31
4.90 4.98 5.00 4.94 5.07 5.09 4.94 4.96 4.78 4.18 3.75 3.41 3.33 3.41 3.21 2.93 2.67 2.02 1.91 1.82 1.69 1.16 1.20 1.21 1.22 1.20 1.23 1.08 1.15 1.03 1.03 1.03 0.97 0.92 0.86 1.00 1.05 0.67 0.76 0.79 0.84 0.82 0.75 0.84 0.77 0.76 0.65 0.62 0.56 0.34 0.42 0.42 0.35 0.02 0.04 0.08 0.07 0.18 0.17 0.17 0.22 0.32 0.34 0.30 0.28 0.39 0.33 0.37 0.38 0.41 0.52 0.56 0.51 0.51 0.42 0.45 0.43 0.34 0.31 0.28 0.29 0.30
5.12 4.85 4.97 5.08 5.06 4.96 4.91 4.90 4.71 4.03 3.71 3.39 3.31 3.33 3.18 2.93 2.66 2.09 1.95 1.83 1.72 1.18 1.20 1.23 1.23 1.12 1.18 1.12 1.14 1.00 1.01 1.04 1.03 0.92 0.93 1.01 1.06 0.63 0.68 0.74 0.84 0.82 0.79 0.77 0.76 0.73 0.65 0.62 0.62 0.36 0.34 0.37 0.28 0.03 0.04 0.07 0.07 0.22 0.22 0.18 0.22 0.32 0.36 0.33 0.32 0.51 0.42 0.38 0.41 0.42 0.43 0.43 0.48 0.53 0.44 0.43 0.39 0.32 0.30 0.28 0.28 0.29
5.34 5.01 5.20 5.06 5.10 5.08 4.81 4.96 4.61 4.04 3.66 3.44 3.30 3.23 3.06 2.80 2.52 2.10 1.94 1.79 1.72 1.23 1.15 1.17 1.10 1.02 1.01 1.07 1.06 0.96 0.92 1.05 1.01 0.97 0.95 0.96 1.00 0.54 0.56 0.67 0.65 0.69 0.68 0.71 0.74 0.73 0.66 0.65 0.68 0.46 0.43 0.48 0.38 0.12 0.19 0.16 0.12 0.19 0.17 0.18 0.21 0.41 0.37 0.35 0.33 0.40 0.39 0.38 0.39 0.52 0.48 0.46 0.49 0.52 0.53 0.41 0.34 0.27 0.25 0.20 0.20 0.24
4.98 4.80 4.81 4.71 4.66 4.66 4.49 4.59 4.35 3.64 3.44 3.19 3.17 3.04 2.87 2.65 2.49 2.05 1.89 1.74 1.70 1.22 1.16 1.19 1.14 0.98 0.86 0.98 1.00 0.94 0.86 0.97 0.93 0.94 0.90 0.96 0.97 0.50 0.49 0.64 0.58 0.61 0.60 0.60 0.67 0.70 0.65 0.60 0.61 0.53 0.50 0.52 0.39 0.08 0.08 0.14 0.10 0.12 0.16 0.16 0.19 0.35 0.31 0.33 0.36 0.42 0.40 0.37 0.37 0.43 0.48 0.50 0.56 0.55 0.49 0.40 0.33 0.25 0.20 0.14 0.14 0.16
4.98 4.74 4.73 4.43 4.52 4.35 4.26 4.37 3.99 3.36 3.18 3.00 2.98 3.05 2.75 2.56 2.38 1.97 1.82 1.79 1.69 1.22 1.22 1.20 1.12 0.94 0.81 0.82 0.95 0.91 0.87 0.88 0.88 0.99 0.96 1.05 1.06 0.63 0.54 0.59 0.62 0.54 0.58 0.60 0.58 0.67 0.67 0.61 0.55 0.54 0.48 0.43 0.33 0.09 0.10 0.15 0.14 0.17 0.15 0.18 0.20 0.29 0.32 0.37 0.37 0.42 0.42 0.33 0.36 0.46 0.48 0.47 0.58 0.59 0.53 0.43 0.38 0.28 0.19 0.14 0.11 0.11
4.83 4.61 4.59 4.30 4.38 4.26 4.09 4.02 3.64 3.20 3.06 2.82 2.74 2.89 2.65 2.42 2.26 1.91 1.76 1.79 1.71 1.27 1.36 1.32 1.15 0.92 0.86 0.80 0.91 0.80 0.81 0.86 0.85 0.88 0.92 1.03 1.04 0.57 0.48 0.61 0.56 0.56 0.59 0.53 0.52 0.55 0.55 0.56 0.54 0.47 0.48 0.46 0.36 0.11 0.08 0.11 0.11 0.14 0.14 0.18 0.20 0.33 0.32 0.35 0.36 0.39 0.35 0.35 0.36 0.53 0.53 0.48 0.50 0.55 0.53 0.46 0.45 0.39 0.31 0.19 0.15 0.09
4.04 3.95 3.90 3.86 3.93 3.90 3.71 3.54 3.30 2.77 2.65 2.53 2.47 2.61 2.47 2.26 2.12 1.75 1.67 1.69 1.73 1.37 1.35 1.27 1.24 1.01 1.02 0.95 1.02 0.83 0.82 0.82 0.88 0.93 0.92 1.02 1.01 0.53 0.52 0.57 0.48 0.46 0.46 0.41 0.43 0.46 0.50 0.44 0.50 0.41 0.40 0.39 0.27 0.05 0.06 0.07 0.08 0.10 0.13 0.16 0.17 0.33 0.34 0.35 0.36 0.39 0.32 0.33 0.35 0.45 0.49 0.47 0.47 0.52 0.54 0.51 0.43 0.40 0.34 0.22 0.17 0.08
3.89 3.68 3.75 3.68 3.63 3.60 3.41 3.24 2.93 2.43 2.40 2.29 2.23 2.31 2.20 1.99 1.96 1.61 1.55 1.56 1.65 1.28 1.26 1.06 1.10 1.01 1.04 0.99 1.00 0.73 0.76 0.77 0.84 0.89 0.90 0.94 0.93 0.48 0.46 0.55 0.49 0.40 0.45 0.42 0.43 0.44 0.48 0.42 0.42 0.40 0.34 0.33 0.25 0.04 0.06 0.07 0.05 0.08 0.10 0.13 0.16 0.27 0.27 0.34 0.35 0.33 0.35 0.37 0.36 0.46 0.48 0.47 0.50 0.56 0.51 0.47 0.45 0.36 0.30 0.23 0.17 0.09
3.70 3.62 3.67 3.58 3.55 3.45 3.29 3.20 2.78 2.29 2.22 2.10 2.04 2.14 2.05 1.87 1.78 1.59 1.48 1.51 1.49 1.12 1.13 0.98 0.99 0.94 0.95 1.01 0.98 0.73 0.72 0.74 0.82 0.90 0.85 0.84 0.89 0.42 0.39 0.48 0.46 0.35 0.43 0.37 0.31 0.37 0.34 0.34 0.34 0.34 0.31 0.28 0.23 0.02 0.04 0.05 0.03 0.07 0.09 0.12 0.17 0.33 0.31 0.38 0.38 0.33 0.38 0.38 0.37 0.45 0.54 0.51 0.48 0.51 0.53 0.46 0.46 0.41 0.30 0.25 0.17 0.12
3.33 3.43 3.39 3.27 3.20 3.16 2.99 2.86 2.75 2.15 2.03 1.89 1.89 1.97 1.89 1.76 1.67 1.53 1.41 1.45 1.44 1.07 1.00 0.95 0.95 0.90 0.93 0.93 0.94 0.72 0.73 0.69 0.77 0.85 0.80 0.80 0.83 0.42 0.41 0.44 0.48 0.42 0.47 0.41 0.31 0.46 0.43 0.36 0.43 0.41 0.34 0.33 0.24 0.03 0.03 0.04 0.05 0.07 0.06 0.12 0.15 0.31 0.31 0.36 0.37 0.35 0.37 0.39 0.35 0.45 0.50 0.56 0.56 0.60 0.56 0.50 0.45 0.38 0.35 0.32 0.25 0.19
3.04 3.22 2.95 2.73 2.68 2.54 2.35 2.30 2.15 1.57 1.57 1.44 1.43 1.51 1.43 1.36 1.32 1.29 1.22 1.18 1.18 0.69 0.66 0.70 0.71 0.67 0.68 0.71 0.69 0.43 0.38 0.43 0.43 0.48 0.49 0.54 0.45 0.19 0.25 0.23 0.20 0.30 0.33 0.22 0.21 0.27 0.21 0.18 0.19 0.24 0.25 0.29 0.26 0.05 0.04 0.07 0.06 0.08 0.10 0.14 0.18 0.29 0.33 0.38 0.42 0.40 0.44 0.50 0.39 0.44 0.47 0.62 0.64 0.62 0.63 0.60 0.55 0.44 0.40 0.34 0.28 0.15
