QPF/QPF_202208082200-40.txt
ncols 525
nrows 625
xllcorner -31082
yllcorner 11395
cellsize 1000.0
NODATA_value -9999.0
[rows 228 to 265 of 625, columns 84 to 167 of 525]
0.00 0.00 0.00 0.00 0.00 0.00 0.00 0.00 0.00 0.00 0.00 0.00 0.00 0.00 0.00 0.00 0.00 0.00 0.00 0.00 0.00 0.00 0.00 0.00 0.00 0.00 0.00 0.00 0.00 0.00 0.00 0.00 0.00 0.00 0.00 0.00 0.00 0.00 0.00 0.00 0.00 0.03 0.16 0.32 0.43 0.54 1.07 0.84 1.19 1.02 1.56 1.70 2.00 3.26 4.44 6.20 7.69 13.61 13.79 14.30 16.69 20.15 21.17 25.05 30.31 34.17 33.78 33.98 36.88 36.55 32.95 31.56 29.77 27.70 26.34 22.47 21.08 20.64 17.33 14.46 13.10 12.37 12.69 14.86
0.00 0.00 0.00 0.00 0.00 0.00 0.00 0.00 0.00 0.00 0.00 0.00 0.00 0.00 0.00 0.00 0.00 0.00 0.00 0.00 0.00 0.00 0.00 0.00 0.00 0.00 0.00 0.00 0.00 0.00 0.00 0.00 0.00 0.00 0.00 0.00 0.00 0.00 0.00 0.00 0.03 0.18 0.28 0.54 0.83 1.06 0.87 1.89 1.87 2.46 2.83 3.28 3.84 5.32 6.73 8.90 10.03 14.83 16.04 18.25 23.45 24.39 28.13 34.65 41.71 38.64 40.73 41.11 40.25 43.10 36.52 33.39 32.45 32.00 29.62 27.77 24.71 22.02 19.27 15.67 13.05 11.84 12.47 14.80
0.00 0.00 0.00 0.00 0.00 0.00 0.00 0.00 0.00 0.00 0.00 0.00 0.00 0.00 0.00 0.00 0.00 0.00 0.00 0.00 0.00 0.00 0.00 0.00 0.00 0.00 0.00 0.00 0.00 0.00 0.00 0.00 0.00 0.00 0.00 0.00 0.00 0.00 0.00 0.12 0.31 0.50 0.52 0.75 1.06 1.33 1.81 2.57 3.14 4.48 5.80 5.92 6.47 7.36 8.72 12.41 15.31 19.47 23.38 24.25 25.96 29.69 33.49 39.20 43.18 43.76 39.54 42.44 44.47 41.92 40.04 35.39 35.53 32.45 30.45 29.31 25.58 21.28 19.19 15.83 13.23 11.53 12.50 14.53
0.00 0.00 0.00 0.00 0.00 0.00 0.00 0.00 0.00 0.00 0.00 0.00 0.00 0.00 0.00 0.00 0.00 0.00 0.00 0.00 0.00 0.00 0.00 0.00 0.01 0.04 0.04 0.00 0.00 0.00 0.00 0.00 0.00 0.00 0.00 0.00 0.00 0.01 0.14 0.19 0.55 0.94 0.70 1.43 1.20 2.42 2.77 4.34 5.23 6.81 8.11 9.52 9.34 10.44 11.67 13.29 17.47 21.20 24.59 28.92 28.84 34.03 39.47 43.08 45.93 42.17 44.21 43.01 42.48 41.50 39.48 37.33 37.06 35.20 31.73 30.35 25.49 21.02 19.06 15.72 13.14 11.36 12.46 13.75
0.00 0.00 0.00 0.00 0.00 0.00 0.00 0.00 0.00 0.00 0.00 0.01 -0.00 0.01 0.00 0.00 0.00 0.00 0.01 0.01 0.02 0.00 0.01 0.00 0.08 0.07 0.06 0.00 0.00 0.00 0.00 0.01 0.00 0.01 0.01 0.16 0.31 0.43 0.43 0.75 0.85 0.89 1.69 1.90 2.34 3.32 4.88 6.34 7.69 10.17 11.36 11.67 12.28 13.76 13.96 15.99 19.58 22.52 22.69 26.78 30.31 34.65 38.74 44.89 45.51 45.54 45.97 42.44 40.82 39.44 39.36 35.74 37.01 34.93 30.63 28.86 25.03 20.13 17.40 14.74 12.71 11.26 12.17 13.67
0.00 0.00 0.00 0.00 0.00 0.00 0.00 0.00 0.00 0.00 0.00 0.01 0.08 0.05 0.03 0.00 0.04 0.11 0.12 0.02 0.03 0.14 0.28 0.29 0.26 0.22 0.24 0.34 0.21 0.11 0.20 0.27 0.40 0.36 0.28 0.36 0.54 1.00 0.97 1.34 1.82 2.32 2.56 3.48 3.29 6.13 7.02 9.55 10.94 13.47 13.03 13.20 14.32 14.06 14.59 15.44 17.56 21.98 24.12 29.16 32.14 35.25 39.02 42.98 45.57 44.99 44.22 42.52 41.90 38.84 36.11 35.91 35.03 31.61 29.87 28.87 25.03 18.74 16.16 14.45 12.38 10.89 11.41 13.10
0.00 0.00 0.00 0.00 0.00 0.00 0.00 0.00 0.00 0.00 0.00 0.08 0.18 0.24 0.12 0.04 0.15 0.37 0.33 0.28 0.32 0.42 0.46 0.40 0.46 0.31 0.51 0.55 0.39 0.43 0.40 0.62 0.46 0.51 0.60 1.28 1.09 1.46 2.34 2.24 3.45 3.99 4.84 5.48 6.22 7.80 9.38 11.40 14.91 15.22 16.25 15.52 15.44 14.81 14.41 14.98 15.72 19.23 22.60 27.35 31.55 34.10 37.75 40.65 41.78 40.95 41.35 40.33 38.74 35.31 32.24 31.98 30.48 27.38 26.84 27.16 23.92 18.66 14.76 13.72 11.20 10.02 10.89 12.10
0.00 0.00 0.00 0.00 0.00 0.00 0.00 0.00 0.00 0.00 0.00 0.13 0.22 0.16 0.07 0.18 0.34 0.61 0.44 0.62 0.52 0.70 0.60 0.64 0.62 0.63 0.73 0.91 1.10 0.96 0.96 1.29 1.18 1.70 2.10 2.60 3.96 5.19 5.79 6.57 7.44 8.64 9.70 9.65 10.97 12.29 13.58 13.67 16.59 17.30 16.83 16.75 15.66 14.21 13.09 14.01 14.65 16.96 20.55 24.51 26.59 30.87 33.81 34.84 32.78 31.99 32.98 33.85 29.78 29.77 28.68 25.38 24.46 23.05 23.14 20.84 19.72 16.92 12.62 12.36 10.39 8.59 9.23 10.48
0.00 0.00 0.00 0.00 0.00 0.00 0.00 0.00 0.00 0.00 0.00 0.01 0.03 0.12 0.10 0.21 0.62 0.49 0.98 0.72 0.73 0.86 0.76 0.83 0.99 0.98 0.87 1.74 1.35 1.79 1.81 2.08 2.45 3.10 3.84 5.24 5.88 7.38 8.61 10.02 10.68 12.19 11.93 13.46 15.11 16.90 15.78 16.97 17.49 18.71 17.58 18.13 16.45 13.18 11.23 10.82 12.60 14.30 16.47 19.96 22.76 26.47 28.57 27.58 24.15 25.56 24.63 21.95 23.04 23.39 22.15 18.90 18.95 18.98 16.75 15.59 15.34 13.27 10.46 9.70 8.46 7.40 8.38 8.61
0.00 0.00 0.00 0.00 0.00 0.00 0.00 0.00 0.00 0.00 0.00 0.08 0.25 0.49 0.49 0.46 0.64 0.92 1.02 1.10 1.04 1.28 1.45 1.58 1.67 1.55 2.23 2.40 2.63 3.34 3.36 4.17 4.85 7.25 7.52 8.90 10.60 12.40 13.38 14.19 14.80 14.93 15.48 18.28 17.83 18.34 17.45 17.98 18.46 19.06 15.88 17.11 15.36 11.62 7.13 8.08 10.42 11.47 12.77 16.44 17.74 20.16 20.01 20.80 19.21 17.05 17.98 16.74 15.93 16.98 16.16 13.83 14.54 13.62 12.82 12.07 11.76 10.74 9.69 8.49 7.07 6.32 6.77 6.70
0.00 0.00 0.00 0.00 0.00 0.00 0.00 0.00 0.00 0.00 0.01 0.18 0.39 0.53 0.48 0.90 0.82 1.38 1.45 1.12 1.47 1.61 1.51 2.32 2.21 2.51 2.91 3.14 3.66 4.88 5.80 7.32 7.79 10.40 11.73 13.76 14.82 17.72 17.76 18.15 19.49 20.47 19.59 18.23 19.66 19.45 19.33 18.54 18.87 17.42 15.15 12.49 13.34 7.51 6.94 6.92 7.46 8.40 10.28 11.85 13.04 13.91 14.10 13.44 13.32 11.96 11.47 11.97 10.84 11.31 11.01 10.45 9.85 9.25 9.21 8.93 8.06 7.61 7.23 6.53 6.14 5.11 5.52 6.10
0.00 0.00 0.00 0.00 0.00 0.00 0.00 0.03 0.15 0.31 0.41 0.61 0.56 0.63 0.76 1.02 1.41 1.75 1.74 1.82 2.86 2.56 2.87 3.43 3.03 3.96 4.64 5.14 6.30 8.29 9.57 11.08 12.46 13.09 15.30 17.85 18.92 18.49 21.14 24.82 22.36 22.35 22.04 22.40 21.35 20.81 20.73 18.59 16.76 15.38 13.29 11.59 9.91 6.39 5.93 4.60 4.98 5.23 6.10 7.40 7.63 7.63 8.92 8.07 7.97 7.87 8.24 7.00 6.75 7.77 7.74 7.10 6.50 6.78 6.62 6.97 6.44 5.87 5.35 6.08 5.64 4.36 4.54 5.02
0.00 0.00 0.00 0.00 0.00 0.00 0.04 0.19 0.37 0.49 0.60 0.71 0.75 0.92 0.78 1.41 1.96 1.98 2.24 3.11 3.21 3.31 4.26 4.20 4.68 5.48 5.85 6.34 7.89 10.31 10.71 12.65 13.84 15.39 15.27 17.10 18.96 19.87 21.40 23.08 23.42 22.92 21.93 22.69 21.76 20.54 19.06 15.57 14.64 12.02 11.24 8.93 7.13 5.41 4.24 3.76 3.84 3.99 4.17 4.45 4.84 5.72 5.91 5.45 5.48 5.48 5.20 4.59 4.34 5.21 5.40 4.75 4.59 4.37 4.41 4.92 4.71 4.49 4.43 4.80 4.46 3.62 3.76 3.75
0.00 0.00 0.00 0.02 0.09 0.25 0.25 0.43 0.44 0.71 0.70 1.00 1.05 1.13 1.69 1.98 2.53 3.03 3.41 4.09 3.82 4.44 6.20 6.77 6.34 7.84 7.73 8.50 9.46 11.42 13.46 14.98 15.23 17.48 17.20 18.10 19.85 21.08 22.23 22.63 22.82 23.77 22.18 20.44 19.45 18.25 16.73 12.83 10.95 8.40 6.95 6.95 5.43 3.84 3.08 2.70 2.60 2.43 2.52 2.44 2.63 2.65 2.93 2.90 3.03 3.00 2.99 2.68 2.60 3.32 3.40 3.41 3.12 2.80 2.95 3.34 3.29 3.26 3.29 3.48 3.24 2.92 3.11 2.96
0.00 0.00 0.00 0.00 0.00 0.19 0.28 0.60 0.51 0.88 1.00 1.24 1.30 1.63 2.08 2.15 2.77 3.17 4.09 3.62 4.83 6.66 7.03 7.76 8.34 8.80 8.42 9.46 10.76 11.86 13.91 15.96 15.54 17.11 17.88 18.93 19.41 20.09 21.53 20.91 20.68 21.16 20.46 18.31 16.48 15.88 13.97 10.65 8.90 5.90 5.17 4.48 3.88 2.59 2.44 2.10 2.03 1.91 1.98 1.95 2.03 2.05 2.01 1.99 2.00 1.81 1.91 1.94 1.95 2.41 2.58 2.64 2.39 2.34 2.38 2.50 2.53 2.57 2.68 2.65 2.56 2.45 2.56 2.67
0.00 0.01 0.04 0.10 0.11 0.40 0.43 0.58 0.73 0.97 1.05 1.28 1.88 1.87 2.47 3.12 3.29 3.47 3.54 4.69 5.44 6.39 7.74 8.36 7.87 8.12 8.53 9.58 10.32 12.24 13.50 14.09 15.19 16.29 17.03 18.30 18.09 17.70 17.92 17.56 17.37 18.08 16.72 14.85 13.27 11.74 10.41 8.07 6.87 4.48 3.51 3.39 2.67 1.86 1.85 1.54 1.64 1.41 1.32 1.35 1.29 1.17 1.18 1.04 1.06 1.00 1.09 1.02 1.16 1.42 1.46 1.59 1.61 1.63 1.55 1.63 1.65 1.66 1.66 1.78 1.85 1.84 1.87 1.80
0.05 0.12 0.20 0.21 0.37 0.46 0.59 0.82 0.80 1.09 1.01 1.67 1.63 1.92 2.39 3.22 3.65 4.03 4.08 5.03 5.76 6.72 7.17 8.36 7.98 7.45 8.35 8.46 9.89 11.23 12.04 12.51 13.51 14.69 15.05 15.65 15.71 16.02 15.88 15.06 15.24 15.97 14.18 12.57 10.96 9.18 8.09 5.99 5.01 3.14 2.63 2.39 1.92 1.50 1.42 1.28 1.31 1.10 1.09 1.10 0.95 0.90 0.85 0.74 0.77 0.70 0.67 0.74 0.83 0.97 1.02 1.07 1.13 1.26 1.25 1.30 1.21 1.22 1.32 1.38 1.49 1.54 1.53 1.42
0.10 0.15 0.11 0.29 0.41 0.59 0.83 0.88 1.01 1.10 1.45 1.64 1.85 2.60 3.04 3.77 4.02 4.43 4.76 5.59 5.84 6.73 6.95 7.05 6.07 6.51 6.90 7.30 8.10 9.41 10.20 11.08 11.76 12.43 12.83 13.16 13.00 13.07 13.17 12.70 12.32 12.93 11.45 9.41 7.89 7.06 5.98 4.59 3.62 2.41 2.15 1.72 1.54 1.14 1.15 1.01 1.02 0.79 0.82 0.73 0.62 0.62 0.55 0.44 0.47 0.34 0.28 0.30 0.45 0.53 0.52 0.56 0.52 0.55 0.68 0.79 0.76 0.64 0.76 0.81 0.83 0.85 0.91 0.90
0.00 0.06 0.19 0.30 0.64 0.68 0.70 0.98 0.97 1.28 1.29 1.67 1.72 2.41 2.58 2.97 3.40 4.14 4.36 5.04 5.20 5.64 5.64 5.33 4.71 4.92 5.04 5.38 6.52 7.43 8.47 9.47 10.34 10.71 11.06 11.10 11.53 11.52 11.34 11.06 10.42 11.37 9.45 7.30 5.96 4.86 4.27 3.23 2.54 1.98 1.73 1.54 1.27 0.99 0.92 0.84 0.85 0.64 0.58 0.51 0.43 0.43 0.34 0.28 0.28 0.19 0.13 0.13 0.21 0.25 0.24 0.25 0.26 0.35 0.36 0.43 0.46 0.38 0.45 0.47 0.51 0.55 0.58 0.59
0.07 0.23 0.19 0.49 0.76 0.72 1.00 1.04 1.24 1.21 1.24 1.28 1.45 1.79 2.09 2.50 2.80 3.53 3.82 4.10 4.22 4.38 4.39 4.45 4.28 4.01 3.93 4.19 4.47 5.44 6.21 7.33 7.97 8.33 8.53 8.77 9.51 8.81 8.80 8.50 7.69 8.60 7.12 5.56 4.59 3.87 3.21 2.27 1.89 1.36 1.30 1.14 1.04 0.68 0.72 0.68 0.69 0.46 0.36 0.27 0.30 0.26 0.18 0.07 0.05 0.01 0.01 0.02 0.01 0.02 0.02 0.02 0.04 0.05 0.10 0.13 0.11 0.10 0.15 0.15 0.17 0.18 0.26 0.21
0.16 0.33 0.59 1.15 0.56 0.72 0.78 0.86 1.07 0.85 0.87 1.09 1.26 1.54 1.70 1.92 2.13 2.58 2.82 3.12 3.14 3.16 3.21 3.11 2.83 2.72 2.76 3.07 3.29 4.07 4.79 5.67 6.03 6.33 6.94 7.06 7.34 6.75 6.56 6.03 5.66 6.58 5.33 4.50 3.59 3.08 2.33 1.67 1.42 1.03 0.94 0.85 0.75 0.49 0.50 0.53 0.54 0.28 0.20 0.25 0.17 0.18 0.08 0.02 0.03 0.00 0.00 0.01 0.01 0.01 0.01 0.01 0.01 0.02 0.01 0.01 0.02 0.01 0.02 0.01 0.03 0.06 0.06 0.04
0.37 0.44 0.60 0.95 0.79 0.69 0.95 0.83 0.92 0.82 0.87 0.96 1.02 1.34 1.29 1.42 1.44 1.68 1.77 2.06 2.06 2.06 2.03 1.88 1.61 1.46 1.55 1.67 2.04 2.61 2.99 3.65 4.00 4.16 4.66 4.54 4.58 4.00 3.69 3.57 3.56 4.38 3.92 3.20 2.85 2.38 1.76 1.16 1.07 0.70 0.64 0.53 0.42 0.26 0.29 0.36 0.31 0.09 0.13 0.07 0.06 0.03 0.03 0.00 0.01 0.00 0.00 0.00 0.00 0.00 0.00 0.00 0.00 0.00 0.00 0.00 0.00 0.00 0.00 0.00 0.00 0.00 0.00 0.00
0.27 0.15 0.41 0.51 0.56 0.52 0.68 0.62 0.50 0.66 0.75 0.89 0.86 1.19 1.03 1.14 1.12 1.26 1.38 1.50 1.50 1.56 1.47 1.31 1.16 1.04 1.14 1.33 1.44 1.89 2.11 2.50 2.87 3.13 3.52 3.35 3.29 2.70 2.56 2.35 2.34 3.26 2.70 2.39 2.17 1.89 1.40 0.94 0.73 0.50 0.47 0.33 0.22 0.11 0.16 0.17 0.13 0.03 0.03 0.02 0.01 0.01 0.01 0.00 0.00 0.00 0.00 0.00 0.00 0.00 0.00 0.00 0.00 0.00 0.00 0.00 0.00 0.00 0.00 0.00 0.00 0.00 0.00 0.00
0.05 0.07 0.17 0.28 0.32 0.42 0.45 0.36 0.39 0.50 0.57 0.67 0.70 0.75 0.66 0.69 0.65 0.66 0.66 0.72 0.69 0.67 0.66 0.68 0.63 0.53 0.58 0.61 0.62 0.72 0.87 1.26 1.57 1.97 2.17 2.04 1.98 1.66 1.50 1.58 1.53 2.26 1.94 1.70 1.55 1.31 1.11 0.75 0.48 0.30 0.27 0.19 0.11 0.05 0.07 0.10 0.06 0.00 0.01 0.01 0.00 0.00 0.00 0.00 0.00 0.00 0.00 0.00 0.00 0.00 0.00 0.00 0.00 0.00 0.00 0.00 0.00 0.00 0.00 0.00 0.00 0.00 0.00 0.00
0.01 0.00 0.02 0.02 0.08 0.11 0.09 0.07 0.15 0.24 0.22 0.23 0.26 0.32 0.26 0.28 0.27 0.30 0.29 0.29 0.30 0.32 0.33 0.31 0.27 0.28 0.33 0.39 0.39 0.47 0.53 0.85 1.07 1.34 1.57 1.53 1.43 1.13 1.05 1.02 1.13 1.68 1.54 1.35 1.24 1.06 0.88 0.60 0.37 0.21 0.14 0.09 0.03 0.02 0.02 0.08 0.03 0.00 0.00 0.00 0.00 0.00 0.00 0.00 0.00 0.00 0.00 0.00 0.00 0.00 0.00 0.00 0.00 0.00 0.00 0.00 0.00 0.00 0.00 0.00 0.00 0.00 0.00 0.00
0.00 0.00 0.00 0.00 0.00 0.00 0.00 0.02 0.01 0.02 0.02 0.04 0.03 0.02 0.01 0.02 0.01 0.02 0.02 0.02 0.02 0.02 0.02 0.02 0.03 0.05 0.09 0.12 0.15 0.21 0.24 0.31 0.41 0.43 0.46 0.51 0.57 0.50 0.49 0.44 0.68 1.12 1.00 0.90 0.84 0.62 0.55 0.33 0.19 0.06 0.04 0.03 0.02 0.02 0.02 0.04 0.02 0.00 0.00 0.00 0.00 0.00 0.00 0.00 0.00 0.00 0.00 0.00 0.00 0.00 0.00 0.00 0.00 0.00 0.00 0.00 0.00 0.00 0.00 0.00 0.00 0.00 0.00 0.00
0.00 0.00 0.00 0.00 0.00 0.00 0.00 0.00 0.00 0.00 0.00 0.00 0.01 0.01 0.00 0.00 0.00 0.00 0.00 0.00 0.00 0.00 0.00 0.00 0.00 0.00 0.01 0.02 0.02 0.03 0.03 0.08 0.11 0.15 0.19 0.24 0.22 0.21 0.18 0.12 0.35 0.75 0.65 0.57 0.47 0.30 0.26 0.14 0.08 0.03 0.03 0.02 0.01 0.01 0.01 0.00 0.00 0.00 0.00 0.00 0.00 0.00 0.00 0.00 0.00 0.00 0.00 0.00 0.00 0.00 0.00 0.00 0.00 0.00 0.00 0.00 0.00 0.00 0.00 0.00 0.00 0.00 0.00 0.00
0.00 0.00 0.00 0.00 0.00 0.00 0.00 0.00 0.00 0.00 0.00 0.00 0.01 0.02 0.01 0.00 0.00 0.00 0.00 0.00 0.00 0.00 0.00 0.00 0.00 0.00 0.00 0.01 0.01 0.00 0.00 0.00 0.00 0.00 0.00 0.00 0.01 0.01 0.02 0.07 0.13 0.43 0.39 0.34 0.23 0.09 0.07 0.06 0.02 0.01 0.01 0.01 0.00 0.00 0.00 0.00 0.00 0.00 0.00 0.00 0.00 0.00 0.00 0.00 0.00 0.00 0.00 0.00 0.00 0.00 0.00 0.00 0.00 0.00 0.00 0.00 0.00 0.00 0.00 0.00 0.00 0.00 0.00 0.00
0.00 0.00 0.00 0.00 0.00 0.00 0.00 0.00 0.00 0.00 0.00 0.00 0.01 0.01 0.01 0.00 0.00 0.00 0.00 0.00 0.00 0.00 0.00 0.00 0.00 0.00 0.00 0.00 0.00 0.00 0.00 0.00 0.00 0.00 0.00 0.00 0.00 0.00 0.00 0.02 0.12 0.26 0.25 0.21 0.10 0.02 0.02 0.01 0.01 0.00 0.00 0.01 0.00 0.00 0.00 0.00 0.00 0.00 0.00 0.00 0.00 0.00 0.00 0.00 0.00 0.00 0.00 0.00 0.00 0.00 0.00 0.00 0.00 0.00 0.00 0.00 0.00 0.00 0.00 0.00 0.00 0.00 0.00 0.00
0.00 0.00 0.00 0.00 0.00 0.00 0.00 0.00 0.00 0.00 0.00 0.00 0.00 0.00 0.00 0.00 0.00 0.00 0.00 0.00 0.00 0.00 0.00 0.00 0.00 0.00 0.00 0.00 0.00 0.00 0.00 0.00 0.00 0.00 0.00 0.00 0.00 0.00 0.00 0.01 0.08 0.17 0.13 0.12 0.04 0.00 0.01 0.00 0.00 0.00 0.00 0.00 0.00 0.00 0.00 0.00 0.00 0.00 0.00 0.00 0.00 0.00 0.00 0.00 0.00 0.00 0.00 0.00 0.00 0.00 0.00 0.00 0.00 0.00 0.00 0.00 0.00 0.00 0.00 0.00 0.00 0.00 0.00 0.00
0.00 0.00 0.00 0.00 0.00 0.00 0.00 0.00 0.00 0.00 0.00 0.00 0.00 0.00 0.00 0.00 0.00 0.00 0.00 0.00 0.00 0.00 0.00 0.00 0.00 0.00 0.00 0.00 0.00 0.00 0.00 0.00 0.00 0.00 0.00 0.00 0.00 0.00 0.00 0.00 0.02 0.05 0.02 0.01 0.01 0.00 0.00 0.00 0.00 0.00 0.00 0.00 0.00 0.00 0.00 0.00 0.00 0.00 0.00 0.00 0.00 0.00 0.00 0.00 0.00 0.00 0.00 0.00 0.00 0.00 0.00 0.00 0.00 0.00 0.00 0.00 0.00 0.00 0.00 0.00 0.00 0.00 0.00 0.00
0.00 0.00 0.00 0.00 0.00 0.00 0.00 0.00 0.00 0.00 0.00 0.00 0.00 0.00 0.00 0.00 0.00 0.00 0.00 0.00 0.00 0.00 0.00 0.00 0.00 0.00 0.00 0.00 0.00 0.00 0.00 0.00 0.00 0.00 0.00 0.00 0.00 0.00 0.00 0.00 0.00 0.00 0.00 0.00 0.00 0.00 0.00 0.00 0.00 0.00 0.00 0.00 0.00 0.00 0.00 0.00 0.00 0.00 0.00 0.00 0.00 0.00 0.00 0.00 0.00 0.00 0.00 0.00 0.00 0.00 0.00 0.00 0.00 0.00 0.00 0.00 0.00 0.00 0.00 0.00 0.00 0.00 0.00 0.00
0.00 0.00 0.00 0.00 0.00 0.00 0.00 0.00 0.00 0.00 0.00 0.00 0.00 0.00 0.00 0.00 0.00 0.00 0.00 0.00 0.00 0.00 0.00 0.00 0.00 0.00 0.00 0.00 0.00 0.00 0.00 0.00 0.00 0.00 0.00 0.00 0.00 0.00 0.00 0.00 0.00 0.00 0.00 0.00 0.00 0.00 0.00 0.00 0.00 0.00 0.00 0.00 0.00 0.00 0.00 0.00 0.00 0.00 0.00 0.00 0.00 0.00 0.00 0.00 0.00 0.00 0.00 0.00 0.00 0.00 0.00 0.00 0.00 0.00 0.00 0.00 0.00 0.00 0.00 0.00 0.00 0.00 0.00 0.00
0.00 0.00 0.00 0.00 0.00 0.00 0.00 0.00 0.00 0.00 0.00 0.00 0.00 0.00 0.00 0.00 0.00 0.00 0.00 0.00 0.00 0.00 0.00 0.00 0.00 0.00 0.00 0.00 0.00 0.00 0.00 0.00 0.00 0.00 0.00 0.00 0.00 0.00 0.00 0.00 0.00 0.00 0.00 0.00 0.00 0.00 0.00 0.00 0.00 0.00 0.00 0.00 0.00 0.00 0.00 0.00 0.00 0.00 0.00 0.00 0.00 0.00 0.00 0.00 0.00 0.00 0.00 0.00 0.00 0.00 0.00 0.00 0.00 0.00 0.00 0.00 0.00 0.00 0.00 0.00 0.00 0.00 0.00 0.00
0.00 0.00 0.00 0.00 0.00 0.00 0.00 0.00 0.00 0.00 0.00 0.00 0.00 0.00 0.00 0.00 0.00 0.00 0.00 0.00 0.00 0.00 0.00 0.00 0.00 0.00 0.00 0.00 0.00 0.00 0.00 0.00 0.00 0.00 0.00 0.00 0.00 0.00 0.00 0.00 0.00 0.00 0.00 0.00 0.00 0.00 0.00 0.00 0.00 0.00 0.00 0.00 0.00 0.00 0.00 0.00 0.00 0.00 0.00 0.00 0.00 0.00 0.00 0.00 0.00 0.00 0.00 0.00 0.00 0.00 0.00 0.00 0.00 0.00 0.00 0.00 0.00 0.00 0.00 0.00 0.00 0.00 0.00 0.00
0.00 0.00 0.00 0.00 0.00 0.00 0.00 0.00 0.00 0.00 0.00 0.00 0.00 0.00 0.00 0.00 0.00 0.00 0.00 0.00 0.00 0.00 0.00 0.00 0.00 0.00 0.00 0.00 0.00 0.00 0.00 0.00 0.00 0.00 0.00 0.00 0.00 0.00 0.00 0.00 0.00 0.00 0.00 0.00 0.00 0.00 0.00 0.00 0.00 0.00 0.00 0.00 0.00 0.00 0.00 0.00 0.00 0.00 0.00 0.00 0.00 0.00 0.00 0.00 0.00 0.00 0.00 0.00 0.00 0.00 0.00 0.00 0.00 0.00 0.00 0.00 0.00 0.00 0.00 0.00 0.00 0.00 0.00 0.00
0.00 0.00 0.00 0.00 0.00 0.00 0.00 0.00 0.00 0.00 0.00 0.00 0.00 0.00 0.00 0.00 0.00 0.00 0.00 0.00 0.00 0.00 0.00 0.00 0.00 0.00 0.00 0.00 0.00 0.00 0.00 0.00 0.00 0.00 0.00 0.00 0.00 0.00 0.00 0.00 0.00 0.00 0.00 0.00 0.00 0.00 0.00 0.00 0.00 0.00 0.00 0.00 0.00 0.00 0.00 0.00 0.00 0.00 0.00 0.00 0.00 0.00 0.00 0.00 0.00 0.00 0.00 0.00 0.00 0.00 0.00 0.00 0.00 0.00 0.00 0.00 0.00 0.00 0.00 0.00 0.00 0.00 0.00 0.00
0.00 0.00 0.00 0.00 0.00 0.00 0.00 0.00 0.00 0.00 0.00 0.00 0.00 0.00 0.00 0.00 0.00 0.00 0.00 0.00 0.00 0.00 0.00 0.00 0.00 0.00 0.00 0.00 0.00 0.00 0.00 0.00 0.00 0.00 0.00 0.00 0.00 0.00 0.00 0.00 0.00 0.00 0.00 0.00 0.00 0.00 0.00 0.00 0.00 0.00 0.00 0.00 0.00 0.00 0.00 0.00 0.00 0.00 0.00 0.00 0.00 0.00 0.00 0.00 0.00 0.00 0.00 0.00 0.00 0.00 0.00 0.00 0.00 0.00 0.00 0.00 0.00 0.00 0.00 0.00 0.00 0.00 0.00 0.00
