QPF/QPF_202208082200-20.txt
ncols 525
nrows 625
xllcorner -31082
yllcorner 11395
cellsize 1000.0
NODATA_value -9999.0
[rows 190 to 227 of 625, columns 168 to 251 of 525]
0.00 0.00 0.00 0.00 0.00 0.00 0.00 0.00 0.00 0.00 0.00 0.00 0.00 0.00 0.00 0.00 0.00 0.00 0.00 0.00 0.00 0.00 0.00 0.00 0.00 0.00 0.00 0.00 0.00 0.00 0.00 0.00 0.00 0.00 0.00 0.00 0.00 0.00 0.00 0.00 0.00 0.00 0.00 0.00 0.00 0.00 0.00 0.00 0.00 0.00 0.00 0.00 0.00 0.00 0.00 0.20 0.37 0.91 1.05 1.62 1.95 4.23 4.99 5.50 5.91 7.68 9.71 10.81 13.27 15.91 15.53 14.21 12.50 10.16 9.06 6.74 4.18 3.07 2.73 2.69 2.42 2.39 2.42 2.11
0.00 0.00 0.00 0.00 0.00 0.00 0.00 0.00 0.00 0.00 0.00 0.00 0.00 0.00 0.00 0.00 0.00 0.00 0.00 0.00 0.00 0.00 0.00 0.00 0.00 0.00 0.00 0.00 0.00 0.00 0.00 0.00 0.00 0.00 0.00 0.00 0.00 0.00 0.00 0.00 0.00 0.00 0.00 0.00 0.00 0.00 0.00 0.00 0.00 0.00 0.00 0.00 0.05 0.19 0.54 0.83 1.60 1.94 2.22 2.70 4.09 5.75 6.97 7.56 8.20 9.61 10.49 12.18 13.94 13.42 10.73 12.64 7.95 7.90 6.21 4.74 3.73 3.03 2.75 2.56 2.65 2.43 2.37 2.26
0.00 0.00 0.00 0.00 0.00 0.00 0.00 0.00 0.00 0.00 0.00 0.00 0.00 0.00 0.00 0.00 0.00 0.00 0.00 0.00 0.00 0.00 0.00 0.00 0.00 0.00 0.00 0.00 0.00 0.00 0.00 0.00 0.00 0.00 0.00 0.00 0.00 0.00 0.00 0.00 0.00 0.00 0.00 0.00 0.00 0.00 -0.00 0.00 0.00 0.00 0.00 0.01 0.10 0.54 1.06 1.35 1.62 2.61 3.28 3.97 5.24 6.70 7.11 7.57 7.57 7.85 8.06 9.68 8.81 8.41 8.97 7.33 6.29 5.56 4.44 3.34 2.73 1.95 1.72 1.49 1.82 1.82 2.18 2.20
0.00 0.00 0.00 0.00 0.00 0.00 0.00 0.00 0.00 0.00 0.00 0.00 0.00 0.00 0.00 0.00 0.00 0.00 0.00 0.00 0.00 0.00 0.00 0.00 0.00 0.00 0.00 0.00 0.00 0.00 0.00 0.00 0.00 0.00 0.00 0.00 0.00 0.00 0.00 0.00 0.00 0.00 0.00 0.00 0.00 0.03 0.03 0.08 0.03 0.18 0.07 0.10 0.21 0.86 1.22 2.03 1.96 3.11 3.29 4.56 5.32 6.21 6.45 6.54 6.51 6.45 6.31 5.53 5.18 4.13 3.92 3.55 3.22 2.91 2.67 2.72 1.98 0.99 0.99 0.84 1.15 1.36 2.16 2.39
0.00 0.00 0.00 0.00 0.00 0.00 0.00 0.00 0.00 0.00 0.00 0.00 0.00 0.00 0.00 0.00 0.00 0.00 0.00 0.00 0.00 0.00 0.00 0.00 0.00 0.00 0.00 0.00 0.00 0.00 0.00 0.00 0.00 0.00 0.00 0.00 0.00 0.00 0.00 0.00 0.00 0.00 0.00 0.00 0.00 -0.01 0.05 0.19 0.16 0.18 0.53 0.73 0.66 1.02 1.29 1.80 1.85 2.77 3.24 4.24 5.06 5.51 5.32 5.11 5.18 5.02 5.05 4.76 3.96 3.11 3.17 2.87 2.50 2.23 1.75 1.57 0.97 0.41 0.29 0.44 1.36 1.50 2.67 2.16
0.00 0.00 0.00 0.00 0.00 0.00 0.00 0.00 0.00 0.00 0.00 0.00 0.00 0.00 0.00 0.00 0.00 0.00 0.00 0.00 0.00 0.00 0.00 0.00 0.00 0.00 0.00 0.00 0.00 0.00 0.00 0.00 0.00 0.00 0.00 0.00 0.00 0.00 0.00 0.00 0.00 0.00 0.00 0.00 0.00 0.02 0.03 0.11 0.31 0.81 0.47 1.03 1.41 1.23 1.96 2.19 2.26 3.23 3.27 4.04 4.37 4.76 4.54 4.26 4.27 4.40 4.33 3.99 3.42 2.92 2.85 2.08 1.53 1.36 0.99 0.89 0.49 0.01 0.15 0.60 1.59 2.19 2.82 3.83
0.00 0.00 0.00 0.00 0.00 0.00 0.00 0.00 0.00 0.00 0.00 0.00 0.00 0.00 0.00 0.00 0.00 0.00 0.00 0.00 0.00 0.00 0.00 0.00 0.00 0.00 0.00 0.01 0.01 0.00 0.00 0.00 0.00 0.00 0.00 0.00 0.00 0.00 0.00 0.00 0.00 0.00 0.00 0.00 0.00 0.00 0.00 0.17 0.21 0.89 1.23 1.47 1.84 1.86 2.46 2.43 2.52 3.57 3.90 4.08 4.02 4.18 3.59 3.04 3.10 3.70 3.87 3.88 3.34 2.54 2.43 1.74 0.87 0.68 0.61 0.34 0.23 0.11 0.36 1.41 1.92 2.86 4.89 4.42
0.00 0.00 0.00 0.00 0.00 0.00 0.00 0.00 0.00 0.00 0.00 0.00 0.00 0.00 0.00 0.00 0.00 0.00 0.00 0.00 0.00 0.00 0.00 0.00 0.00 0.06 0.12 0.09 0.02 0.00 0.00 0.02 0.00 0.13 0.17 0.18 0.13 0.05 0.02 0.02 0.00 0.00 0.00 0.00 0.00 0.06 0.13 0.37 0.42 0.97 1.25 2.03 2.36 2.31 2.85 3.22 3.24 4.31 4.57 4.97 4.74 4.86 4.11 3.76 3.51 4.41 4.58 4.65 3.46 2.57 1.82 0.96 0.61 0.41 0.20 0.52 0.20 0.33 0.97 2.16 3.91 5.64 6.49 8.26
0.00 0.00 0.00 0.00 0.00 0.00 0.00 0.00 0.00 0.00 0.00 0.00 0.00 0.00 0.00 0.00 0.00 0.00 0.00 0.00 0.00 0.00 0.01 0.15 0.11 0.31 0.45 0.42 0.07 0.01 0.01 0.11 0.19 0.28 0.49 0.62 0.60 0.24 0.17 0.02 0.00 0.00 0.00 0.00 0.00 0.01 0.35 0.49 0.79 1.01 1.50 2.03 2.51 2.68 3.23 3.76 4.51 5.36 5.25 5.54 5.44 5.03 4.76 4.58 4.30 5.17 5.35 5.09 3.87 2.94 1.77 1.19 0.25 0.05 0.26 0.38 1.00 0.83 1.88 3.80 5.68 9.24 10.89 11.69
0.00 0.00 0.00 0.00 0.00 0.00 0.00 0.00 0.00 0.01 0.01 0.01 0.00 0.00 0.01 0.02 0.03 0.08 0.06 0.03 0.04 0.12 0.24 0.47 0.96 1.01 1.05 0.93 0.50 0.17 0.25 0.39 0.47 0.61 0.76 0.75 0.70 0.55 0.26 0.02 0.00 0.00 0.00 0.00 0.00 0.08 0.35 0.35 0.78 1.58 1.95 3.68 3.96 4.60 4.86 5.71 5.24 7.41 7.90 8.72 8.90 9.24 8.96 8.72 10.14 10.34 8.88 6.99 5.84 4.86 4.23 3.28 2.74 1.54 1.37 2.51 3.67 4.72 6.48 8.82 11.93 15.97 17.14 20.16
0.00 0.00 0.00 0.00 0.00 0.01 0.01 0.05 0.07 0.23 0.25 0.25 0.17 0.18 0.25 0.40 0.53 0.68 0.64 0.58 0.60 0.81 1.12 1.48 1.63 1.69 1.43 1.35 1.05 0.65 0.68 0.60 0.69 0.81 0.84 1.03 0.65 0.38 0.05 0.01 0.00 0.00 0.11 0.17 0.56 0.99 1.42 1.56 2.28 2.56 4.74 8.14 9.65 9.05 9.08 10.21 12.17 13.06 13.99 12.65 13.33 17.85 19.28 16.34 19.91 24.08 22.42 14.59 12.97 12.98 9.42 7.01 5.17 4.16 3.88 6.38 7.69 9.33 15.68 18.49 21.30 23.07 24.97 25.27
0.01 0.01 0.03 0.01 0.01 0.02 0.05 0.22 0.38 0.56 0.66 0.62 0.52 0.59 0.76 1.02 1.18 1.37 1.38 1.45 1.47 1.69 2.26 2.65 2.77 3.26 2.62 1.99 1.92 1.06 1.02 0.82 0.90 0.79 0.89 0.84 0.30 0.04 0.02 0.00 0.15 0.22 0.59 1.12 1.41 1.72 2.58 3.07 3.74 9.63 12.70 17.37 18.79 21.49 20.86 21.17 20.78 19.43 24.48 31.25 33.79 34.64 38.17 35.89 41.20 43.57 40.56 30.21 25.36 25.47 28.42 23.50 20.35 16.38 18.47 18.70 24.73 23.66 28.63 29.85 29.98 32.54 34.00 34.10
0.37 0.58 0.56 0.51 0.49 0.63 0.77 1.26 1.37 1.56 1.60 1.75 1.50 1.55 1.57 1.87 2.15 2.53 2.68 2.49 2.75 3.10 3.41 4.28 3.84 5.34 4.32 3.16 2.24 1.15 1.06 0.87 0.70 0.76 0.26 0.68 0.35 0.23 0.04 0.20 0.36 1.13 2.08 2.86 3.34 4.64 9.84 13.72 15.38 18.98 26.16 31.80 31.77 35.04 33.23 40.64 39.46 45.04 42.45 41.72 41.32 49.20 53.06 55.97 54.31 61.67 59.19 49.93 41.67 42.63 43.67 42.69 41.82 29.21 34.36 34.45 36.44 31.33 36.11 35.90 39.81 37.93 38.37 39.49
1.12 1.22 1.43 1.28 1.30 1.43 1.87 2.32 2.68 2.87 2.80 2.56 2.64 2.52 2.72 2.91 3.49 3.64 3.49 3.98 4.04 4.61 5.03 5.41 5.02 6.90 5.30 4.64 2.60 1.46 1.26 0.63 0.65 0.38 0.26 0.88 0.88 1.39 1.05 1.25 2.17 3.08 4.68 6.41 6.73 13.82 19.34 27.59 31.87 31.18 41.62 48.09 57.57 54.74 50.94 52.70 58.53 58.96 56.39 58.93 61.78 65.20 72.34 72.36 73.98 81.89 76.69 69.18 62.63 58.54 63.10 56.54 51.96 48.13 43.52 43.60 46.74 44.07 46.38 43.99 42.20 43.68 40.47 39.34
4.62 4.71 4.65 4.32 4.36 4.79 5.09 5.59 5.29 5.16 5.23 4.73 4.65 4.24 4.30 4.58 4.70 4.76 4.79 5.14 5.37 5.58 5.72 7.04 6.10 8.18 6.33 4.49 3.28 1.58 1.51 0.80 0.39 0.12 0.18 0.78 1.24 1.50 2.17 2.92 4.37 6.53 10.59 14.17 18.32 25.36 33.58 46.08 52.77 51.15 58.29 59.11 64.05 69.64 73.35 70.75 73.58 69.89 66.20 73.57 81.75 82.14 86.34 89.04 88.03 90.23 87.51 84.86 81.76 75.07 71.20 64.95 62.55 57.69 60.17 60.59 53.13 50.07 52.42 47.89 46.96 45.12 40.80 42.17
9.23 9.90 9.21 8.16 8.28 9.32 8.34 8.55 7.99 7.26 6.94 6.95 6.52 6.35 5.87 6.00 5.99 5.79 5.93 5.76 6.42 6.40 6.94 8.10 6.29 8.13 7.69 4.86 3.93 2.40 1.97 1.05 0.34 0.15 0.50 1.03 1.48 2.73 4.17 6.45 7.65 11.94 19.54 23.33 30.97 36.52 47.18 51.94 61.37 68.75 66.38 66.40 66.41 73.36 75.29 74.38 79.53 73.57 79.54 80.49 92.26 94.90 96.59 98.85 100.75 96.47 95.98 94.59 86.69 79.56 75.09 71.83 69.02 66.00 65.49 66.77 58.66 54.09 54.12 46.85 42.39 43.96 44.85 45.32
13.56 14.46 12.85 12.31 11.61 12.60 11.32 10.74 9.55 7.80 7.68 6.83 7.08 6.79 6.97 6.56 6.49 5.10 5.30 6.73 6.71 6.67 6.10 7.55 6.99 7.97 8.13 5.17 4.96 3.41 3.00 1.03 0.91 0.14 1.10 0.99 2.62 4.20 6.78 9.89 12.56 14.49 24.64 32.23 37.01 51.62 56.57 63.42 67.17 76.92 78.03 75.89 79.54 83.17 78.94 78.41 77.38 79.03 79.50 81.86 83.07 93.02 95.78 100.19 103.02 102.46 100.55 95.80 96.51 81.43 77.01 73.64 70.57 68.72 71.42 68.21 53.26 61.91 56.18 50.00 41.20 36.97 46.25 48.02
16.24 15.72 14.49 13.91 12.61 12.83 11.51 11.51 9.29 7.34 7.29 6.69 6.69 6.30 6.27 6.05 6.15 5.72 5.82 5.94 7.23 7.26 7.81 8.07 7.73 9.40 8.26 6.93 6.58 4.51 3.62 2.07 1.41 1.12 1.52 2.46 3.87 6.17 10.68 14.98 18.47 22.97 32.07 36.98 45.78 62.21 68.74 75.02 77.00 83.28 79.31 78.95 80.41 83.52 83.61 78.60 76.85 74.80 72.00 78.34 84.59 90.95 91.88 101.26 106.17 105.39 100.48 93.84 86.03 76.95 75.93 72.54 68.66 68.67 73.81 66.50 55.48 54.93 53.01 41.81 37.95 38.92 46.41 48.53
14.28 13.17 12.09 11.41 10.72 10.26 9.78 9.70 7.60 5.83 5.84 5.48 5.07 4.53 4.44 4.85 4.77 5.18 5.51 5.68 7.38 7.05 7.85 8.12 8.22 9.32 8.75 8.59 8.55 6.30 4.57 3.85 3.69 1.78 2.60 4.04 7.55 10.43 16.92 21.70 24.42 28.62 33.83 39.75 42.47 59.83 69.46 76.36 77.50 76.24 75.58 74.75 74.65 79.26 78.06 78.85 75.61 70.50 72.69 71.75 78.65 83.38 89.55 93.57 98.06 98.53 97.21 89.93 78.88 70.84 69.99 68.59 65.29 66.41 63.83 60.89 52.88 54.57 45.46 37.38 33.37 35.15 40.86 45.10
10.22 10.07 9.68 7.73 6.94 6.70 6.69 7.01 5.09 4.05 3.91 3.85 3.72 3.34 3.57 3.70 4.38 5.20 5.58 6.18 7.52 8.87 8.33 9.94 10.72 12.24 10.59 12.56 12.18 9.39 7.77 5.13 4.84 3.76 3.66 5.10 6.85 11.63 19.22 27.01 31.50 31.68 34.63 41.90 39.35 46.88 62.85 63.66 65.44 62.66 63.67 67.54 69.69 70.63 73.78 72.85 73.12 65.60 57.25 62.87 62.79 73.38 79.75 83.33 85.80 83.67 77.76 74.36 68.80 65.68 64.04 59.88 56.80 55.20 66.97 43.62 46.51 52.75 38.88 34.37 31.86 35.95 35.68 41.64
7.75 6.62 5.81 5.03 4.54 4.27 4.37 4.08 3.46 2.77 2.74 3.01 2.81 2.49 2.51 2.81 3.75 4.80 5.58 6.18 8.04 10.19 12.34 13.25 12.14 15.58 13.93 15.09 13.78 14.43 10.27 7.91 6.83 5.54 5.07 5.43 6.51 13.23 21.96 30.41 37.17 38.20 41.88 46.00 42.92 49.07 55.64 57.70 56.63 55.23 58.48 60.03 60.94 65.71 63.42 60.13 63.23 65.54 57.22 52.90 57.37 64.17 70.29 70.92 68.67 70.70 68.48 60.77 56.73 53.62 48.08 49.33 48.41 46.34 43.63 37.71 34.55 36.29 32.07 29.84 27.53 24.62 34.29 38.67
3.58 3.48 2.69 2.35 2.19 2.31 2.03 1.69 1.69 1.70 1.52 2.37 2.35 1.80 2.25 2.76 3.84 5.61 6.48 8.07 9.56 12.60 15.60 17.11 18.88 18.16 17.42 18.89 17.24 17.62 12.78 10.47 8.00 6.56 5.82 5.82 7.70 11.35 19.25 31.05 41.03 47.50 52.20 52.86 49.22 51.16 55.17 57.18 51.22 48.18 46.03 50.12 51.58 53.47 55.62 53.59 55.61 56.62 55.82 43.42 45.91 53.35 53.78 54.31 55.07 55.78 46.30 46.68 45.37 44.83 42.21 38.16 36.33 32.98 28.08 28.00 25.64 22.27 20.86 18.11 19.75 18.42 23.45 29.68
1.21 1.42 1.31 1.23 1.45 1.90 1.51 1.00 1.36 1.41 1.30 2.01 1.96 1.53 2.51 2.74 4.76 6.98 7.92 10.18 14.01 17.75 20.48 24.15 26.68 23.85 20.21 21.45 20.85 20.04 15.52 13.70 11.78 8.63 7.02 6.84 8.07 12.44 18.30 30.82 36.85 45.71 51.37 54.87 51.47 52.21 51.74 48.36 45.40 42.36 40.19 41.13 43.27 41.06 36.37 39.67 41.28 42.60 44.49 39.95 42.77 43.04 43.16 42.82 41.98 41.66 36.24 34.43 33.52 31.70 26.83 27.15 22.51 21.20 16.29 16.15 15.73 13.81 12.34 11.89 11.91 14.42 18.75 22.20
0.41 0.52 0.60 0.92 1.03 1.54 1.18 1.10 0.85 0.97 0.94 1.41 1.75 1.54 2.23 3.83 6.05 8.29 10.86 14.14 17.89 26.36 28.58 32.15 30.67 25.74 26.03 25.71 22.53 25.06 19.76 19.45 18.19 14.38 12.99 10.34 10.32 11.96 21.70 26.81 35.41 42.87 45.05 50.14 50.73 49.34 44.17 40.82 39.10 35.93 34.31 33.74 33.46 26.44 21.47 23.10 25.35 26.04 30.38 30.07 31.85 32.69 31.61 30.53 26.51 22.92 21.34 22.13 20.95 24.44 19.62 16.34 11.79 9.74 6.68 5.65 6.11 6.12 5.75 5.69 7.17 7.67 10.98 14.26
0.16 0.08 0.08 0.67 0.71 1.72 1.91 1.58 1.15 1.18 1.15 1.52 1.78 1.83 3.14 5.61 8.26 11.94 14.46 20.70 27.12 32.18 36.45 38.16 38.85 33.16 32.77 31.43 29.01 27.78 25.91 22.33 19.22 17.79 14.45 12.21 11.74 14.84 21.50 29.14 36.30 41.84 48.04 46.40 46.05 48.36 43.38 37.45 37.34 31.04 26.87 24.39 25.54 15.71 14.83 15.48 18.38 20.37 22.28 21.71 22.76 24.07 22.84 20.10 15.91 14.17 14.07 14.48 14.02 12.33 9.42 9.00 5.74 4.48 3.43 3.03 2.94 2.67 2.37 2.61 3.74 4.41 5.73 8.80
0.18 0.47 0.93 1.37 2.20 2.51 2.12 1.95 1.79 1.68 1.58 2.17 1.86 2.93 4.54 7.50 11.62 16.55 20.59 24.75 32.00 39.43 39.94 45.44 45.32 44.97 44.82 39.15 38.14 37.57 31.04 27.37 24.93 22.13 18.72 16.88 15.67 16.19 22.69 30.68 37.64 44.57 46.98 46.56 46.85 45.56 39.53 36.70 33.62 27.86 23.55 18.96 17.23 12.36 10.31 11.87 13.43 14.59 15.25 14.19 13.60 15.30 12.90 11.47 9.29 8.33 7.72 6.78 7.40 7.03 4.82 4.01 2.50 2.66 2.05 1.65 1.49 0.88 0.99 0.50 1.55 1.64 2.73 4.02
0.75 0.98 1.86 2.57 3.15 3.55 3.25 2.84 2.48 2.51 2.55 2.79 3.67 4.50 6.17 10.56 15.46 21.79 26.44 30.77 35.65 40.74 47.22 47.86 49.49 48.40 54.51 49.77 45.70 42.08 38.56 30.79 28.04 24.66 20.55 21.25 21.34 18.01 24.99 33.17 35.35 41.45 45.38 43.65 44.55 45.50 42.23 36.79 32.87 27.23 23.08 18.53 14.36 11.88 10.02 10.13 10.67 11.36 11.04 10.92 10.49 11.68 10.36 8.98 6.89 5.63 4.86 5.21 5.05 4.30 3.20 2.65 1.73 1.81 1.47 0.76 0.59 0.33 0.47 0.16 0.53 0.52 1.39 1.57
1.90 2.79 4.87 6.40 6.71 6.26 5.59 5.06 4.09 4.91 4.80 8.46 8.36 7.10 10.39 14.33 20.30 28.01 31.32 34.28 39.82 42.84 46.30 54.19 50.03 52.46 55.22 54.28 51.13 47.42 39.87 34.19 28.93 26.14 23.19 20.23 22.98 22.91 26.08 30.52 34.95 36.58 37.95 41.78 42.15 45.02 40.15 36.04 30.78 27.11 23.01 17.81 14.74 11.72 10.22 9.50 8.90 8.41 8.47 8.63 8.20 8.85 8.16 6.61 5.23 3.81 3.21 3.26 2.96 2.59 2.10 2.08 1.34 1.33 1.08 0.72 0.72 0.25 0.27 0.08 0.34 0.41 1.02 0.96
3.74 6.76 10.99 14.69 15.57 15.67 13.97 10.09 8.02 8.82 12.00 15.65 14.32 12.10 16.02 20.81 23.49 30.86 32.90 37.00 41.05 44.18 47.20 52.92 54.31 56.33 57.49 54.55 51.69 49.54 41.89 35.59 31.97 28.20 23.99 23.04 21.68 22.20 24.50 29.26 30.44 31.73 38.10 39.75 38.50 41.15 38.78 35.35 31.24 25.27 20.96 16.03 13.18 10.44 9.68 9.50 8.36 7.20 6.95 6.78 6.88 6.89 6.25 5.11 4.06 3.37 2.82 2.83 2.56 2.30 1.75 1.81 1.32 1.30 1.08 0.70 0.80 0.55 0.46 0.10 0.26 0.30 0.62 0.76
9.28 18.98 24.79 30.98 31.16 30.03 24.83 20.97 20.31 20.13 23.67 22.43 22.75 16.86 21.02 24.51 28.28 34.19 34.51 37.79 41.84 46.02 48.60 49.89 51.39 54.82 55.38 52.65 51.12 48.25 40.66 35.64 32.68 27.23 23.36 22.50 19.69 18.82 24.34 26.66 27.24 28.95 32.46 38.16 38.00 36.10 33.41 30.37 28.86 24.97 21.01 15.14 12.98 10.94 9.68 9.31 8.34 6.85 6.04 5.64 5.57 5.46 4.40 3.97 3.38 2.86 2.58 2.47 2.27 1.98 1.52 1.62 1.28 1.22 0.92 0.83 0.83 0.68 0.49 0.39 0.48 0.43 0.44 0.47
16.31 29.92 35.04 41.58 44.20 45.02 40.08 34.65 31.34 30.04 28.90 30.36 29.68 23.12 25.44 28.36 30.21 34.79 35.19 36.06 40.54 41.81 44.29 48.18 47.50 50.41 54.59 52.28 46.76 41.10 37.90 35.46 30.98 25.99 21.56 20.27 19.15 17.86 20.53 24.88 25.89 24.93 26.92 30.84 33.11 33.57 31.06 31.20 28.58 24.81 20.54 16.10 13.83 11.50 10.11 8.46 8.06 6.49 5.42 4.53 4.63 4.86 4.06 3.45 3.02 2.70 2.46 2.36 1.99 1.76 1.44 1.54 1.30 1.30 1.09 1.09 0.99 0.72 0.70 0.52 0.55 0.50 0.47 0.51
25.77 35.29 44.11 47.41 49.50 51.51 50.14 46.87 41.86 38.19 37.00 35.92 33.06 22.79 26.61 30.14 32.61 35.45 35.12 35.60 35.81 35.51 35.94 41.49 43.71 46.69 46.89 46.78 43.86 37.83 33.91 32.33 29.89 23.22 20.62 20.07 17.32 15.99 17.91 20.48 19.85 20.43 24.16 24.31 27.57 27.10 28.34 29.63 26.79 26.46 21.67 17.57 15.55 12.14 10.27 8.66 7.56 6.11 4.87 3.95 3.67 3.21 2.99 2.77 2.36 2.10 2.08 1.95 1.75 1.64 1.49 1.46 1.31 1.32 1.18 1.02 0.85 0.78 0.65 0.64 0.70 0.51 0.51 0.51
36.00 42.77 49.14 53.69 51.35 55.56 54.55 52.66 50.28 46.12 42.78 38.01 28.69 21.45 26.28 28.77 31.82 34.79 33.84 32.96 30.03 31.13 31.57 34.41 38.54 42.60 45.98 40.76 36.96 33.74 30.53 27.30 25.87 21.07 18.19 15.54 14.32 13.60 14.61 15.63 15.00 17.27 19.39 20.73 21.74 24.44 29.83 29.55 28.77 27.41 23.44 19.04 16.59 12.86 10.94 8.75 7.28 5.69 4.78 3.58 3.04 2.61 2.37 2.24 2.09 1.81 1.73 1.73 1.55 1.50 1.37 1.37 1.24 1.24 1.00 0.99 0.84 0.80 0.70 0.72 0.74 0.45 0.44 0.40
45.72 52.91 56.87 58.42 59.07 61.35 57.82 56.80 54.97 50.43 44.82 37.12 27.78 18.71 23.82 28.58 32.97 32.24 30.82 27.97 26.33 25.84 26.81 27.81 33.14 37.27 36.47 35.57 31.94 25.97 23.91 22.42 20.34 17.65 14.83 12.04 9.92 8.67 8.87 9.34 10.07 12.33 15.96 17.03 19.30 21.87 27.54 29.15 28.61 28.73 24.79 19.86 16.86 12.79 10.75 8.78 7.11 5.50 4.68 3.29 2.61 1.99 1.89 1.72 1.60 1.50 1.41 1.38 1.31 1.18 1.18 1.14 1.05 0.98 0.83 0.79 0.68 0.70 0.70 0.59 0.51 0.37 0.37 0.23
51.41 57.87 60.33 64.15 63.81 65.34 60.16 57.98 56.75 51.56 44.54 35.31 26.11 16.92 21.35 27.03 31.09 30.96 28.37 24.02 22.35 22.63 22.54 25.94 29.02 30.96 32.15 29.42 23.51 19.85 18.45 16.88 14.64 13.38 12.14 10.11 7.50 5.88 5.91 6.34 7.10 8.98 12.27 15.81 18.25 20.72 25.86 28.75 29.21 29.37 25.31 19.80 16.94 12.85 10.89 8.98 6.66 5.29 4.35 2.99 2.19 1.59 1.52 1.32 1.29 1.17 1.10 1.08 1.01 0.91 0.89 0.84 0.78 0.72 0.61 0.57 0.50 0.57 0.50 0.42 0.38 0.26 0.18 0.05
58.21 62.16 66.32 70.28 69.24 71.25 66.46 61.15 59.00 53.74 44.29 35.77 26.09 18.36 20.03 26.30 29.93 27.58 24.52 22.17 18.55 18.89 21.72 23.61 24.48 26.11 26.52 23.30 18.24 14.44 12.52 11.61 9.89 9.69 8.59 7.04 5.78 4.83 4.42 4.33 5.03 7.03 9.68 13.67 16.62 19.59 24.09 28.02 28.32 29.68 25.23 20.46 17.32 13.04 11.20 8.83 6.92 5.09 4.14 2.75 1.82 1.31 1.22 1.05 0.99 0.83 0.82 0.80 0.73 0.69 0.60 0.61 0.54 0.53 0.40 0.34 0.31 0.28 0.21 0.15 0.09 0.05 0.03 0.02
59.42 64.20 68.60 70.08 71.17 71.48 67.12 61.90 56.96 50.15 44.16 36.49 26.79 19.85 21.37 24.58 28.10 26.87 23.19 19.60 16.21 16.18 18.56 19.47 21.16 20.09 19.27 18.03 15.27 10.11 8.29 7.02 5.83 5.74 5.95 5.05 4.41 3.95 3.72 3.66 4.38 5.83 8.82 12.40 15.56 19.76 24.57 27.54 27.56 29.18 25.13 20.53 17.80 13.07 11.41 8.92 6.75 4.84 3.77 2.58 1.61 1.06 1.03 0.78 0.72 0.61 0.58 0.57 0.51 0.48 0.42 0.38 0.30 0.28 0.18 0.08 0.04 0.04 0.04 0.03 0.01 0.01 0.00 0.00
60.70 65.04 69.38 70.76 70.90 72.94 66.71 61.94 55.09 47.65 42.66 36.56 28.40 21.68 23.24 24.84 27.33 26.94 24.72 19.30 17.16 16.25 16.52 15.51 14.93 14.71 14.61 13.35 10.06 6.26 5.24 4.10 3.50 2.91 3.21 3.28 3.02 2.84 3.06 3.06 3.66 5.17 7.62 11.00 14.87 19.05 23.59 27.06 27.14 28.72 24.92 21.10 18.03 13.52 11.32 8.73 6.51 4.43 3.26 2.06 1.38 0.92 0.85 0.56 0.54 0.43 0.43 0.42 0.34 0.31 0.19 0.17 0.13 0.10 0.05 0.02 0.01 0.01 0.00 0.00 0.00 0.00 0.00 0.00
