QPF/QPF_202208082200-80.txt
ncols 525
nrows 625
xllcorner -31082
yllcorner 11395
cellsize 1000.0
NODATA_value -9999.0
[rows 228 to 265 of 625, columns 84 to 167 of 525]
0.00 0.00 0.00 0.00 0.00 0.00 0.00 0.00 0.00 0.00 0.00 0.00 0.00 0.00 0.00 0.00 0.00 0.00 0.00 0.00 0.00 0.00 0.00 0.00 0.00 0.00 0.00 0.00 0.00 0.00 0.00 0.00 0.00 0.00 0.00 0.00 0.00 0.00 0.00 0.00 0.00 0.00 0.00 0.00 0.00 0.00 0.00 0.00 0.00 0.00 0.01 0.02 0.07 0.11 0.03 0.13 0.14 0.59 0.25 0.23 0.43 0.90 0.60 0.76 1.10 0.73 1.02 1.61 2.53 2.97 2.99 3.33 3.19 3.50 4.74 10.40 10.66 17.62 17.76 16.63 17.11 13.89 12.53 13.22
0.00 0.00 0.00 0.00 0.00 0.00 0.00 0.00 0.00 0.00 0.00 0.00 0.00 0.00 0.00 0.00 0.00 0.00 0.00 0.00 0.00 0.00 0.00 0.00 0.00 0.00 0.00 0.00 0.00 0.00 0.00 0.00 0.00 0.00 0.00 0.00 0.00 0.00 0.00 0.00 0.00 0.00 0.00 0.00 0.00 0.00 0.00 0.00 0.00 0.01 0.00 0.04 -0.00 0.10 0.06 0.23 0.13 0.58 0.74 0.40 1.13 0.60 0.78 1.42 1.85 0.90 0.93 2.94 4.33 6.48 4.76 4.32 3.77 3.60 3.30 6.44 6.77 13.05 12.61 12.33 12.40 10.70 10.28 9.48
0.00 0.00 0.00 0.00 0.00 0.00 0.00 0.00 0.00 0.00 0.00 0.00 0.00 0.00 0.00 0.00 0.00 0.00 0.00 0.00 0.00 0.00 0.00 0.00 0.00 0.00 0.00 0.00 0.00 0.00 0.00 0.00 0.00 0.00 0.00 0.00 0.00 0.00 0.00 0.00 0.00 0.00 0.00 0.00 0.01 0.00 0.01 0.00 0.00 0.02 0.00 0.04 0.07 0.08 0.07 0.26 0.39 0.52 0.65 0.44 0.60 0.90 1.06 1.90 2.25 1.31 1.63 3.99 6.24 7.23 5.39 5.57 4.38 4.33 4.23 7.33 7.02 11.69 10.71 8.85 8.28 7.11 6.84 7.17
0.00 0.00 0.00 0.00 0.00 0.00 0.00 0.00 0.00 0.00 0.00 0.00 0.00 0.00 0.00 0.00 0.00 0.00 0.00 0.00 0.00 0.00 0.00 0.00 0.00 0.00 0.00 0.00 0.00 0.00 0.00 0.00 0.00 0.00 0.00 0.00 0.00 0.00 0.00 0.00 0.00 0.16 0.08 0.06 0.07 0.06 0.09 0.12 0.30 0.42 0.43 0.46 0.34 0.13 0.29 0.71 0.72 1.36 1.14 1.61 2.39 1.70 2.21 3.06 3.82 2.72 3.47 5.50 6.05 8.28 8.25 6.46 4.41 5.07 4.10 4.62 3.56 5.47 4.39 4.35 4.57 4.71 4.47 4.98
0.00 0.00 0.00 0.00 0.00 0.00 0.00 0.00 0.00 0.00 0.00 0.00 0.00 0.00 0.00 0.00 0.00 0.00 0.00 0.00 0.00 0.00 0.00 0.00 0.00 0.00 0.00 0.00 0.00 0.00 0.00 0.00 0.00 0.00 0.00 0.00 0.00 0.00 0.01 0.01 0.15 0.21 0.14 0.13 0.13 0.17 0.14 0.19 0.24 0.38 0.37 0.51 0.84 0.74 0.75 0.76 1.06 1.66 1.69 1.93 2.57 1.73 2.51 3.58 3.99 3.69 4.20 6.82 7.56 7.22 6.42 5.38 5.52 5.55 4.57 5.39 4.00 4.71 4.23 3.28 3.17 3.61 3.52 4.22
0.00 0.00 0.00 0.00 0.00 0.00 0.00 0.00 0.00 0.00 0.00 0.00 0.00 0.00 0.00 0.00 0.00 0.00 0.00 0.00 0.00 0.00 0.00 0.00 0.00 0.00 0.00 0.00 0.00 0.00 0.00 0.00 0.00 0.00 0.00 0.00 0.00 0.00 0.01 0.01 0.07 0.17 0.45 0.48 0.32 0.34 0.26 0.41 0.59 0.77 1.04 1.18 1.07 1.36 1.38 1.55 1.88 3.47 4.16 3.59 3.60 2.81 3.18 4.07 3.93 3.71 4.47 6.77 7.15 7.07 6.82 6.39 6.03 5.54 4.78 5.60 4.31 4.33 3.76 2.47 2.62 2.74 2.85 3.18
0.00 0.00 0.00 0.00 0.00 0.00 0.00 0.00 0.00 0.00 0.00 0.00 0.00 0.00 0.00 0.00 0.00 0.00 0.00 0.00 0.00 0.00 0.00 0.00 0.00 0.00 0.00 0.00 0.00 0.00 0.00 0.00 0.00 0.00 0.00 0.00 0.00 0.00 0.00 0.03 0.10 0.19 0.49 0.45 0.65 0.31 0.27 0.57 0.60 1.11 0.97 1.43 1.49 1.55 1.79 2.07 2.16 4.25 4.62 4.66 5.39 3.12 3.84 3.36 4.05 3.67 4.29 6.39 6.64 4.52 4.32 4.48 4.44 4.41 4.01 3.74 3.25 2.92 2.09 2.03 1.74 2.40 2.53 2.97
0.00 0.00 0.00 0.00 0.00 0.00 0.00 0.00 0.00 0.00 0.00 0.00 0.00 0.00 0.00 0.00 0.00 0.00 0.00 0.00 0.00 0.00 0.00 0.00 0.00 0.00 0.00 0.00 0.00 0.00 0.00 0.00 0.00 0.01 0.01 0.04 0.01 0.05 0.10 0.42 0.40 1.01 0.72 0.75 0.88 0.81 0.35 0.37 0.43 1.14 1.17 1.63 2.04 2.15 2.43 2.82 2.85 5.10 6.49 6.61 6.15 3.97 4.02 3.81 3.32 2.78 3.48 5.27 5.23 4.81 4.22 4.17 4.13 3.15 3.07 2.07 1.69 1.44 1.22 1.31 1.33 1.57 1.89 1.84
0.00 0.00 0.00 0.00 0.00 0.00 0.00 0.00 0.00 0.00 0.00 0.00 0.00 0.00 0.00 0.00 0.00 0.00 0.00 0.00 0.00 0.00 0.00 0.00 0.00 0.00 0.00 0.00 0.00 0.00 0.00 0.00 0.00 0.02 -0.01 0.05 -0.01 0.11 0.20 0.37 0.54 0.65 0.82 0.93 0.89 0.97 0.75 0.59 0.86 1.38 1.49 2.40 2.26 2.62 2.36 2.92 3.12 5.41 6.04 6.34 5.61 3.85 3.88 3.24 3.02 3.51 4.18 3.54 3.98 4.00 4.01 3.43 3.49 2.09 1.66 1.27 1.37 1.34 1.35 1.19 1.25 1.62 1.86 1.72
0.00 0.00 0.00 0.00 0.00 0.00 0.00 0.00 0.00 0.00 0.00 0.00 0.00 0.00 0.00 0.00 0.00 0.00 0.00 0.00 0.00 0.00 0.00 0.00 0.00 0.00 0.00 0.00 0.00 0.00 0.00 0.00 0.00 0.03 0.02 0.14 0.08 0.31 0.35 0.52 0.78 0.94 0.85 1.09 1.15 0.75 0.80 0.85 0.91 2.03 1.89 3.18 3.60 3.57 3.62 3.73 3.88 5.72 6.18 6.14 5.84 3.71 3.92 3.55 3.51 2.82 2.68 2.38 2.91 3.35 2.93 2.21 2.17 1.06 1.12 1.23 1.35 1.82 1.79 1.74 1.68 1.98 2.32 1.88
0.00 0.00 0.00 0.00 0.00 0.00 0.00 0.00 0.00 0.00 0.00 0.00 0.00 0.00 0.00 0.00 0.00 0.00 0.00 0.00 0.00 0.00 0.00 0.00 0.00 0.00 0.00 0.00 0.00 0.00 0.00 0.00 0.01 0.07 0.09 0.26 0.27 0.43 0.36 0.86 0.87 1.01 1.14 1.10 1.18 1.08 1.20 1.39 1.57 2.45 2.82 3.69 4.30 4.67 4.90 4.76 5.08 6.73 6.54 6.33 5.56 4.04 4.08 3.25 3.34 2.31 2.70 2.19 2.42 2.36 2.27 2.00 1.67 0.90 0.95 1.18 1.31 1.80 1.99 1.90 1.82 2.53 2.54 2.64
0.00 0.00 0.00 0.00 0.00 0.00 0.00 0.00 0.00 0.00 0.00 0.00 0.00 0.00 0.00 0.00 0.00 0.00 0.00 0.00 0.00 0.00 0.00 0.00 0.00 0.00 0.00 0.00 0.00 0.00 0.00 0.01 0.02 0.33 0.31 0.70 0.64 0.48 0.72 0.96 1.18 1.20 1.25 1.67 1.93 2.09 2.10 2.28 2.63 3.55 4.09 5.07 5.64 5.84 5.77 5.91 6.54 7.33 6.97 5.63 5.31 3.99 4.45 4.07 4.30 3.25 3.26 3.28 3.45 3.37 3.15 2.77 2.65 2.18 2.07 2.15 2.05 2.98 3.40 3.39 3.54 3.90 3.99 4.00
0.00 0.00 0.00 0.00 0.00 0.00 0.00 0.00 0.00 0.00 0.00 0.00 0.00 0.00 0.00 0.00 0.00 0.00 0.00 0.00 0.00 0.00 0.00 0.00 0.00 0.00 0.00 0.00 0.00 0.00 0.00 0.02 0.07 0.33 0.29 0.53 0.51 0.66 0.81 1.21 1.42 1.49 1.70 2.26 2.59 2.68 2.88 3.25 3.65 4.63 5.38 6.41 7.14 7.74 7.97 8.18 7.70 8.15 7.59 6.08 5.63 4.25 4.10 4.25 4.07 3.53 3.53 3.43 3.56 3.30 3.22 2.98 2.88 2.46 2.23 2.39 2.27 3.14 3.63 4.20 4.55 5.09 5.14 5.09
0.00 0.00 0.00 0.00 0.00 0.00 0.00 0.00 0.00 0.00 0.00 0.00 0.00 0.00 0.00 0.00 0.00 0.00 0.00 0.00 0.00 0.00 0.00 0.00 0.00 0.00 0.00 0.00 0.00 0.00 0.00 0.00 -0.02 0.36 0.29 0.66 0.70 0.95 1.11 1.78 2.14 2.87 3.12 3.75 3.89 4.54 5.05 5.39 5.77 7.60 9.02 9.52 9.45 9.89 10.16 9.85 9.20 8.84 8.11 6.56 5.97 4.50 4.56 4.62 4.52 3.99 3.96 4.52 4.60 4.62 4.11 4.03 3.69 3.46 3.57 3.51 3.44 3.88 4.89 5.54 6.08 5.99 6.30 6.16
0.00 0.00 0.00 0.00 0.00 0.00 0.00 0.00 0.00 0.00 0.00 0.00 0.00 0.00 0.00 0.00 0.00 0.00 0.00 0.00 0.00 0.00 0.00 0.00 0.00 0.00 0.00 0.00 0.00 0.00 0.00 -0.00 0.08 0.34 0.40 0.79 0.87 1.26 1.54 2.27 2.89 3.98 4.50 5.31 5.91 7.25 7.83 8.77 9.26 11.39 12.37 12.62 13.07 12.96 12.38 11.28 10.18 9.34 8.43 6.97 5.88 4.64 4.42 4.37 4.10 3.96 3.99 4.58 4.78 4.54 4.54 4.71 4.17 4.73 4.67 4.71 4.83 5.48 5.97 6.39 7.27 7.15 7.38 6.84
0.00 0.00 0.00 0.00 0.00 0.00 0.00 0.00 0.00 0.00 0.00 0.00 0.00 0.00 0.00 0.00 0.00 0.00 0.00 0.00 0.00 0.00 0.00 0.00 0.00 0.00 0.00 0.00 0.00 0.00 0.00 0.00 0.00 0.06 0.14 0.63 0.78 1.89 2.28 3.82 4.60 6.52 8.13 9.99 11.20 14.02 14.69 15.97 16.89 18.92 19.60 18.87 18.41 17.07 15.51 13.40 11.81 9.87 8.82 7.25 6.08 4.70 4.40 4.18 3.97 3.84 3.93 4.78 5.06 4.56 4.55 5.02 4.71 6.03 5.76 6.13 6.16 5.99 6.86 7.33 8.42 8.03 8.25 7.69
0.00 0.00 0.00 0.00 0.00 0.00 0.00 0.00 0.00 0.00 0.00 0.00 0.00 0.00 0.00 0.00 0.00 0.00 0.00 0.00 0.00 0.00 0.00 0.00 0.00 0.00 0.00 0.00 0.00 0.00 0.00 0.00 0.01 0.09 0.40 1.00 1.30 3.04 3.85 5.60 7.35 9.82 12.07 14.99 17.70 21.57 22.16 23.16 23.48 24.09 23.76 22.03 21.36 18.65 16.74 14.61 12.70 10.20 8.94 7.55 6.11 4.71 4.43 4.31 4.01 3.86 3.96 4.93 5.31 5.18 5.44 5.66 5.64 7.43 7.27 7.98 8.06 7.52 7.89 8.09 8.93 8.17 8.36 7.61
0.00 0.00 0.00 0.00 0.00 0.00 0.00 0.00 0.00 0.00 0.00 0.00 0.00 0.00 0.00 0.00 0.00 0.00 0.00 0.00 0.00 0.00 0.00 0.00 0.00 0.00 0.00 0.00 0.00 0.01 0.05 0.13 0.21 1.24 1.89 2.52 3.75 6.84 9.05 11.00 13.88 17.36 20.50 23.83 27.30 31.72 31.82 31.90 31.90 30.61 29.25 26.49 24.83 20.31 17.38 15.13 12.63 10.04 8.35 7.22 6.44 4.74 4.42 4.22 4.20 4.21 4.74 5.34 6.18 5.72 5.90 5.95 6.05 7.71 8.04 8.85 8.56 7.73 7.93 8.08 8.84 8.20 8.23 7.11
0.00 0.00 0.00 0.00 0.00 0.00 0.00 0.00 0.00 0.00 0.00 0.00 0.00 0.00 0.00 0.00 0.00 0.00 0.00 0.00 0.00 0.00 0.00 0.00 0.00 0.00 0.00 0.00 0.00 0.05 0.06 -0.00 0.20 1.55 2.37 3.61 5.11 10.01 13.69 17.01 20.79 24.13 26.75 29.61 32.21 35.75 35.34 34.16 33.70 31.50 30.10 27.48 25.44 20.49 17.47 14.71 12.41 9.94 7.94 7.06 5.98 4.38 4.12 4.09 4.08 4.26 4.54 5.55 6.52 5.93 6.09 6.53 6.47 7.69 8.27 8.98 8.52 7.40 7.49 7.66 8.09 7.20 7.06 6.13
0.00 0.00 0.00 0.00 0.00 0.00 0.00 0.00 0.00 0.00 0.00 0.00 0.00 0.00 0.00 0.00 0.00 0.00 0.00 0.00 0.00 0.00 0.00 0.00 0.00 0.00 0.00 0.00 0.00 0.18 0.28 0.79 1.07 4.13 5.82 8.59 11.58 18.33 22.98 26.10 29.99 33.32 34.25 35.25 36.87 40.38 40.02 37.80 36.68 32.78 30.50 28.35 25.61 20.52 17.04 13.76 11.35 8.45 6.52 5.56 4.65 3.47 3.47 3.53 3.41 4.55 5.29 6.20 6.97 5.98 5.86 6.77 6.96 7.76 8.34 8.99 8.34 6.89 6.54 6.20 6.17 5.86 5.89 4.79
0.00 0.00 0.00 0.00 0.00 0.00 0.00 0.00 0.00 0.00 0.00 0.00 0.00 0.00 0.00 0.01 0.00 0.00 0.00 0.00 0.00 0.00 0.00 0.00 0.00 0.00 0.00 0.00 0.00 0.07 0.22 0.64 0.87 3.99 5.62 8.40 11.13 18.71 22.71 25.38 29.64 33.03 33.94 34.35 35.38 38.40 37.05 35.80 34.18 30.26 28.91 26.15 23.89 18.75 15.59 12.36 9.96 7.03 5.80 4.95 4.22 3.08 3.04 3.11 2.96 3.78 4.42 5.57 6.32 5.32 4.94 5.74 5.83 6.41 7.10 7.63 7.14 5.71 5.15 4.97 4.75 4.43 4.22 3.76
0.00 0.00 0.00 0.00 0.00 0.00 0.00 0.00 0.00 0.00 0.00 0.00 0.00 0.00 0.00 0.00 0.00 0.00 0.00 0.00 0.00 0.00 0.00 0.00 0.00 0.00 0.00 0.00 0.00 0.00 0.06 0.21 0.41 3.20 4.97 8.27 11.33 19.31 23.66 26.61 30.47 33.33 33.49 33.36 34.89 34.41 32.82 32.57 30.02 25.74 24.70 22.96 20.94 16.12 13.47 10.17 8.04 5.37 4.48 3.79 3.24 2.51 2.49 2.45 2.41 2.72 3.22 4.25 5.19 4.71 4.61 5.25 5.26 5.28 5.39 5.67 5.36 4.25 3.77 3.28 3.19 3.02 2.85 2.72
0.00 0.00 0.00 0.00 0.00 0.00 0.00 0.00 0.00 0.00 0.00 0.00 0.00 0.00 0.03 0.03 0.05 0.00 0.00 0.00 0.00 0.00 0.00 0.00 0.00 0.00 0.00 0.00 0.00 0.00 0.00 0.17 0.35 2.60 3.97 6.55 9.26 17.55 22.26 25.53 29.20 32.74 33.20 33.81 33.60 31.81 29.77 27.98 25.68 22.45 20.93 18.65 16.13 13.18 10.14 7.59 6.24 4.30 3.68 3.12 2.74 2.21 2.41 2.30 2.32 2.56 2.77 3.54 4.12 3.89 3.71 4.13 4.14 4.09 4.20 4.35 4.27 3.14 2.90 2.51 2.37 2.38 2.30 2.31
0.00 0.00 0.00 0.00 0.00 0.00 0.00 0.01 0.01 0.01 0.01 0.00 0.00 0.01 0.04 0.29 0.25 0.20 0.22 0.03 0.00 0.00 0.00 0.00 0.00 0.00 0.00 0.00 0.00 0.00 0.00 0.08 0.32 2.50 3.62 6.05 7.78 14.45 19.24 22.65 26.79 31.27 31.05 30.11 29.37 25.96 23.68 22.82 20.29 17.42 16.05 13.99 12.33 10.12 8.45 6.27 5.34 4.14 3.87 3.45 3.37 3.08 3.03 3.12 3.02 2.95 3.12 3.19 3.20 2.80 2.68 2.58 2.52 2.36 2.23 2.48 2.42 1.81 1.72 1.61 1.50 1.44 1.46 1.53
0.00 0.00 0.00 0.00 0.00 0.00 0.00 0.01 0.01 0.07 0.04 0.06 0.04 0.22 0.20 0.04 0.10 0.00 0.00 0.00 0.00 0.00 0.00 0.00 0.00 0.00 0.00 0.00 0.00 0.00 0.00 0.00 0.24 1.79 2.66 4.51 5.54 10.42 14.42 17.12 19.90 23.77 23.85 22.91 22.21 19.34 17.12 15.68 13.52 10.97 9.87 8.43 7.10 5.30 4.33 3.73 3.10 2.86 2.63 2.52 2.57 2.48 2.27 2.25 2.23 2.25 2.28 2.34 2.31 2.30 2.21 2.07 2.05 1.80 1.79 1.87 1.86 1.45 1.39 1.28 1.24 1.29 1.28 1.30
0.00 0.00 0.00 0.00 0.00 0.00 0.04 0.14 0.08 0.53 0.61 0.82 0.65 0.97 0.65 0.34 0.11 0.00 0.00 0.00 0.00 0.00 0.00 0.00 0.00 0.00 0.00 0.00 0.00 0.00 0.00 0.00 0.00 0.57 1.13 2.46 3.11 6.63 9.04 11.72 13.70 15.23 15.96 16.41 16.00 14.00 12.71 11.19 10.10 7.58 5.56 4.22 3.22 2.38 2.19 1.95 1.94 1.48 1.47 1.42 1.69 1.65 1.63 1.58 1.72 1.53 1.58 1.63 1.63 1.55 1.64 1.57 1.46 1.40 1.52 1.50 1.36 1.24 1.18 1.17 1.19 1.29 1.33 1.40
0.00 0.00 0.00 0.00 0.00 0.00 -0.01 0.17 0.13 0.64 0.70 0.70 0.25 0.80 0.47 0.44 0.26 0.01 0.00 0.00 0.00 0.00 0.00 0.00 0.00 0.00 0.00 0.00 0.00 0.00 0.00 0.00 0.01 0.24 0.72 1.57 2.10 4.31 6.19 8.30 9.70 10.43 10.94 10.65 10.56 9.21 7.81 6.49 5.90 3.82 2.93 2.46 1.76 1.54 1.44 1.40 1.14 0.96 0.92 0.89 0.93 1.03 1.08 1.08 1.16 1.06 1.16 1.10 1.11 1.14 1.22 1.05 1.02 0.99 0.99 0.95 0.87 0.86 0.85 0.80 0.80 0.94 0.94 0.86
0.00 0.00 0.00 0.00 0.00 0.00 0.07 0.34 0.51 0.89 1.04 1.13 0.84 1.17 0.70 0.56 0.23 0.00 -0.02 0.01 0.00 0.00 0.00 0.00 0.00 0.00 0.00 0.00 0.00 0.00 0.00 0.00 0.00 0.00 0.00 0.01 0.08 0.41 0.56 0.76 0.90 0.86 0.92 1.02 1.18 1.17 0.95 0.88 0.77 0.82 0.60 0.35 0.27 0.16 0.13 0.13 0.07 0.04 0.05 0.04 0.05 0.11 0.15 0.12 0.08 0.04 0.05 0.10 0.13 0.18 0.22 0.24 0.24 0.21 0.18 0.16 0.17 0.21 0.20 0.19 0.15 0.24 0.23 0.17
0.00 0.00 0.00 0.00 0.00 0.07 0.23 0.48 0.53 1.12 1.20 1.21 0.89 1.19 0.85 0.58 0.29 0.00 0.01 0.02 0.01 0.00 0.00 0.00 0.00 0.00 0.00 0.00 0.00 0.00 0.00 0.00 0.00 0.00 0.02 -0.00 0.12 0.45 0.57 0.75 0.86 0.82 0.83 0.96 1.02 0.91 0.79 0.59 0.56 0.56 0.42 0.29 0.19 0.09 0.08 0.06 0.05 0.05 0.05 0.05 0.06 0.07 0.11 0.10 0.08 0.06 0.06 0.10 0.13 0.12 0.14 0.18 0.15 0.14 0.14 0.13 0.14 0.18 0.19 0.19 0.16 0.24 0.22 0.16
0.00 0.00 0.00 0.00 0.24 0.39 0.34 0.43 0.60 0.90 0.81 0.87 0.61 0.78 0.51 0.35 0.17 0.00 0.00 0.00 0.00 0.00 0.00 0.00 0.00 0.00 0.00 0.00 0.00 0.00 0.00 0.00 0.00 0.00 0.00 0.01 0.05 0.27 0.36 0.47 0.62 0.61 0.60 0.54 0.58 0.61 0.47 0.41 0.42 0.33 0.26 0.15 0.09 0.05 0.06 0.07 0.06 0.06 0.06 0.05 0.05 0.06 0.07 0.08 0.06 0.04 0.04 0.06 0.08 0.08 0.09 0.13 0.11 0.12 0.10 0.08 0.09 0.10 0.11 0.13 0.11 0.17 0.17 0.13
0.00 0.00 0.00 0.05 0.14 0.39 0.42 0.61 0.60 0.83 0.82 0.74 0.61 0.71 0.50 0.42 0.24 0.00 0.00 0.00 0.00 0.00 0.00 0.00 0.00 0.00 0.00 0.00 0.00 0.00 0.00 0.00 0.00 0.00 0.00 0.00 0.00 0.10 0.11 0.19 0.28 0.28 0.29 0.22 0.27 0.30 0.25 0.23 0.24 0.23 0.20 0.14 0.06 0.02 0.03 0.03 0.02 0.02 0.04 0.05 0.04 0.03 0.05 0.07 0.06 0.05 0.05 0.07 0.08 0.08 0.06 0.08 0.07 0.08 0.07 0.05 0.05 0.05 0.07 0.10 0.10 0.14 0.14 0.11
0.00 0.05 0.08 0.40 0.53 0.33 0.46 0.59 0.64 0.46 0.33 0.39 0.25 0.26 0.18 0.29 0.14 0.00 0.00 0.00 0.00 0.00 0.00 0.00 0.00 0.00 0.00 0.03 0.04 0.00 0.00 0.00 0.00 0.00 0.00 0.00 0.00 0.00 0.00 0.00 0.00 -0.00 0.01 0.00 0.00 0.00 0.00 0.00 0.00 0.00 0.00 0.00 0.00 0.00 0.00 0.00 0.00 0.00 0.00 0.00 0.00 0.00 0.00 0.00 0.00 0.00 0.00 0.00 0.00 0.02 0.02 0.02 0.03 0.04 0.04 0.03 0.03 0.02 0.03 0.03 0.03 0.06 0.05 0.04
0.00 0.00 0.07 0.34 0.45 0.30 0.37 0.39 0.39 0.35 0.24 0.22 0.21 0.25 0.22 0.22 0.11 0.00 0.00 0.00 0.00 0.00 0.00 0.00 0.00 0.00 0.00 0.01 0.02 0.00 0.00 0.00 0.00 0.00 0.00 0.00 0.00 0.00 0.00 0.00 0.00 0.00 0.00 0.00 0.00 0.00 0.00 0.00 0.00 0.00 0.00 0.00 0.00 0.00 0.00 0.00 0.00 0.00 0.00 0.00 0.00 0.00 0.00 0.00 0.00 0.00 0.00 0.00 0.01 0.02 0.02 0.03 0.03 0.04 0.05 0.04 0.03 0.03 0.04 0.03 0.04 0.04 0.05 0.04
0.00 0.07 0.04 0.12 0.16 -0.01 0.06 0.03 0.03 0.00 0.00 0.00 0.01 0.08 0.06 0.05 0.03 0.00 0.00 0.00 0.00 0.00 0.00 0.00 0.00 0.00 0.00 0.00 0.01 0.00 0.00 0.00 0.00 0.00 0.00 0.00 0.00 0.00 0.00 0.00 0.00 0.00 0.00 0.00 0.00 0.00 0.00 0.00 0.00 0.00 0.00 0.00 0.00 0.00 0.00 0.00 0.00 0.00 0.00 0.00 0.00 0.00 0.00 0.00 0.00 0.00 0.00 0.00 0.00 0.02 0.02 0.02 0.03 0.04 0.03 0.04 0.04 0.03 0.03 0.03 0.03 0.02 0.03 0.03
0.07 0.03 0.05 0.07 0.11 0.01 0.01 0.01 0.00 0.00 0.00 0.00 0.00 0.04 0.04 0.01 0.00 0.00 0.00 0.00 0.00 0.00 0.00 0.00 0.00 0.00 0.00 0.00 0.00 0.00 0.00 0.00 0.00 0.00 0.00 0.00 0.00 0.00 0.00 0.00 0.00 0.00 0.00 0.00 0.00 0.00 0.00 0.00 0.00 0.00 0.00 0.00 0.00 0.00 0.00 0.00 0.00 0.00 0.00 0.00 0.00 0.00 0.00 0.00 0.00 0.00 0.00 0.01 0.01 0.02 0.01 0.02 0.02 0.03 0.02 0.02 0.02 0.01 0.01 0.02 0.01 0.01 0.01 0.02
0.50 0.32 0.30 0.18 0.23 0.09 0.04 0.01 0.00 0.00 0.00 0.00 0.00 0.03 0.02 0.00 0.00 0.00 0.00 0.00 0.00 0.00 0.00 0.00 0.00 0.00 0.00 0.00 0.00 0.00 0.00 0.00 0.00 0.00 0.00 0.00 0.00 0.00 0.00 0.00 0.00 0.00 0.00 0.00 0.00 0.00 0.00 0.00 0.00 0.00 0.00 0.00 0.00 0.00 0.00 0.00 0.00 0.00 0.00 0.00 0.00 0.00 0.00 0.00 0.00 0.01 0.01 0.01 0.01 0.02 0.02 0.01 0.01 0.01 0.01 0.01 0.01 0.00 0.00 0.01 0.00 0.00 0.00 0.00
0.33 0.21 0.26 0.03 0.04 -0.01 0.00 0.00 0.00 0.00 0.00 0.00 0.00 0.00 0.00 0.00 0.00 0.00 0.00 0.00 0.00 0.00 0.00 0.00 0.00 0.00 0.00 0.00 0.00 0.00 0.00 0.00 0.00 0.00 0.00 0.00 0.00 0.00 0.00 0.00 0.00 0.00 0.00 0.00 0.00 0.00 0.00 0.00 0.00 0.00 0.00 0.00 0.00 0.00 0.00 0.00 0.00 0.00 0.00 0.00 0.00 0.00 0.00 0.00 0.00 0.00 0.00 0.01 0.01 0.02 0.02 0.01 0.01 0.01 0.01 0.01 0.01 0.00 0.00 0.00 0.00 0.00 0.00 0.00
0.47 -0.05 0.10 0.05 0.03 0.00 0.00 0.00 0.00 0.00 0.00 0.00 0.00 0.00 0.00 0.00 0.00 0.00 0.00 0.00 0.00 0.00 0.00 0.00 0.00 0.00 0.00 0.00 0.00 0.00 0.00 0.00 0.00 0.00 0.00 0.00 0.00 0.00 0.00 0.00 0.00 0.00 0.00 0.00 0.00 0.00 0.00 0.00 0.00 0.00 0.00 0.00 0.00 0.00 0.00 0.00 0.00 0.00 0.00 0.00 0.00 0.00 0.00 0.00 0.00 0.00 0.00 0.00 0.00 0.02 0.01 0.01 0.01 0.00 0.00 0.00 0.01 0.00 0.00 0.00 0.00 0.00 0.00 0.00
