QPF/QPF_202208082200-30.txt
ncols 525
nrows 625
xllcorner -31082
yllcorner 11395
cellsize 1000.0
NODATA_value -9999.0
[rows 76 to 113 of 625, columns 420 to 503 of 525]
0.00 0.00 0.00 0.00 0.00 0.00 0.00 0.00 0.00 0.00 0.00 0.00 0.00 0.00 0.00 0.00 0.00 0.00 0.00 0.00 0.00 0.00 0.00 0.00 0.00 0.00 0.00 0.00 0.00 0.00 0.00 0.00 0.00 0.00 0.00 0.00 0.00 0.00 0.00 0.00 0.00 0.00 0.00 0.02 0.02 0.04 0.07 0.13 0.15 0.32 0.36 0.47 0.52 0.62 0.68 0.75 0.83 1.01 0.97 0.95 0.96 1.00 0.98 0.96 0.90 0.84 0.85 0.84 0.86 0.92 0.87 0.84 0.81 0.70 0.67 0.65 0.61 0.60 0.55 0.54 0.53 0.47 0.46 0.43
0.00 0.00 0.00 0.00 0.00 0.00 0.00 0.00 0.00 0.00 0.00 0.00 0.00 0.00 0.00 0.00 0.00 0.00 0.00 0.00 0.00 0.00 0.00 0.00 0.00 0.00 0.00 0.00 0.00 0.00 0.00 0.00 0.00 0.00 0.00 0.00 0.00 0.00 0.00 0.00 0.00 0.00 0.00 0.00 0.01 0.02 0.05 0.11 0.20 0.31 0.36 0.46 0.52 0.57 0.61 0.73 0.76 0.94 0.96 0.89 0.90 0.95 0.97 0.94 0.94 0.91 0.83 0.83 0.83 0.86 0.86 0.85 0.81 0.69 0.63 0.63 0.57 0.57 0.53 0.52 0.53 0.46 0.45 0.44
0.00 0.00 0.00 0.00 0.00 0.00 0.00 0.00 0.00 0.00 0.00 0.00 0.00 0.00 0.00 0.00 0.00 0.00 0.00 0.00 0.00 0.00 0.00 0.00 0.00 0.00 0.00 0.00 0.00 0.00 0.00 0.00 0.00 0.00 0.00 0.00 0.00 0.00 0.00 0.00 0.00 0.00 0.00 0.00 0.00 0.00 0.03 0.11 0.14 0.29 0.31 0.39 0.41 0.47 0.57 0.63 0.61 0.88 0.85 0.83 0.88 0.95 0.96 0.96 0.95 0.93 0.86 0.83 0.80 0.84 0.83 0.81 0.78 0.65 0.63 0.60 0.55 0.55 0.52 0.52 0.52 0.46 0.45 0.43
0.00 0.00 0.00 0.00 0.00 0.00 0.00 0.00 0.00 0.00 0.00 0.00 0.00 0.00 0.00 0.00 0.00 0.00 0.00 0.00 0.00 0.00 0.00 0.00 0.00 0.00 0.00 0.00 0.00 0.00 0.00 0.00 0.00 0.00 0.00 0.00 0.00 0.00 0.00 0.00 0.00 0.00 0.00 0.00 0.01 0.01 0.04 0.10 0.12 0.24 0.28 0.32 0.38 0.47 0.51 0.58 0.57 0.76 0.79 0.77 0.83 0.88 0.94 0.93 0.99 0.95 0.88 0.80 0.73 0.76 0.77 0.78 0.72 0.64 0.62 0.58 0.49 0.52 0.49 0.50 0.49 0.45 0.44 0.41
0.00 0.00 0.00 0.00 0.00 0.00 0.00 0.00 0.00 0.00 0.00 0.00 0.00 0.00 0.00 0.00 0.00 0.00 0.00 0.00 0.00 0.00 0.00 0.00 0.00 0.00 0.00 0.00 0.00 0.00 0.00 0.00 0.00 0.00 0.00 0.00 0.00 0.00 0.00 0.00 0.00 0.00 0.00 0.00 0.00 0.00 0.03 0.08 0.13 0.22 0.25 0.33 0.34 0.40 0.43 0.53 0.50 0.71 0.70 0.72 0.77 0.82 0.89 0.94 0.94 0.95 0.89 0.77 0.74 0.74 0.70 0.72 0.70 0.62 0.60 0.55 0.52 0.50 0.46 0.49 0.48 0.45 0.44 0.40
0.00 0.00 0.00 0.00 0.00 0.00 0.00 0.00 0.00 0.00 0.00 0.00 0.00 0.00 0.00 0.00 0.00 0.00 0.00 0.00 0.00 0.00 0.00 0.00 0.00 0.00 0.00 0.00 0.00 0.00 0.00 0.00 0.00 0.00 0.00 0.00 0.00 0.00 0.00 0.00 0.00 0.00 0.00 0.00 0.00 0.00 0.01 0.07 0.08 0.19 0.21 0.30 0.31 0.38 0.38 0.46 0.52 0.62 0.64 0.62 0.62 0.78 0.81 0.85 0.90 0.92 0.87 0.75 0.71 0.69 0.62 0.64 0.64 0.60 0.59 0.56 0.50 0.48 0.43 0.46 0.46 0.44 0.44 0.38
0.00 0.00 0.00 0.00 0.00 0.00 0.00 0.00 0.00 0.00 0.00 0.00 0.00 0.00 0.00 0.00 0.00 0.00 0.00 0.00 0.00 0.00 0.00 0.00 0.00 0.00 0.00 0.00 0.00 0.00 0.00 0.00 0.00 0.00 0.00 0.00 0.00 0.00 0.00 0.00 0.00 0.00 0.00 0.00 0.00 0.00 0.01 0.07 0.06 0.13 0.17 0.24 0.28 0.34 0.38 0.42 0.49 0.59 0.56 0.54 0.57 0.71 0.77 0.82 0.86 0.93 0.86 0.81 0.75 0.72 0.60 0.60 0.60 0.62 0.58 0.56 0.48 0.46 0.41 0.45 0.45 0.44 0.43 0.39
0.00 0.00 0.00 0.00 0.00 0.00 0.00 0.00 0.00 0.00 0.00 0.00 0.00 0.00 0.00 0.00 0.00 0.00 0.00 0.00 0.00 0.00 0.00 0.00 0.00 0.00 0.00 0.00 0.00 0.00 0.00 0.00 0.00 0.00 0.00 0.00 0.00 0.00 0.00 0.00 0.00 0.00 0.01 0.00 0.01 0.00 0.02 0.05 0.07 0.14 0.17 0.20 0.26 0.31 0.33 0.43 0.50 0.56 0.60 0.58 0.62 0.71 0.76 0.83 0.86 0.96 0.96 0.87 0.85 0.80 0.69 0.67 0.66 0.62 0.59 0.56 0.54 0.48 0.43 0.47 0.46 0.46 0.45 0.42
0.00 0.00 0.00 0.00 0.00 0.00 0.00 0.00 0.00 0.00 0.00 0.00 0.00 0.00 0.00 0.00 0.00 0.00 0.00 0.00 0.00 0.00 0.00 0.00 0.00 0.00 0.00 0.00 0.00 0.00 0.00 0.00 0.00 0.00 0.00 0.00 0.00 0.00 0.00 0.00 0.00 0.00 0.01 0.00 0.01 0.00 0.03 0.06 0.06 0.11 0.14 0.19 0.25 0.28 0.34 0.40 0.47 0.55 0.55 0.58 0.58 0.69 0.73 0.80 0.82 0.94 0.94 0.90 0.83 0.86 0.80 0.71 0.72 0.61 0.62 0.58 0.53 0.54 0.48 0.51 0.49 0.50 0.52 0.48
0.00 0.00 0.00 0.00 0.00 0.00 0.00 0.00 0.00 0.00 0.00 0.00 0.00 0.00 0.00 0.00 0.00 0.00 0.00 0.00 0.00 0.00 0.00 0.00 0.00 0.00 0.00 0.00 0.00 0.00 0.00 0.00 0.00 0.00 0.00 0.00 0.00 0.00 0.00 0.00 0.00 0.00 0.00 0.00 0.00 0.02 0.06 0.08 0.11 0.12 0.16 0.19 0.22 0.26 0.33 0.37 0.43 0.50 0.52 0.54 0.56 0.66 0.71 0.75 0.82 0.87 0.89 0.91 0.84 0.89 0.81 0.78 0.71 0.64 0.63 0.58 0.55 0.60 0.58 0.54 0.51 0.54 0.53 0.51
0.00 0.00 0.00 0.00 0.00 0.00 0.00 0.00 0.00 0.00 0.00 0.00 0.00 0.00 0.00 0.00 0.00 0.00 0.00 0.00 0.00 0.00 0.00 0.00 0.00 0.00 0.00 0.00 0.00 0.00 0.00 0.00 0.00 0.00 0.00 0.00 0.00 0.00 0.00 0.00 0.00 0.00 0.00 0.00 0.02 0.04 0.06 0.10 0.12 0.13 0.14 0.20 0.22 0.26 0.31 0.37 0.43 0.50 0.56 0.52 0.57 0.65 0.69 0.70 0.72 0.81 0.82 0.82 0.80 0.85 0.80 0.75 0.69 0.65 0.63 0.62 0.60 0.61 0.62 0.52 0.54 0.55 0.53 0.51
0.00 0.00 0.00 0.00 0.00 0.00 0.00 0.00 0.00 0.00 0.00 0.00 0.00 0.00 0.00 0.00 0.00 0.00 0.00 0.00 0.00 0.00 0.00 0.00 0.00 0.00 0.00 0.00 0.00 0.00 0.00 0.00 0.00 0.00 0.00 0.00 0.00 0.00 0.00 0.00 0.00 0.01 0.02 0.03 0.03 0.07 0.10 0.16 0.16 0.17 0.20 0.22 0.24 0.24 0.30 0.33 0.40 0.46 0.51 0.54 0.56 0.63 0.63 0.63 0.65 0.70 0.72 0.72 0.71 0.76 0.73 0.69 0.67 0.64 0.63 0.61 0.60 0.62 0.57 0.54 0.52 0.56 0.53 0.53
0.00 0.00 0.00 0.00 0.00 0.00 0.00 0.00 0.00 0.00 0.00 0.00 0.00 0.00 0.00 0.00 0.00 0.00 0.00 0.00 0.00 0.00 0.00 0.00 0.00 0.00 0.00 0.00 0.00 0.00 0.00 0.00 0.00 0.00 0.00 0.01 0.01 0.00 0.00 0.02 0.03 0.10 0.11 0.10 0.11 0.15 0.20 0.22 0.19 0.20 0.22 0.23 0.25 0.26 0.29 0.34 0.42 0.49 0.52 0.58 0.57 0.64 0.64 0.64 0.65 0.72 0.69 0.73 0.71 0.72 0.73 0.70 0.66 0.67 0.61 0.62 0.59 0.59 0.59 0.56 0.53 0.58 0.55 0.54
0.00 0.00 0.00 0.00 0.00 0.00 0.00 0.00 0.00 0.00 0.00 0.00 0.00 0.00 0.00 0.00 0.00 0.00 0.00 0.00 0.00 0.00 0.00 0.00 0.00 0.00 0.00 0.00 0.00 0.00 0.00 0.00 0.00 0.05 0.08 0.05 0.04 0.03 0.04 0.07 0.13 0.25 0.22 0.25 0.26 0.27 0.30 0.27 0.27 0.24 0.24 0.23 0.24 0.27 0.32 0.36 0.45 0.51 0.57 0.58 0.63 0.65 0.69 0.68 0.67 0.71 0.73 0.75 0.72 0.75 0.70 0.67 0.65 0.66 0.65 0.62 0.61 0.59 0.60 0.55 0.52 0.55 0.53 0.53
0.00 0.00 0.00 0.00 0.00 0.00 0.00 0.00 0.00 0.00 0.00 0.00 0.00 0.00 0.00 0.00 0.00 0.00 0.00 0.00 0.00 0.00 0.00 0.00 0.00 0.00 0.00 0.00 0.00 0.00 0.00 0.00 0.01 0.10 0.15 0.15 0.18 0.17 0.17 0.23 0.29 0.35 0.39 0.38 0.35 0.36 0.40 0.38 0.33 0.30 0.31 0.28 0.27 0.28 0.33 0.39 0.46 0.53 0.59 0.61 0.62 0.67 0.67 0.67 0.63 0.68 0.66 0.72 0.70 0.69 0.69 0.67 0.65 0.65 0.62 0.62 0.60 0.55 0.56 0.51 0.54 0.53 0.52 0.52
0.00 0.00 0.00 0.00 0.00 0.00 0.00 0.00 0.00 0.00 0.00 0.00 0.00 0.00 0.00 0.00 0.00 0.00 0.00 0.00 0.00 0.00 0.00 0.00 0.00 0.00 0.00 0.00 0.00 0.00 0.00 0.01 0.07 0.17 0.22 0.23 0.27 0.29 0.30 0.36 0.39 0.46 0.50 0.49 0.47 0.49 0.50 0.46 0.42 0.39 0.37 0.34 0.32 0.34 0.39 0.47 0.51 0.57 0.58 0.62 0.67 0.70 0.68 0.70 0.64 0.66 0.67 0.75 0.75 0.74 0.70 0.69 0.70 0.71 0.65 0.62 0.60 0.54 0.55 0.50 0.51 0.50 0.49 0.45
0.00 0.00 0.00 0.00 0.00 0.00 0.00 0.00 0.00 0.00 0.00 0.00 0.00 0.00 0.00 0.00 0.00 0.00 0.00 0.00 0.00 0.00 0.00 0.00 0.00 0.00 0.00 0.00 0.00 0.00 0.00 0.07 0.16 0.25 0.28 0.35 0.41 0.39 0.40 0.51 0.50 0.60 0.58 0.59 0.58 0.55 0.55 0.54 0.52 0.47 0.46 0.45 0.41 0.38 0.43 0.51 0.54 0.58 0.62 0.66 0.64 0.72 0.72 0.70 0.72 0.66 0.67 0.74 0.71 0.75 0.71 0.68 0.68 0.68 0.61 0.57 0.55 0.55 0.54 0.49 0.50 0.48 0.47 0.40
0.00 0.00 0.00 0.00 0.00 0.00 0.00 0.00 0.00 0.00 0.00 0.00 0.00 0.00 0.00 0.00 0.00 0.00 0.00 0.00 0.00 0.00 0.00 0.00 0.00 0.00 0.00 0.00 0.00 0.04 0.09 0.18 0.22 0.32 0.34 0.43 0.47 0.51 0.51 0.60 0.58 0.72 0.64 0.65 0.62 0.62 0.57 0.61 0.61 0.54 0.54 0.48 0.45 0.45 0.49 0.55 0.56 0.61 0.63 0.68 0.68 0.70 0.72 0.72 0.70 0.73 0.70 0.74 0.70 0.74 0.74 0.62 0.65 0.67 0.56 0.54 0.56 0.53 0.52 0.50 0.50 0.48 0.45 0.37
0.00 0.00 0.00 0.00 0.00 0.00 0.00 0.00 0.00 0.00 0.00 0.00 0.00 0.00 0.00 0.00 0.00 0.00 0.00 0.00 0.00 0.00 0.00 0.00 0.00 0.00 0.00 0.00 0.04 0.10 0.16 0.22 0.28 0.39 0.39 0.51 0.54 0.59 0.63 0.65 0.65 0.76 0.74 0.71 0.67 0.65 0.64 0.62 0.62 0.58 0.55 0.53 0.55 0.51 0.54 0.56 0.59 0.64 0.66 0.68 0.71 0.71 0.71 0.71 0.61 0.67 0.76 0.77 0.76 0.77 0.73 0.70 0.69 0.65 0.61 0.58 0.55 0.52 0.50 0.49 0.50 0.46 0.43 0.35
0.00 0.00 0.00 0.00 0.00 0.00 0.00 0.00 0.00 0.00 0.00 0.00 0.00 0.00 0.00 0.00 0.00 0.00 0.00 0.00 0.00 0.00 0.00 0.00 0.00 0.00 0.00 0.04 0.07 0.15 0.20 0.31 0.35 0.54 0.58 0.65 0.64 0.71 0.72 0.72 0.73 0.87 0.82 0.78 0.74 0.70 0.66 0.66 0.69 0.61 0.63 0.57 0.59 0.54 0.58 0.62 0.62 0.70 0.69 0.71 0.76 0.78 0.76 0.69 0.64 0.68 0.75 0.84 0.78 0.79 0.75 0.69 0.68 0.68 0.61 0.58 0.55 0.52 0.51 0.48 0.47 0.42 0.41 0.33
0.00 0.00 0.00 0.00 0.00 0.00 0.00 0.00 0.00 0.00 0.00 0.00 0.00 0.00 0.00 0.00 0.00 0.00 0.00 0.00 0.00 0.00 0.00 0.00 0.00 0.00 0.00 0.06 0.09 0.19 0.24 0.34 0.39 0.60 0.63 0.69 0.62 0.74 0.73 0.71 0.77 0.89 0.84 0.80 0.79 0.72 0.71 0.72 0.71 0.62 0.64 0.60 0.61 0.60 0.62 0.64 0.65 0.68 0.70 0.75 0.79 0.79 0.78 0.74 0.67 0.68 0.65 0.75 0.85 0.81 0.76 0.69 0.67 0.66 0.62 0.57 0.55 0.51 0.51 0.46 0.45 0.41 0.37 0.29
0.00 0.00 0.00 0.00 0.00 0.00 0.00 0.00 0.00 0.00 0.00 0.00 0.00 0.00 0.00 0.00 0.00 0.00 0.00 0.00 0.00 0.00 0.00 0.00 0.00 0.01 0.05 0.09 0.15 0.25 0.30 0.42 0.46 0.69 0.73 0.75 0.77 0.79 0.84 0.83 0.83 0.92 0.90 0.85 0.79 0.75 0.70 0.72 0.73 0.65 0.62 0.62 0.65 0.63 0.64 0.65 0.68 0.73 0.67 0.71 0.75 0.82 0.82 0.78 0.70 0.73 0.65 0.77 0.79 0.80 0.74 0.68 0.63 0.65 0.61 0.57 0.55 0.51 0.51 0.47 0.46 0.38 0.32 0.23
0.00 0.00 0.00 0.00 0.00 0.00 0.00 0.00 0.00 0.00 0.00 0.00 0.00 0.00 0.00 0.00 0.00 0.00 0.00 0.00 0.00 0.00 0.00 0.00 0.00 0.05 0.06 0.10 0.18 0.27 0.33 0.43 0.47 0.70 0.74 0.79 0.80 0.85 0.86 0.87 0.90 0.95 0.83 0.86 0.83 0.75 0.74 0.74 0.77 0.63 0.63 0.66 0.63 0.64 0.66 0.71 0.70 0.74 0.68 0.72 0.76 0.83 0.82 0.75 0.74 0.76 0.75 0.75 0.75 0.80 0.75 0.67 0.60 0.64 0.59 0.55 0.54 0.50 0.50 0.45 0.43 0.36 0.30 0.21
0.00 0.00 0.00 0.00 0.00 0.00 0.00 0.00 0.00 0.00 0.00 0.00 0.00 0.00 0.00 0.00 0.00 0.00 0.00 0.00 0.00 0.00 0.00 0.01 0.06 0.08 0.08 0.17 0.24 0.34 0.39 0.50 0.53 0.73 0.83 0.86 0.91 0.93 0.91 0.94 0.94 1.03 0.94 0.95 0.92 0.86 0.82 0.87 0.83 0.73 0.73 0.66 0.71 0.68 0.74 0.77 0.76 0.84 0.78 0.83 0.80 0.85 0.88 0.84 0.80 0.83 0.82 0.81 0.78 0.76 0.76 0.65 0.63 0.62 0.59 0.55 0.54 0.49 0.48 0.41 0.38 0.32 0.25 0.12
0.00 0.00 0.00 0.00 0.00 0.00 0.00 0.00 0.00 0.00 0.00 0.00 0.00 0.00 0.00 0.00 0.00 0.00 0.00 0.00 0.00 0.00 0.00 0.05 0.08 0.09 0.16 0.22 0.28 0.38 0.40 0.53 0.51 0.77 0.83 0.91 0.94 0.99 0.95 0.96 0.98 1.05 1.06 1.02 0.95 0.88 0.82 0.87 0.84 0.76 0.74 0.74 0.74 0.72 0.76 0.77 0.80 0.84 0.80 0.86 0.85 0.85 0.89 0.84 0.84 0.89 0.91 0.87 0.83 0.80 0.74 0.66 0.62 0.63 0.60 0.55 0.52 0.47 0.46 0.37 0.31 0.20 0.13 0.03
0.00 0.00 0.00 0.00 0.00 0.00 0.00 0.00 0.00 0.00 0.00 0.00 0.00 0.00 0.00 0.00 0.00 0.00 0.00 0.00 0.00 0.00 0.00 0.07 0.09 0.15 0.21 0.29 0.36 0.44 0.47 0.54 0.59 0.85 0.87 0.96 1.03 1.00 1.03 0.99 1.00 1.17 1.12 1.13 1.00 0.91 0.89 0.84 0.87 0.82 0.78 0.76 0.77 0.79 0.82 0.79 0.85 0.91 0.83 0.91 0.91 0.88 0.84 0.85 0.84 0.94 0.93 0.92 0.86 0.83 0.77 0.71 0.64 0.65 0.62 0.56 0.53 0.47 0.41 0.29 0.17 0.07 0.03 0.00
0.00 0.00 0.00 0.00 0.00 0.00 0.00 0.00 0.00 0.00 0.00 0.00 0.00 0.00 0.00 0.00 0.00 0.00 0.00 0.00 0.00 0.00 0.00 0.09 0.10 0.22 0.29 0.37 0.43 0.48 0.50 0.61 0.64 0.87 0.90 0.99 1.07 1.08 1.08 1.09 1.04 1.20 1.11 1.13 1.09 1.02 0.93 0.93 0.91 0.82 0.86 0.83 0.85 0.86 0.86 0.87 0.93 0.98 0.91 0.92 0.98 0.96 0.95 0.90 0.90 1.01 1.01 0.96 0.92 0.86 0.78 0.74 0.69 0.69 0.62 0.53 0.49 0.43 0.38 0.19 0.06 0.00 0.00 0.00
0.00 0.00 0.00 0.00 0.00 0.00 0.00 0.00 0.00 0.00 0.00 0.00 0.00 0.00 0.00 0.00 0.00 0.00 0.00 0.00 0.00 0.00 0.00 0.10 0.12 0.28 0.34 0.44 0.51 0.59 0.63 0.71 0.77 1.01 0.99 1.09 1.14 1.14 1.17 1.15 1.17 1.26 1.25 1.17 1.26 1.16 1.06 1.03 1.03 0.93 0.91 0.91 0.94 0.96 0.98 0.99 1.00 1.02 1.01 1.04 1.11 1.06 1.09 1.04 0.99 1.13 1.10 1.04 1.01 0.93 0.88 0.78 0.73 0.63 0.53 0.42 0.33 0.35 0.30 0.09 0.01 0.00 0.00 0.00
0.00 0.00 0.00 0.00 0.00 0.00 0.00 0.00 0.00 0.00 0.00 0.00 0.00 0.00 0.00 0.00 0.00 0.00 0.00 0.00 0.00 0.00 0.01 0.11 0.16 0.36 0.41 0.53 0.56 0.72 0.76 0.81 0.89 1.09 1.08 1.13 1.21 1.23 1.24 1.27 1.25 1.35 1.26 1.31 1.24 1.22 1.11 1.12 1.09 1.03 0.98 0.99 0.99 1.01 1.03 1.03 1.03 1.06 1.07 1.11 1.15 1.16 1.11 1.09 1.10 1.19 1.17 1.09 1.03 0.97 0.93 0.81 0.72 0.62 0.36 0.23 0.20 0.23 0.20 0.04 0.00 0.00 0.00 0.00
0.00 0.00 0.00 0.00 0.00 0.00 0.00 0.00 0.00 0.00 0.00 0.00 0.00 0.00 0.00 0.00 0.00 0.00 0.00 0.00 0.00 0.01 0.03 0.12 0.21 0.43 0.46 0.58 0.62 0.80 0.88 0.88 1.01 1.22 1.19 1.27 1.33 1.40 1.40 1.38 1.39 1.50 1.43 1.36 1.36 1.25 1.23 1.21 1.16 1.10 1.13 1.07 1.02 1.08 1.11 1.02 1.01 1.09 1.14 1.14 1.23 1.18 1.16 1.14 1.13 1.28 1.21 1.19 1.10 1.01 1.00 0.90 0.82 0.62 0.14 0.01 0.01 0.09 0.10 0.01 0.00 0.00 0.00 0.00
0.00 0.00 0.00 0.00 0.00 0.00 0.00 0.00 0.00 0.00 0.00 0.00 0.00 0.00 0.00 0.00 0.00 0.00 0.00 0.00 0.00 0.03 0.08 0.16 0.24 0.46 0.51 0.65 0.71 0.87 0.94 1.00 1.10 1.32 1.29 1.32 1.36 1.44 1.46 1.46 1.49 1.60 1.59 1.49 1.51 1.38 1.33 1.22 1.26 1.17 1.20 1.19 1.12 1.14 1.11 1.12 1.09 1.18 1.24 1.27 1.29 1.29 1.22 1.19 1.17 1.28 1.23 1.21 1.18 1.08 1.07 0.93 0.87 0.63 0.06 0.00 0.00 0.01 0.01 0.00 0.00 0.00 0.00 0.00
0.00 0.00 0.00 0.00 0.00 0.00 0.00 0.00 0.00 0.00 0.00 0.00 0.00 0.00 0.00 0.00 0.00 0.00 0.00 0.00 0.00 0.04 0.07 0.18 0.31 0.54 0.57 0.71 0.72 0.92 0.97 1.08 1.21 1.39 1.40 1.45 1.48 1.59 1.62 1.59 1.62 1.72 1.68 1.64 1.60 1.53 1.50 1.44 1.40 1.33 1.40 1.39 1.35 1.33 1.28 1.21 1.16 1.30 1.31 1.36 1.41 1.39 1.35 1.32 1.26 1.35 1.33 1.37 1.25 1.14 1.09 1.00 0.95 0.71 0.15 0.00 0.00 0.00 0.00 0.00 0.00 0.00 0.00 0.00
0.00 0.00 0.00 0.00 0.00 0.00 0.00 0.00 0.00 0.00 0.00 0.00 0.00 0.00 0.00 0.00 0.00 0.00 0.00 0.00 0.00 0.06 0.08 0.24 0.36 0.58 0.61 0.77 0.83 1.02 1.05 1.16 1.35 1.45 1.49 1.50 1.58 1.64 1.69 1.71 1.65 1.79 1.81 1.79 1.73 1.66 1.65 1.62 1.54 1.50 1.44 1.49 1.44 1.45 1.43 1.36 1.33 1.36 1.41 1.39 1.48 1.46 1.43 1.34 1.32 1.38 1.41 1.42 1.36 1.17 1.14 1.04 1.00 0.81 0.43 0.07 0.00 0.00 0.00 0.00 0.00 0.00 0.00 0.00
0.00 0.00 0.00 0.00 0.00 0.00 0.00 0.00 0.00 0.00 0.00 0.00 0.00 0.00 0.00 0.00 0.00 0.00 0.00 0.01 0.03 0.09 0.12 0.34 0.41 0.67 0.71 0.85 0.92 1.05 1.14 1.20 1.37 1.56 1.55 1.64 1.75 1.68 1.80 1.75 1.77 1.90 1.87 1.88 1.81 1.80 1.82 1.72 1.70 1.61 1.60 1.56 1.61 1.60 1.59 1.58 1.41 1.49 1.52 1.53 1.49 1.49 1.48 1.38 1.35 1.41 1.40 1.43 1.35 1.20 1.10 1.05 1.07 0.84 0.49 0.46 0.00 0.00 0.00 0.00 0.00 0.00 0.00 0.00
0.00 0.00 0.00 0.00 0.00 0.00 0.00 0.00 0.01 0.00 0.00 0.00 0.00 0.00 0.00 0.00 0.00 0.00 0.00 0.03 0.04 0.08 0.15 0.33 0.48 0.70 0.79 0.90 1.01 1.16 1.17 1.35 1.44 1.70 1.73 1.74 1.91 1.89 1.82 1.87 1.91 2.04 2.02 2.00 1.86 1.90 1.90 1.90 1.79 1.72 1.72 1.68 1.66 1.60 1.64 1.66 1.55 1.51 1.56 1.55 1.60 1.53 1.50 1.44 1.39 1.43 1.41 1.45 1.39 1.20 1.20 1.14 1.08 0.84 0.47 0.37 0.00 0.00 0.00 0.00 0.00 0.00 0.00 0.00
0.00 0.00 0.00 0.00 0.00 0.00 0.00 0.00 0.01 0.00 0.00 0.00 0.00 0.00 0.00 0.00 0.00 0.00 0.01 0.05 0.06 0.12 0.19 0.39 0.58 0.81 0.85 1.00 1.07 1.23 1.29 1.40 1.49 1.75 1.75 1.87 1.95 1.91 1.87 1.89 1.93 2.08 2.10 2.06 1.97 2.03 1.99 1.99 1.93 1.82 1.79 1.76 1.72 1.68 1.69 1.66 1.60 1.55 1.57 1.53 1.57 1.52 1.48 1.35 1.32 1.41 1.35 1.45 1.41 1.35 1.29 1.16 0.90 0.79 0.80 0.61 0.00 0.00 0.00 0.00 0.00 0.00 0.00 0.00
0.00 0.00 0.00 0.00 0.00 0.00 0.00 0.00 0.00 0.00 0.00 0.00 0.00 0.00 0.00 0.00 0.00 0.00 0.02 0.05 0.08 0.14 0.22 0.43 0.64 0.86 0.92 1.07 1.17 1.26 1.37 1.47 1.56 1.87 1.89 2.02 2.06 2.04 2.02 1.95 2.06 2.20 2.20 2.19 2.05 2.06 2.09 2.09 2.03 1.93 1.84 1.85 1.82 1.77 1.79 1.70 1.63 1.67 1.70 1.63 1.60 1.53 1.46 1.37 1.29 1.41 1.31 1.37 1.43 1.32 1.42 0.82 0.85 0.84 0.77 0.54 0.00 0.00 0.00 0.00 0.00 0.00 0.00 0.00
0.00 0.00 0.00 0.00 0.00 0.00 0.00 0.00 0.00 0.00 0.00 0.00 0.00 0.00 0.00 0.00 0.00 0.00 0.03 0.06 0.10 0.20 0.30 0.48 0.63 0.95 0.99 1.13 1.21 1.38 1.42 1.55 1.68 1.91 1.92 2.06 2.06 2.12 2.11 2.06 2.13 2.32 2.34 2.33 2.21 2.24 2.21 2.17 2.13 2.00 1.94 1.95 1.97 1.92 1.88 1.74 1.71 1.76 1.72 1.65 1.65 1.59 1.51 1.37 1.31 1.30 1.17 1.34 1.35 1.26 1.13 0.96 0.50 0.70 0.80 0.34 0.00 0.00 0.00 0.00 0.00 0.00 0.00 0.00
