QPF/QPF_202208082200-170.txt
ncols 525
nrows 625
xllcorner -31082
yllcorner 11395
cellsize 1000.0
NODATA_value -9999.0
[rows 180 to 215 of 625, columns 405 to 485 of 525]
0.00 0.00 -0.00 -0.00 0.00 -0.00 0.00 0.00 0.00 0.00 0.01 0.03 0.01 0.00 0.00 0.01 0.03 0.00 0.00 0.00 0.01 0.00 0.00 0.00 0.01 0.03 0.04 0.02 0.01 0.01 0.01 0.01 0.09 0.07 0.03 0.08 0.01 0.01 0.01 0.00 0.00 0.00 0.00 0.00 0.00 0.00 0.00 0.00 0.00 0.00 0.00 0.00 0.00 0.00 0.00 0.00 0.00 0.00 0.00 0.00 0.00 0.00 0.00 0.00 0.00 0.00 0.00 0.00 0.00 0.00 0.00 0.00 0.00 0.00 0.00 0.00 0.00 0.00 0.00 0.00 0.00
-0.00 -0.00 0.00 0.00 -0.00 0.00 0.00 0.00 0.03 0.04 0.06 0.07 0.04 0.07 0.02 0.01 0.07 0.03 0.06 0.04 0.07 0.04 0.03 0.04 0.05 0.07 0.10 0.05 0.06 0.05 0.04 0.02 0.11 0.09 0.09 0.10 0.04 0.05 0.01 0.01 0.01 0.01 0.01 0.01 0.00 0.00 0.00 0.00 0.00 0.00 0.00 0.00 0.00 0.00 0.00 0.00 0.00 0.00 0.00 0.00 0.00 0.00 0.00 0.00 0.00 0.00 0.00 0.00 0.00 0.00 0.00 0.00 0.00 0.00 0.00 0.00 0.00 0.00 0.00 0.00 0.00
0.00 0.00 0.00 0.00 0.00 0.00 0.00 0.00 0.03 0.04 0.04 0.08 0.03 0.06 0.01 0.02 0.04 0.02 0.03 0.04 0.03 0.02 0.01 0.01 0.02 0.06 0.04 0.03 0.02 0.02 0.01 0.02 0.11 0.09 0.06 0.10 0.03 0.02 0.01 0.01 0.00 0.00 0.00 0.00 0.00 0.00 0.00 0.00 0.00 0.00 0.00 0.00 0.00 0.00 0.00 0.00 0.00 0.00 0.00 0.00 0.00 0.00 0.00 0.00 0.00 0.00 0.00 0.00 0.00 0.00 0.00 0.00 0.00 0.00 0.00 0.00 0.00 0.00 0.00 0.00 0.00
0.00 0.00 0.00 0.00 0.00 0.00 0.00 0.00 0.12 0.17 0.10 0.12 0.05 0.06 0.01 0.04 0.13 0.13 0.13 0.10 0.16 0.07 0.15 0.18 0.26 0.24 0.28 0.22 0.16 0.09 0.11 0.09 0.28 0.26 0.28 0.26 0.17 0.09 0.10 0.06 0.03 0.05 0.01 0.01 0.00 0.00 0.00 0.00 0.00 0.00 0.00 0.00 0.00 0.00 0.00 0.00 0.00 0.00 0.00 0.00 0.00 0.00 0.00 0.00 0.00 0.00 0.00 0.00 0.00 0.00 0.00 0.00 0.00 0.00 0.00 0.00 0.00 0.00 0.00 0.00 0.00
0.00 0.00 0.00 0.00 0.00 0.00 0.00 0.00 0.12 0.12 0.09 0.12 0.05 0.04 0.01 0.02 0.06 0.09 0.12 0.12 0.11 0.13 0.13 0.18 0.18 0.17 0.23 0.22 0.13 0.08 0.06 0.12 0.31 0.32 0.29 0.24 0.14 0.05 0.09 0.07 0.01 0.02 0.01 0.03 0.00 0.00 0.00 0.00 0.00 0.00 0.00 0.00 0.00 0.00 0.00 0.00 0.00 0.00 0.00 0.00 0.00 0.00 0.00 0.00 0.00 0.00 0.00 0.00 0.00 0.00 0.00 0.00 0.00 0.00 0.00 0.00 0.00 0.00 0.00 0.00 0.00
0.00 0.00 0.00 0.00 0.00 0.00 0.00 0.00 0.13 0.10 0.12 0.15 0.04 0.04 0.01 0.02 0.13 0.14 0.11 0.11 0.16 0.18 0.23 0.23 0.22 0.23 0.25 0.23 0.15 0.12 0.09 0.13 0.26 0.26 0.25 0.21 0.11 0.08 0.05 0.08 0.02 0.02 0.01 0.02 0.00 0.00 0.00 0.00 0.00 0.00 0.00 0.00 0.00 0.00 0.00 0.00 0.00 0.00 0.00 0.00 0.00 0.00 0.00 0.00 0.00 0.00 0.00 0.00 0.00 0.00 0.00 0.00 0.00 0.00 0.00 0.00 0.00 0.00 0.00 0.00 0.00
0.00 -0.00 0.00 0.00 0.00 0.00 0.00 0.00 0.15 0.14 0.12 0.14 0.05 0.05 0.02 0.02 0.09 0.07 0.10 0.11 0.18 0.20 0.22 0.24 0.20 0.18 0.22 0.19 0.13 0.12 0.16 0.16 0.30 0.27 0.26 0.27 0.15 0.12 0.12 0.11 0.05 0.03 0.02 0.01 0.00 0.00 0.00 0.00 0.00 0.00 0.00 0.00 0.00 0.00 0.00 0.00 0.00 0.00 0.00 0.00 0.00 0.00 0.00 0.00 0.00 0.00 0.00 0.00 0.00 0.00 0.00 0.00 0.00 0.00 0.00 0.00 0.00 0.00 0.00 0.00 0.00
0.00 0.00 0.00 0.00 0.00 0.00 0.00 0.00 0.09 0.16 0.13 0.14 0.05 0.04 0.01 0.02 0.09 0.10 0.10 0.08 0.16 0.17 0.20 0.17 0.09 0.09 0.13 0.12 0.10 0.10 0.15 0.18 0.30 0.27 0.29 0.28 0.10 0.04 0.07 0.09 0.03 0.02 0.01 0.01 0.00 0.00 0.00 0.00 0.00 0.00 0.00 0.00 0.00 0.00 0.00 0.00 0.00 0.00 0.00 0.00 0.00 0.00 0.00 0.00 0.00 0.00 0.00 0.00 0.00 0.00 0.00 0.00 0.00 0.00 0.00 0.00 0.00 0.00 0.00 0.00 0.00
0.00 0.00 0.00 0.00 0.00 0.00 0.00 0.00 0.09 0.14 0.14 0.14 0.08 0.05 0.02 0.02 0.09 0.06 0.10 0.09 0.17 0.22 0.14 0.14 0.05 0.08 0.11 0.11 0.13 0.12 0.17 0.21 0.29 0.30 0.34 0.29 0.10 0.05 0.05 0.08 0.01 0.03 0.01 0.00 0.00 0.00 0.00 0.00 0.00 0.00 0.00 0.00 0.00 0.00 0.00 0.00 0.00 0.00 0.00 0.00 0.00 0.00 0.00 0.00 0.00 0.00 0.00 0.00 0.00 0.00 0.00 0.00 0.00 0.00 0.00 0.00 0.00 0.00 0.00 0.00 0.00
0.00 0.00 0.00 0.00 0.00 0.00 0.00 0.00 0.12 0.17 0.16 0.16 0.08 0.07 0.05 0.03 0.08 0.06 0.07 0.04 0.08 0.11 0.14 0.16 0.06 0.07 0.13 0.14 0.10 0.11 0.09 0.17 0.32 0.34 0.33 0.28 0.10 0.10 0.08 0.13 0.01 0.01 0.00 0.00 0.00 0.00 0.00 0.00 0.00 0.00 0.00 0.00 0.00 0.00 0.00 0.00 0.00 0.00 0.00 0.00 0.00 0.00 0.00 0.00 0.00 0.00 0.00 0.00 0.00 0.00 0.00 0.00 0.00 0.00 0.00 0.00 0.00 0.00 0.00 0.00 0.00
0.00 0.00 0.00 0.00 0.00 0.00 0.00 0.01 0.14 0.17 0.15 0.14 0.08 0.08 0.05 0.08 0.10 0.09 0.07 0.06 0.10 0.18 0.22 0.18 0.09 0.07 0.10 0.11 0.11 0.10 0.11 0.16 0.33 0.33 0.35 0.27 0.15 0.15 0.10 0.09 0.02 0.03 0.00 0.00 0.01 0.00 0.00 0.00 0.00 0.00 0.00 0.00 0.00 0.00 0.00 0.00 0.00 0.00 0.00 0.00 0.00 0.00 0.00 0.00 0.00 0.00 0.00 0.00 0.00 0.00 0.00 0.00 0.00 0.00 0.00 0.00 0.00 0.00 0.00 0.00 0.00
0.00 0.00 0.00 0.00 0.00 0.00 0.01 0.01 0.26 0.26 0.22 0.25 0.15 0.14 0.09 0.11 0.10 0.10 0.08 0.05 0.08 0.13 0.21 0.19 0.09 0.07 0.06 0.12 0.15 0.14 0.13 0.16 0.38 0.39 0.38 0.35 0.25 0.27 0.21 0.11 0.05 0.06 0.01 0.06 0.01 0.00 0.00 0.00 0.00 0.00 0.00 0.00 0.00 0.00 0.00 0.00 0.00 0.00 0.00 0.00 0.00 0.00 0.00 0.00 0.00 0.00 0.00 0.00 0.00 0.00 0.00 0.00 0.00 0.00 0.00 0.00 0.00 0.00 0.00 0.00 0.00
0.00 0.00 0.00 0.00 0.00 0.00 0.01 0.01 0.30 0.28 0.25 0.25 0.14 0.12 0.10 0.10 0.12 0.11 0.08 0.04 0.08 0.14 0.19 0.20 0.05 0.08 0.08 0.14 0.16 0.17 0.18 0.18 0.36 0.33 0.36 0.33 0.23 0.22 0.21 0.16 0.06 0.05 0.02 0.05 0.01 0.02 0.00 0.00 0.00 0.00 0.00 0.00 0.00 0.00 0.00 0.00 0.00 0.00 0.00 0.00 0.00 0.00 0.00 0.00 0.00 0.00 0.00 0.00 0.00 0.00 0.00 0.00 0.00 0.00 0.00 0.00 0.00 0.00 0.00 0.00 0.00
0.00 0.00 0.00 0.00 0.00 0.00 0.01 0.01 0.23 0.27 0.24 0.22 0.11 0.09 0.10 0.10 0.10 0.07 0.05 0.03 0.05 0.07 0.21 0.16 0.07 0.10 0.06 0.12 0.17 0.17 0.16 0.16 0.36 0.34 0.38 0.40 0.33 0.28 0.26 0.28 0.12 0.11 0.10 0.08 0.04 0.04 0.00 0.00 0.00 0.00 0.00 0.00 0.00 0.00 0.00 0.00 0.00 0.00 0.00 0.00 0.00 0.00 0.00 0.00 0.00 0.00 0.00 0.00 0.00 0.00 0.00 0.00 0.00 0.00 0.00 0.00 0.00 0.00 0.00 0.00 0.00
0.00 0.00 0.00 0.00 0.00 0.00 0.01 0.01 0.16 0.21 0.19 0.20 0.13 0.11 0.10 0.13 0.09 0.09 0.05 0.04 0.04 0.10 0.21 0.19 0.08 0.08 0.11 0.08 0.17 0.09 0.09 0.10 0.27 0.31 0.39 0.37 0.25 0.24 0.19 0.23 0.13 0.07 0.07 0.03 0.05 0.06 0.01 0.01 0.00 0.00 0.00 0.00 0.00 0.00 0.00 0.00 0.00 0.00 0.00 0.00 0.00 0.00 0.00 0.00 0.00 0.00 0.00 0.00 0.00 0.00 0.00 0.00 0.00 0.00 0.00 0.00 0.00 0.00 0.00 0.00 0.00
0.00 0.00 0.00 0.00 0.00 0.00 0.01 0.01 0.20 0.20 0.21 0.19 0.10 0.12 0.05 0.05 0.03 0.03 0.03 0.02 0.01 0.05 0.12 0.12 0.05 0.05 0.02 0.02 0.03 0.02 0.03 0.03 0.11 0.15 0.22 0.20 0.18 0.17 0.22 0.22 0.21 0.18 0.18 0.13 0.07 0.04 0.03 0.03 0.00 0.00 0.00 0.00 0.00 0.00 0.00 0.00 0.00 0.00 0.00 0.00 0.00 0.00 0.00 0.00 0.00 0.00 0.00 0.00 0.00 0.00 0.00 0.00 0.00 0.00 0.00 0.00 0.00 0.00 0.00 0.00 0.00
0.00 0.00 0.00 0.00 0.00 0.00 0.00 0.01 0.13 0.15 0.12 0.14 0.09 0.10 0.04 0.04 0.04 0.04 0.05 0.06 0.05 0.08 0.09 0.10 0.08 0.03 0.06 0.05 0.07 0.08 0.07 0.09 0.12 0.12 0.25 0.23 0.23 0.19 0.21 0.25 0.20 0.18 0.22 0.13 0.11 0.11 0.07 0.03 0.00 0.01 0.00 0.00 0.00 0.00 0.00 0.00 0.00 0.00 0.00 0.00 0.00 0.00 0.00 0.00 0.00 0.00 0.00 0.00 0.00 0.00 0.00 0.00 0.00 0.00 0.00 0.00 0.00 0.00 0.00 0.00 0.00
0.00 0.00 0.00 0.02 0.00 0.00 0.00 0.01 0.13 0.10 0.12 0.12 0.12 0.09 0.09 0.09 0.08 0.07 0.05 0.05 0.05 0.09 0.10 0.10 0.08 0.07 0.08 0.07 0.11 0.14 0.13 0.16 0.13 0.13 0.22 0.26 0.30 0.28 0.24 0.19 0.26 0.24 0.23 0.20 0.14 0.12 0.09 0.08 0.02 0.02 0.00 0.00 0.00 0.00 0.00 0.00 0.00 0.00 0.00 0.00 0.00 0.00 0.00 0.00 0.00 0.00 0.00 0.00 0.00 0.00 0.00 0.00 0.00 0.00 0.00 0.00 0.00 0.00 0.00 0.00 0.00
0.00 0.00 0.00 0.00 0.00 0.00 0.00 0.01 0.10 0.07 0.13 0.10 0.07 0.07 0.05 0.04 0.04 0.04 0.03 0.02 0.03 0.05 0.07 0.07 0.05 0.03 0.02 0.04 0.07 0.10 0.09 0.10 0.09 0.13 0.19 0.21 0.28 0.27 0.23 0.22 0.28 0.27 0.26 0.19 0.11 0.10 0.06 0.08 0.02 0.01 0.00 0.00 0.00 0.00 0.00 0.00 0.00 0.00 0.00 0.00 0.00 0.00 0.00 0.00 0.00 0.00 0.00 0.00 0.00 0.00 0.00 0.00 0.00 0.00 0.00 0.00 0.00 0.00 0.00 0.00 0.00
0.01 0.01 0.02 0.05 0.00 0.00 0.01 0.03 0.15 0.10 0.14 0.15 0.07 0.08 0.10 0.13 0.17 0.19 0.12 0.12 0.15 0.23 0.23 0.18 0.10 0.08 0.11 0.19 0.24 0.21 0.21 0.26 0.29 0.32 0.35 0.35 0.38 0.41 0.37 0.34 0.37 0.39 0.36 0.37 0.35 0.30 0.21 0.21 0.04 0.02 0.01 0.02 0.01 0.01 0.01 0.01 0.00 0.00 0.00 0.00 0.00 0.00 0.00 0.00 0.00 0.00 0.00 0.00 0.00 0.00 0.00 0.00 0.00 0.00 0.00 0.00 0.00 0.00 0.00 0.00 0.00
0.01 0.01 0.01 0.02 0.00 0.00 0.01 0.03 0.14 0.10 0.17 0.13 0.10 0.08 0.10 0.06 0.13 0.14 0.08 0.11 0.10 0.19 0.15 0.15 0.11 0.10 0.17 0.15 0.14 0.15 0.19 0.25 0.29 0.35 0.39 0.35 0.36 0.36 0.37 0.40 0.39 0.43 0.39 0.37 0.30 0.28 0.21 0.16 0.05 0.02 0.04 0.02 0.03 0.01 0.02 0.02 0.00 0.00 0.00 0.00 0.00 0.00 0.00 0.00 0.00 0.00 0.00 0.00 0.00 0.00 0.00 0.00 0.00 0.00 0.00 0.00 0.00 0.00 0.00 0.00 0.00
0.00 0.00 0.00 0.00 0.00 0.00 0.01 0.03 0.14 0.14 0.12 0.12 0.08 0.08 0.08 0.08 0.10 0.10 0.10 0.11 0.13 0.18 0.13 0.14 0.10 0.08 0.11 0.14 0.10 0.11 0.14 0.21 0.31 0.32 0.35 0.38 0.29 0.30 0.35 0.39 0.37 0.36 0.35 0.33 0.33 0.29 0.19 0.16 0.03 0.02 0.04 0.04 0.05 0.03 0.04 0.05 0.01 0.00 0.00 0.00 0.00 0.00 0.00 0.00 0.00 0.00 0.00 0.00 0.00 0.00 0.00 0.00 0.00 0.00 0.00 0.00 0.00 0.00 0.00 0.00 0.00
0.00 0.00 0.00 0.00 0.00 0.00 0.01 0.02 0.15 0.12 0.10 0.10 0.10 0.07 0.08 0.05 0.08 0.09 0.08 0.12 0.10 0.19 0.10 0.09 0.10 0.05 0.07 0.08 0.08 0.09 0.12 0.16 0.24 0.27 0.33 0.32 0.28 0.26 0.27 0.32 0.31 0.34 0.34 0.30 0.32 0.23 0.18 0.15 0.02 0.06 0.06 0.02 0.02 0.02 0.03 0.04 0.02 0.01 0.01 0.01 0.00 0.00 0.00 0.00 0.00 0.00 0.00 0.00 0.00 0.00 0.00 0.00 0.00 0.00 0.00 0.00 0.00 0.00 0.00 0.00 0.00
0.00 0.00 0.00 0.00 0.00 0.00 0.00 0.01 0.05 0.08 0.03 0.03 0.03 0.03 0.03 0.02 0.04 0.05 0.03 0.04 0.04 0.06 0.03 0.05 0.02 0.04 0.06 0.04 0.04 0.05 0.07 0.14 0.19 0.23 0.30 0.34 0.33 0.29 0.35 0.35 0.42 0.43 0.41 0.39 0.36 0.35 0.25 0.23 0.10 0.11 0.08 0.05 0.02 0.05 0.11 0.09 0.03 0.02 0.03 0.04 0.02 0.01 0.02 0.01 0.01 0.01 0.00 0.00 0.00 0.00 0.00 0.00 0.00 0.00 0.00 0.00 0.00 0.00 0.00 0.00 0.00
0.00 0.00 0.00 0.00 0.00 0.00 0.00 0.01 0.09 0.09 0.07 0.06 0.04 0.02 0.04 0.03 0.04 0.03 0.02 0.05 0.02 0.05 0.03 0.03 0.02 0.02 0.05 0.06 0.05 0.02 0.02 0.06 0.12 0.15 0.24 0.32 0.28 0.30 0.30 0.33 0.40 0.41 0.39 0.36 0.30 0.28 0.21 0.20 0.11 0.13 0.14 0.06 0.05 0.04 0.10 0.08 0.05 0.04 0.05 0.08 0.01 0.00 0.01 0.01 0.00 0.02 0.00 0.00 0.00 0.00 0.00 0.00 0.00 0.00 0.00 0.00 0.00 0.00 0.00 0.00 0.00
0.00 0.00 0.00 0.02 0.00 0.00 0.01 0.01 0.12 0.09 0.06 0.05 0.04 0.01 0.01 0.02 0.03 0.03 0.03 0.05 0.01 0.02 0.04 0.03 0.02 0.02 0.02 0.01 0.01 0.01 0.01 0.04 0.08 0.11 0.16 0.24 0.21 0.20 0.23 0.26 0.43 0.42 0.40 0.38 0.31 0.24 0.21 0.18 0.07 0.05 0.06 0.11 0.05 0.04 0.07 0.06 0.04 0.05 0.03 0.05 0.01 0.00 0.00 0.00 0.00 0.00 0.00 0.00 0.00 0.00 0.00 0.00 0.00 0.00 0.00 0.00 0.00 0.00 0.00 0.00 0.00
0.00 0.00 0.00 0.00 0.00 0.01 0.02 0.03 0.08 0.08 0.05 0.06 0.02 0.02 0.01 0.01 0.02 0.02 0.02 0.02 0.01 0.03 0.05 0.07 0.03 0.01 0.02 0.03 0.00 0.00 0.01 0.04 0.09 0.08 0.11 0.19 0.19 0.18 0.16 0.20 0.38 0.38 0.37 0.36 0.28 0.17 0.14 0.12 0.01 0.01 0.04 0.10 0.05 0.06 0.10 0.05 0.03 0.04 0.03 0.05 0.01 0.00 0.00 0.00 0.00 0.00 0.00 0.00 0.00 0.00 0.00 0.00 0.00 0.00 0.00 0.00 0.00 0.00 0.00 0.00 0.00
0.00 0.00 0.01 0.01 0.01 0.04 0.06 0.06 0.18 0.14 0.15 0.13 0.09 0.04 0.03 0.01 0.01 0.02 0.05 0.03 0.02 0.04 0.01 0.02 0.01 0.02 0.03 0.01 0.00 0.00 0.01 0.01 0.04 0.11 0.16 0.21 0.20 0.15 0.21 0.24 0.50 0.52 0.49 0.48 0.46 0.44 0.38 0.34 0.04 0.03 0.03 0.07 0.01 0.06 0.10 0.07 0.02 0.01 0.01 0.02 0.00 0.00 0.00 0.00 0.00 0.00 0.00 0.00 0.00 0.00 0.00 0.00 0.00 0.00 0.00 0.00 0.00 0.00 0.00 0.00 0.00
0.00 0.00 0.01 0.01 0.01 0.02 0.04 0.08 0.24 0.25 0.13 0.13 0.09 0.05 0.05 0.02 0.01 0.02 0.06 0.02 0.03 0.06 0.01 0.02 0.01 0.01 0.01 0.02 0.01 0.00 0.01 0.01 0.02 0.04 0.10 0.10 0.12 0.10 0.13 0.15 0.49 0.52 0.46 0.47 0.46 0.38 0.35 0.32 0.03 0.02 0.03 0.06 0.05 0.04 0.06 0.05 0.01 0.01 0.00 0.00 0.00 0.00 0.00 0.00 0.00 0.00 0.00 0.00 0.00 0.00 0.00 0.00 0.00 0.00 0.00 0.00 0.00 0.00 0.00 0.00 0.00
0.00 0.00 0.00 0.01 0.00 0.01 0.01 0.01 0.14 0.14 0.16 0.12 0.08 0.07 0.05 0.02 0.01 0.01 0.03 0.02 0.02 0.02 0.02 0.03 0.01 0.01 0.02 0.01 0.01 0.01 0.01 0.01 0.02 0.03 0.07 0.08 0.10 0.06 0.11 0.16 0.44 0.46 0.35 0.38 0.43 0.41 0.38 0.31 0.05 0.05 0.02 0.01 0.02 0.05 0.07 0.09 0.00 0.00 0.00 0.00 0.00 0.00 0.00 0.00 0.00 0.00 0.00 0.00 0.00 0.00 0.00 0.00 0.00 0.00 0.00 0.00 0.00 0.00 0.00 0.00 0.00
0.01 0.01 0.01 0.01 0.01 0.01 0.01 0.01 0.12 0.12 0.12 0.10 0.09 0.08 0.04 0.05 0.02 0.02 0.02 0.01 0.02 0.01 0.01 0.04 0.00 0.01 0.01 0.00 0.00 0.00 0.01 0.01 0.00 0.01 0.03 0.06 0.08 0.08 0.13 0.14 0.43 0.43 0.36 0.37 0.43 0.36 0.33 0.32 0.02 0.05 0.02 0.02 0.02 0.02 0.02 0.02 0.00 0.00 0.00 0.00 0.00 0.00 0.00 0.00 0.00 0.00 0.00 0.00 0.00 0.00 0.00 0.00 0.00 0.00 0.00 0.00 0.00 0.00 0.00 0.00 0.00
0.02 0.01 0.02 0.02 0.02 0.04 0.05 0.03 0.20 0.14 0.14 0.13 0.15 0.17 0.10 0.13 0.08 0.05 0.04 0.02 0.01 0.01 0.03 0.05 0.00 0.00 0.00 0.00 0.00 0.00 0.00 0.01 0.01 0.00 0.00 0.01 0.02 0.00 0.00 0.01 0.24 0.23 0.23 0.26 0.32 0.27 0.30 0.28 0.06 0.06 0.02 0.03 0.09 0.10 0.03 0.05 0.01 0.01 0.00 0.00 0.00 0.00 0.00 0.00 0.00 0.00 0.00 0.00 0.00 0.00 0.00 0.00 0.00 0.00 0.00 0.00 0.00 0.00 0.00 0.00 0.00
0.01 0.02 0.03 0.02 0.02 0.02 0.02 0.03 0.13 0.16 0.16 0.12 0.14 0.15 0.10 0.13 0.07 0.06 0.03 0.02 0.02 0.01 0.02 0.01 0.00 0.00 0.00 0.00 0.00 0.00 0.00 0.00 0.00 0.01 0.01 0.01 0.01 0.01 0.00 0.01 0.18 0.17 0.16 0.18 0.32 0.26 0.19 0.19 0.02 0.01 0.01 0.01 0.01 0.01 0.01 0.04 0.01 0.01 0.00 0.00 0.00 0.00 0.00 0.00 0.00 0.00 0.00 0.00 0.00 0.00 0.00 0.00 0.00 0.00 0.00 0.00 0.00 0.00 0.00 0.00 0.00
0.03 0.02 0.02 0.05 0.01 0.02 0.04 0.05 0.19 0.18 0.20 0.11 0.09 0.13 0.15 0.14 0.08 0.05 0.03 0.03 0.02 0.01 0.01 0.01 0.00 0.00 0.00 0.00 0.00 0.00 0.00 0.00 0.00 0.00 0.00 0.01 0.01 0.01 0.07 0.06 0.11 0.09 0.06 0.10 0.16 0.18 0.13 0.07 0.00 0.00 0.00 0.00 0.01 0.00 0.00 0.00 0.00 0.00 0.00 0.00 0.00 0.00 0.00 0.00 0.00 0.00 0.00 0.00 0.00 0.00 0.00 0.00 0.00 0.00 0.00 0.00 0.00 0.00 0.00 0.00 0.00
0.03 0.02 0.05 0.03 0.01 0.04 0.02 0.07 0.22 0.22 0.18 0.17 0.14 0.14 0.12 0.14 0.05 0.02 0.03 0.04 0.00 0.00 0.00 0.00 0.00 0.00 0.00 0.00 0.00 0.00 0.00 0.00 0.00 0.00 0.00 0.00 0.00 0.00 0.00 0.00 0.05 0.02 0.03 0.07 0.12 0.14 0.07 0.04 0.00 0.00 0.00 0.00 0.00 0.00 0.00 0.00 0.00 0.00 0.00 0.00 0.00 0.00 0.00 0.00 0.00 0.00 0.00 0.00 0.00 0.00 0.00 0.00 0.00 0.00 0.00 0.00 0.00 0.00 0.00 0.00 0.00
0.04 0.06 0.06 0.04 0.03 0.01 0.01 0.02 0.12 0.12 0.14 0.12 0.07 0.08 0.02 0.08 0.02 0.02 0.02 0.01 0.00 0.00 0.00 0.00 0.00 0.00 0.00 0.00 0.00 0.00 0.00 0.00 0.00 0.00 0.00 0.00 0.00 0.00 0.00 0.00 0.00 0.00 0.00 0.00 0.00 0.00 0.00 0.00 0.00 0.00 0.00 0.00 0.00 0.00 0.00 0.00 0.00 0.00 0.00 0.00 0.00 0.00 0.00 0.00 0.00 0.00 0.00 0.00 0.00 0.00 0.00 0.00 0.00 0.00 0.00 0.00 0.00 0.00 0.00 0.00 0.00
