QPF/QPF_202208082200-110.txt
ncols 525
nrows 625
xllcorner -31082
yllcorner 11395
cellsize 1000.0
NODATA_value -9999.0
[rows 228 to 265 of 625, columns 84 to 167 of 525]
0.00 0.00 0.00 0.00 0.00 0.00 0.00 0.00 0.00 0.00 0.00 0.00 0.00 0.00 0.00 0.00 0.00 0.00 0.00 0.00 0.00 0.00 0.00 0.00 0.00 0.00 0.00 0.00 0.00 0.00 0.00 0.00 0.00 0.00 0.00 0.00 0.00 0.00 0.00 0.00 0.00 0.00 0.00 0.00 0.00 0.00 0.00 0.00 0.00 0.00 0.02 0.00 0.00 0.00 0.01 0.05 0.00 0.01 0.00 0.00 0.01 0.16 0.64 1.33 0.85 0.99 1.07 0.69 1.02 1.03 0.86 2.03 1.91 1.59 2.02 2.65 2.82 3.13 2.57 2.04 1.69 1.97 1.85 1.86
0.00 0.00 0.00 0.00 0.00 0.00 0.00 0.00 0.00 0.00 0.00 0.00 0.00 0.00 0.00 0.00 0.00 0.00 0.00 0.00 0.00 0.00 0.00 0.00 0.00 0.00 0.00 0.00 0.00 0.00 0.00 0.00 0.00 0.00 0.00 0.00 0.00 0.00 0.00 0.00 0.00 0.00 0.00 0.00 0.00 0.00 0.00 0.00 0.00 0.06 0.02 0.06 0.18 0.16 0.21 1.88 0.62 1.35 1.39 0.81 0.68 0.31 0.78 0.86 1.16 1.43 1.07 0.74 1.25 1.38 1.38 2.11 2.21 1.85 1.89 2.93 2.56 2.08 1.92 1.73 1.27 1.60 1.62 1.70
0.00 0.00 0.00 0.00 0.00 0.00 0.00 0.00 0.00 0.00 0.00 0.00 0.00 0.00 0.00 0.00 0.00 0.00 0.00 0.00 0.00 0.00 0.00 0.00 0.00 0.00 0.00 0.00 0.00 0.00 0.00 0.00 0.00 0.00 0.00 0.00 0.00 0.00 0.00 0.00 0.00 0.00 0.00 0.00 0.00 0.00 0.00 0.00 0.00 0.00 0.00 0.14 0.12 -0.17 0.29 0.90 1.27 1.45 1.58 1.04 0.24 0.96 0.37 0.58 0.69 0.83 1.02 1.07 1.66 1.36 1.12 1.59 1.80 2.11 2.28 3.30 2.41 1.42 1.51 1.75 1.61 2.08 1.76 1.80
0.00 0.00 0.00 0.00 0.00 0.00 0.00 0.00 0.00 0.00 0.00 0.00 0.00 0.00 0.00 0.00 0.00 0.00 0.00 0.00 0.00 0.00 0.00 0.00 0.00 0.00 0.00 0.00 0.00 0.00 0.00 0.00 0.00 0.00 0.00 0.00 0.00 0.00 0.00 0.00 0.00 0.00 0.00 0.00 0.00 0.00 0.00 0.00 0.00 0.00 0.00 0.31 0.51 0.46 0.76 1.44 3.07 5.17 4.90 3.59 1.53 1.53 0.72 0.67 0.93 0.99 1.16 1.01 1.41 1.52 0.85 1.32 1.56 1.88 1.89 3.64 2.79 1.86 1.47 1.67 1.65 1.65 1.72 1.90
0.00 0.00 0.00 0.00 0.00 0.00 0.00 0.00 0.00 0.00 0.00 0.00 0.00 0.00 0.00 0.00 0.00 0.00 0.00 0.00 0.00 0.00 0.00 0.00 0.00 0.00 0.00 0.00 0.00 0.00 0.00 0.00 0.00 0.00 0.00 0.00 0.00 0.00 0.00 0.00 0.00 0.00 0.00 0.00 0.00 0.00 0.00 0.00 0.00 0.00 0.00 0.06 0.17 0.54 0.84 2.20 5.07 5.63 5.29 2.75 1.70 0.84 0.39 0.17 0.18 0.75 0.91 1.02 0.88 0.80 0.77 1.14 1.58 2.17 1.84 3.95 2.89 2.00 1.61 1.83 2.04 1.67 1.64 1.77
0.00 0.00 0.00 0.00 0.00 0.00 0.00 0.00 0.00 0.00 0.00 0.00 0.00 0.00 0.00 0.00 0.00 0.00 0.00 0.00 0.00 0.00 0.00 0.00 0.00 0.00 0.00 0.00 0.00 0.00 0.00 0.00 0.00 0.00 0.00 0.00 0.00 0.00 0.00 0.00 0.00 0.00 0.00 0.00 0.00 0.00 0.00 0.00 0.00 0.01 0.01 0.32 1.04 1.89 2.53 3.69 6.59 8.35 7.69 4.59 3.13 1.03 0.46 0.06 0.17 0.68 0.98 0.94 0.81 0.70 0.69 1.25 2.20 2.82 2.91 3.43 2.83 2.77 2.60 2.94 3.32 1.80 1.80 1.81
0.00 0.00 0.00 0.00 0.00 0.00 0.00 0.00 0.00 0.00 0.00 0.00 0.00 0.00 0.00 0.00 0.00 0.00 0.00 0.00 0.00 0.00 0.00 0.00 0.00 0.00 0.00 0.00 0.00 0.00 0.00 0.00 0.00 0.00 0.00 0.00 0.00 0.00 0.00 0.00 0.00 0.00 0.00 0.00 0.00 0.00 0.00 0.00 0.00 0.06 0.15 1.03 1.15 2.18 3.34 3.49 4.58 6.71 7.12 4.45 3.57 0.88 0.38 0.04 0.06 0.29 0.49 0.63 0.47 0.38 0.44 0.81 2.34 1.54 2.85 3.48 2.92 3.46 2.75 3.27 3.44 1.74 1.95 1.95
0.00 0.00 0.00 0.00 0.00 0.00 0.00 0.00 0.00 0.00 0.00 0.00 0.00 0.00 0.00 0.00 0.00 0.00 0.00 0.00 0.00 0.00 0.00 0.00 0.00 0.00 0.00 0.00 0.00 0.00 0.00 0.00 0.00 0.00 0.01 0.04 0.02 0.08 0.02 0.03 0.03 0.07 0.01 0.06 0.04 0.30 0.26 0.49 0.56 0.85 1.57 2.70 4.27 3.48 6.10 5.22 5.74 8.56 8.51 6.16 4.25 2.25 1.00 0.97 0.77 1.02 0.82 1.76 1.52 3.40 2.90 3.35 4.34 4.08 4.76 3.68 3.06 3.69 2.85 3.43 3.02 1.94 1.84 2.02
0.00 0.00 0.00 0.00 0.00 0.00 0.00 0.00 0.00 0.00 0.00 0.00 0.00 0.00 0.00 0.00 0.00 0.00 0.00 0.00 0.00 0.00 0.00 0.00 0.00 0.00 0.00 0.00 0.00 0.00 0.00 0.00 0.00 0.00 0.00 0.00 0.01 0.12 0.09 0.06 -0.02 0.31 0.14 0.28 0.03 0.59 0.63 1.23 1.21 1.58 2.11 5.30 6.87 4.87 4.69 4.50 5.10 6.67 5.70 4.32 3.45 2.09 1.84 1.11 1.31 0.75 1.11 1.36 2.08 3.82 3.85 4.12 5.27 5.02 4.86 4.17 3.40 3.88 3.12 3.33 2.68 2.15 1.96 1.80
0.00 0.00 0.00 0.00 0.00 0.00 0.00 0.00 0.00 0.00 0.00 0.00 0.00 0.00 0.00 0.00 0.00 0.00 0.00 0.00 0.00 0.00 0.00 0.00 0.00 0.00 0.00 0.00 0.00 0.00 0.00 0.00 0.00 0.00 0.00 0.00 0.18 0.26 0.27 0.11 -0.03 0.40 0.10 0.38 0.18 1.18 1.62 2.49 2.83 3.79 3.52 6.59 7.84 6.30 5.33 5.02 5.66 7.68 6.93 4.97 3.86 2.89 2.21 1.81 1.88 2.39 2.50 3.13 3.84 6.71 7.37 7.60 8.45 7.19 6.97 6.00 5.69 5.55 4.67 4.35 3.79 2.92 2.86 2.83
0.00 0.00 0.00 0.00 0.00 0.00 0.00 0.00 0.00 0.00 0.00 0.00 0.00 0.00 0.00 0.00 0.00 0.00 0.00 0.00 0.00 0.00 0.00 0.00 0.00 0.00 0.00 0.00 0.00 0.00 0.00 0.00 0.00 0.06 0.00 0.00 0.25 0.38 0.44 0.22 0.20 0.48 0.39 0.55 0.20 1.38 2.20 2.93 4.31 5.38 4.47 5.56 6.78 5.68 5.55 5.68 4.80 5.87 5.69 5.31 4.01 3.21 2.94 2.22 2.72 3.44 4.46 5.14 5.70 8.02 9.60 10.46 11.13 10.07 10.26 8.97 8.49 6.78 5.35 4.40 3.55 2.86 2.93 2.87
0.00 0.00 0.00 0.00 0.00 0.00 0.00 0.00 0.00 0.00 0.00 0.00 0.00 0.00 0.00 0.00 0.00 0.00 0.00 0.00 0.00 0.00 0.00 0.00 0.00 0.00 0.00 0.00 0.00 0.00 0.00 0.14 0.10 0.17 0.05 0.14 0.42 0.54 0.67 0.57 0.43 0.83 1.02 1.83 2.43 4.65 5.21 5.10 6.33 7.93 7.79 7.97 7.11 7.38 7.29 5.89 4.66 5.34 5.39 5.42 4.50 3.35 3.28 2.29 2.69 4.48 5.79 6.87 7.59 10.28 12.36 13.40 13.66 12.47 12.67 11.12 10.56 8.45 7.21 5.83 4.75 3.38 3.33 3.32
0.00 0.00 0.00 0.00 0.00 0.00 0.00 0.00 0.00 0.00 0.00 0.00 0.00 0.00 0.00 0.00 0.00 0.00 0.00 0.00 0.00 0.00 0.00 0.00 0.00 0.00 0.00 0.00 0.00 0.00 0.00 0.40 0.22 0.09 -0.02 0.30 0.40 0.80 0.88 0.82 0.60 1.45 1.88 3.30 3.51 5.84 6.39 5.97 7.11 9.56 9.23 9.39 8.82 7.60 6.89 6.06 5.39 6.13 6.05 6.00 5.87 4.91 5.01 5.49 6.40 7.84 8.75 10.09 10.42 13.02 14.61 14.38 14.60 12.69 12.67 11.34 10.65 8.46 7.28 5.32 4.66 3.48 3.11 3.24
0.00 0.00 0.00 0.00 0.00 0.00 0.00 0.00 0.00 0.00 0.00 0.00 0.00 0.00 0.00 0.00 0.00 0.00 0.00 0.00 0.00 0.00 0.00 0.00 0.00 0.00 0.00 0.00 0.00 0.00 0.01 0.29 0.62 0.71 0.88 0.81 1.02 1.25 1.22 0.97 1.42 2.69 2.87 3.40 4.19 5.38 5.81 6.70 7.86 10.01 11.31 10.79 9.38 7.84 6.37 5.91 5.42 5.87 5.73 6.49 6.58 6.71 7.13 8.40 9.53 11.45 12.46 13.09 13.64 15.15 16.18 15.17 15.08 13.08 12.55 11.85 11.20 8.79 7.37 5.14 4.53 3.29 2.86 2.80
0.00 0.00 0.00 0.00 0.00 0.00 0.00 0.00 0.00 0.00 0.00 0.00 0.00 0.00 0.00 0.00 0.00 0.00 0.00 0.00 0.00 0.00 0.00 0.00 0.00 0.00 0.00 0.00 0.00 0.00 0.02 0.34 0.18 0.22 0.98 0.77 0.94 0.90 0.82 0.97 0.74 2.14 2.61 3.17 3.46 4.73 5.22 6.66 7.97 10.01 10.51 9.57 8.38 7.35 6.42 6.19 5.57 6.24 6.42 7.26 7.59 8.56 9.14 9.43 10.78 12.35 12.69 12.87 13.29 14.30 15.25 14.34 14.27 11.99 11.49 10.63 9.96 8.22 6.77 4.58 4.19 3.11 2.74 2.68
0.00 0.00 0.00 0.00 0.00 0.00 0.00 0.00 0.00 0.00 0.00 0.00 0.00 0.00 0.00 0.00 0.00 0.00 0.00 0.00 0.00 0.00 0.00 0.00 0.00 0.00 0.00 0.00 0.00 0.11 0.45 0.71 0.78 1.36 1.75 1.34 1.35 1.43 1.31 1.47 1.47 2.40 2.74 2.82 3.63 4.46 6.07 6.47 7.32 8.33 8.28 7.70 6.56 5.67 5.33 5.23 5.36 6.83 6.95 8.33 9.10 10.58 11.74 12.45 13.39 14.74 14.99 14.39 14.48 15.43 15.74 14.87 15.09 12.99 12.01 10.94 9.71 7.92 6.42 4.56 4.16 3.25 3.00 2.70
0.00 0.00 0.00 0.00 0.00 0.00 0.00 0.00 0.00 0.00 0.00 0.00 0.00 0.00 0.00 0.00 0.00 0.00 0.00 0.00 0.00 0.00 0.00 0.00 0.00 0.00 0.00 0.00 0.00 0.26 0.82 0.52 1.02 1.79 1.74 1.55 1.58 1.42 1.42 1.71 1.65 2.49 2.51 2.40 3.14 4.52 5.91 6.20 7.11 7.53 7.40 6.81 5.88 5.61 5.29 5.49 5.74 6.97 7.26 8.64 9.11 10.37 11.11 12.04 12.77 13.26 13.67 12.92 13.28 13.38 13.56 13.22 13.43 11.55 10.72 9.82 8.70 7.17 5.90 4.38 3.76 3.11 2.83 2.63
0.00 0.00 0.00 0.00 0.00 0.00 0.00 0.00 0.00 0.00 0.00 0.00 0.00 0.00 0.00 0.00 0.00 0.00 0.00 0.00 0.00 0.00 0.00 0.00 0.00 0.01 0.09 -0.01 0.02 0.25 0.58 0.26 0.61 0.72 0.69 0.87 0.75 0.74 0.92 1.30 1.23 2.46 2.50 2.43 2.69 4.06 5.17 5.10 5.54 5.55 5.63 5.68 5.29 5.30 5.11 5.56 5.81 7.05 7.32 8.61 8.95 10.09 10.96 11.47 12.42 12.62 12.59 11.66 11.48 11.29 11.37 11.37 11.51 9.96 8.94 8.17 7.44 6.03 5.00 3.81 3.28 2.62 2.40 2.24
0.00 0.00 0.00 0.00 0.00 0.00 0.00 0.00 0.00 0.00 0.00 0.00 0.00 0.00 0.00 0.00 0.00 0.00 0.00 0.00 0.00 0.00 0.00 0.00 0.01 0.18 0.17 -0.08 0.11 0.38 0.54 0.36 0.60 0.70 0.56 0.78 0.93 0.91 1.02 1.27 1.47 2.93 3.27 2.72 2.94 4.22 5.15 5.10 5.43 5.50 5.61 5.92 5.61 5.75 5.70 6.04 6.20 7.13 7.30 7.86 8.03 8.79 9.45 9.72 10.58 10.52 10.49 9.94 9.74 9.80 9.92 10.26 10.45 9.13 8.26 7.84 7.15 5.64 4.72 3.55 3.04 2.46 2.25 2.14
0.00 0.00 0.00 0.00 0.00 0.00 0.00 0.00 0.00 0.00 0.00 0.00 0.00 0.00 0.00 0.00 0.00 0.00 0.00 0.00 0.00 0.00 0.00 0.00 0.02 0.44 0.36 0.13 0.05 0.46 0.28 0.36 0.69 0.63 0.77 1.03 1.24 1.14 1.37 1.51 1.50 2.65 3.29 2.74 3.22 4.58 5.11 5.39 5.75 6.44 6.68 7.02 6.85 6.95 6.86 7.01 7.04 7.55 7.21 6.98 6.94 7.31 7.36 7.14 7.47 7.42 7.58 7.50 7.58 7.48 7.77 8.13 8.21 7.42 6.70 6.13 5.70 4.29 3.58 2.68 2.53 2.08 2.04 1.89
0.00 0.00 0.00 0.00 0.00 0.00 0.00 0.00 0.00 0.00 0.00 0.00 0.00 0.00 0.00 0.00 0.00 0.00 0.00 0.00 0.00 0.00 0.00 0.04 0.00 0.04 0.03 0.11 0.07 0.24 0.19 0.27 0.30 0.54 0.72 1.02 1.21 1.22 1.35 1.46 1.50 2.57 3.16 2.90 3.15 4.44 4.57 4.64 5.00 5.97 6.16 6.45 6.48 6.38 6.20 6.40 6.30 6.82 6.40 6.16 6.12 6.01 6.09 6.04 6.17 6.35 6.57 6.88 7.09 7.19 7.56 7.90 7.93 7.20 6.50 5.84 5.41 4.14 3.59 2.77 2.49 2.10 1.89 1.70
0.00 0.00 0.00 0.00 0.00 0.00 0.00 0.00 0.00 0.00 0.00 0.00 0.00 0.00 0.00 0.00 0.00 0.00 0.00 0.00 0.00 0.00 0.00 0.00 0.00 0.00 0.00 0.00 0.00 0.00 0.00 0.01 0.06 0.16 0.06 0.60 0.84 1.01 1.08 1.18 1.40 2.28 2.59 2.78 3.11 4.10 4.54 4.65 4.94 5.35 5.63 5.90 5.90 5.85 5.89 6.02 5.91 5.98 5.76 5.28 5.15 4.79 4.78 4.40 4.53 4.81 5.27 6.01 6.37 6.86 7.20 7.40 7.32 6.46 5.78 5.12 4.84 3.46 2.88 2.30 2.05 1.75 1.63 1.48
0.00 0.00 0.00 0.00 0.00 0.00 0.00 0.00 0.00 0.00 0.00 0.00 0.00 0.00 0.00 0.00 0.00 0.00 0.00 0.00 0.00 0.00 0.00 0.00 0.00 0.00 0.00 0.00 0.00 0.00 0.00 0.00 -0.04 -0.04 -0.02 0.25 0.27 0.67 0.96 1.05 1.10 1.86 2.11 2.36 2.60 3.47 4.00 4.01 4.26 4.55 4.89 5.24 5.25 4.87 4.94 4.94 5.07 4.86 4.51 4.34 4.16 4.21 4.17 4.01 4.05 4.30 4.70 5.56 6.03 6.40 6.68 6.92 6.87 5.88 5.26 4.84 4.56 3.21 2.73 2.27 2.04 1.69 1.56 1.46
0.00 0.00 0.00 0.00 0.00 0.00 0.00 0.00 0.00 0.00 0.00 0.00 0.00 0.00 0.00 0.00 0.00 0.00 0.00 0.00 0.00 0.00 0.00 0.00 0.00 0.00 0.00 0.00 0.00 0.00 0.00 0.00 0.01 0.46 0.75 1.13 1.23 1.83 2.09 2.28 2.44 3.15 3.38 3.71 3.92 4.45 5.00 4.82 4.89 4.84 4.80 4.84 4.76 4.11 3.86 3.63 3.60 3.39 3.22 3.25 3.08 3.34 3.52 3.77 4.02 4.42 4.74 5.55 6.04 6.26 6.55 6.73 6.71 5.74 5.26 4.64 4.27 2.90 2.63 2.22 1.78 1.36 1.32 1.17
0.00 0.00 0.00 0.00 0.00 0.00 0.00 0.01 0.00 0.00 0.00 0.00 0.00 0.00 0.00 0.00 0.00 0.00 0.00 0.00 0.00 0.00 0.00 0.00 0.00 0.00 0.00 0.00 0.00 0.00 0.00 0.00 0.00 0.11 0.33 0.77 0.90 1.51 1.88 2.16 2.16 2.83 2.99 3.31 3.53 4.13 4.51 4.50 4.45 4.34 4.13 3.91 3.84 3.36 3.31 3.05 2.97 2.82 2.83 2.79 2.69 3.01 3.14 3.32 3.47 3.99 4.31 4.94 5.35 5.46 5.69 5.92 5.85 5.01 4.52 4.06 3.71 2.61 2.41 1.97 1.68 1.31 1.26 1.05
0.00 0.00 0.00 0.00 0.00 0.00 0.00 0.00 0.00 0.00 0.00 0.00 0.00 0.00 0.00 0.00 0.00 0.00 0.00 0.00 0.00 0.00 0.00 0.00 0.00 0.00 0.00 0.00 0.00 0.00 0.00 0.00 0.00 0.00 0.00 0.27 0.58 1.00 1.35 1.55 1.59 2.08 2.20 2.68 2.85 3.40 3.48 3.60 3.57 3.67 3.70 3.59 3.62 3.16 3.15 3.01 3.05 2.75 2.66 2.73 2.82 3.03 3.17 3.27 3.34 4.06 4.47 5.08 5.50 5.46 5.45 5.78 5.69 4.76 4.20 4.04 3.77 2.65 2.41 1.84 1.59 1.23 1.18 1.02
0.00 0.00 0.00 0.00 0.00 0.00 0.00 0.00 0.00 0.00 0.00 0.00 0.00 0.00 0.00 0.00 0.00 0.00 0.00 0.00 0.00 0.00 0.00 0.00 0.00 0.00 0.00 0.00 0.00 0.00 0.00 0.00 0.00 0.00 0.00 0.14 0.46 0.95 1.37 1.60 1.75 2.03 2.17 2.55 2.74 3.23 3.39 3.49 3.72 3.68 3.61 3.47 3.41 3.19 3.08 3.00 3.01 2.81 2.78 2.92 2.99 2.99 3.22 3.23 3.29 4.05 4.49 5.03 5.40 5.37 5.34 5.69 5.53 4.42 3.95 3.78 3.52 2.42 2.16 1.67 1.45 1.15 1.09 0.99
0.00 0.00 0.00 0.00 0.00 0.01 0.17 0.71 0.56 1.28 1.49 1.34 1.29 1.04 0.97 0.41 0.26 0.00 0.01 0.00 0.00 0.00 0.00 0.00 0.00 0.00 0.00 0.00 0.00 0.00 0.00 0.00 0.00 0.00 0.00 0.07 0.29 0.54 0.64 0.81 0.94 1.07 1.17 1.48 1.52 1.93 1.97 2.12 2.26 2.07 1.93 1.81 1.79 2.03 2.09 2.28 2.44 2.55 2.60 2.79 2.98 3.01 3.05 3.05 3.07 3.50 3.73 4.04 4.30 4.45 4.42 4.68 4.45 3.28 3.00 2.94 2.63 1.99 1.84 1.46 1.30 0.99 0.97 0.81
0.00 0.00 0.00 0.00 0.00 0.03 0.26 0.22 0.39 0.66 0.94 0.95 1.02 0.80 0.91 0.52 0.35 0.03 0.02 0.00 0.00 0.00 0.00 0.00 0.00 0.00 0.00 0.00 0.00 0.00 0.00 0.00 0.00 0.00 0.04 0.21 0.37 0.48 0.58 0.88 0.98 1.07 1.22 1.48 1.56 1.99 2.04 2.10 2.28 2.22 2.08 1.90 1.89 2.15 2.25 2.43 2.53 2.81 2.81 3.02 3.13 3.12 3.18 3.26 3.30 3.75 4.10 4.40 4.68 4.90 4.86 5.04 4.77 3.54 3.27 3.15 2.71 2.07 1.88 1.51 1.38 1.02 0.98 0.78
0.00 0.00 0.19 0.01 0.08 -0.17 0.38 0.89 1.92 3.00 3.09 3.52 3.31 2.57 1.97 1.44 0.94 -0.04 -0.02 0.02 0.00 0.00 0.00 0.00 0.00 0.00 0.00 0.00 0.01 0.05 0.09 0.08 0.07 0.21 0.33 0.52 0.65 0.64 0.81 1.07 1.25 1.52 1.64 1.77 1.79 2.17 2.25 2.19 2.34 2.42 2.37 2.12 2.06 2.18 2.29 2.49 2.52 2.90 2.93 3.15 3.26 3.25 3.27 3.33 3.41 3.76 4.05 4.46 4.81 5.46 5.25 5.40 5.16 3.81 3.62 3.41 2.95 2.22 1.83 1.39 1.30 0.83 0.79 0.70
0.00 0.00 0.27 0.38 0.54 0.66 1.59 2.12 2.78 3.96 4.38 4.38 4.07 2.76 2.16 1.33 0.90 0.02 0.00 -0.01 0.00 0.00 0.00 0.00 0.00 0.00 0.01 -0.12 -0.11 0.09 0.08 0.04 0.15 0.48 0.52 0.76 0.89 0.87 1.04 1.23 1.28 1.39 1.46 1.56 1.61 2.06 2.21 2.16 2.17 2.26 2.23 2.05 2.00 2.12 2.25 2.54 2.58 3.10 3.18 3.41 3.51 3.56 3.59 3.74 3.80 4.11 4.35 4.78 5.24 6.02 5.81 5.91 5.68 3.98 3.71 3.30 2.89 2.00 1.79 1.28 1.30 0.81 0.78 0.63
0.00 0.00 0.35 1.26 2.40 3.67 6.39 10.04 12.56 14.95 15.02 14.43 13.17 9.70 7.09 4.72 3.07 0.27 0.27 0.16 0.09 0.00 0.00 0.00 0.00 0.02 0.03 0.04 0.06 0.43 0.63 0.61 0.81 1.00 0.93 1.14 1.28 1.31 1.46 1.81 1.92 2.03 2.04 2.07 2.09 2.33 2.35 2.18 2.22 2.08 2.03 1.95 1.93 1.92 1.98 2.09 2.13 2.59 2.60 2.89 2.90 2.96 2.98 3.22 3.26 3.81 4.28 4.62 5.02 5.90 5.91 6.20 6.06 4.32 4.03 3.44 2.98 1.92 1.72 1.20 1.09 0.53 0.52 0.41
0.00 0.00 0.32 2.00 2.47 3.33 5.48 9.23 11.98 13.87 13.75 13.03 11.60 8.93 6.36 4.54 2.97 0.14 0.09 0.09 0.01 0.00 0.00 0.00 0.00 0.00 0.00 0.01 0.04 0.36 0.61 0.64 0.89 1.03 1.00 1.08 1.20 1.16 1.32 1.56 1.69 1.94 1.90 1.98 1.96 2.24 2.28 2.22 2.19 2.11 2.04 1.97 1.99 2.02 2.06 2.19 2.21 2.70 2.76 3.07 3.11 3.22 3.21 3.41 3.50 4.05 4.56 4.96 5.31 5.86 5.75 6.11 5.79 4.05 3.71 3.20 2.85 1.84 1.69 1.15 1.10 0.39 0.40 0.32
0.00 0.00 0.02 1.66 2.66 2.97 4.73 8.62 11.15 12.42 12.56 11.94 10.44 8.87 6.46 4.89 3.56 0.44 0.31 0.16 0.03 0.00 0.00 0.00 0.00 0.00 0.04 0.02 0.05 0.29 0.64 0.80 1.13 1.37 1.43 1.44 1.48 1.44 1.45 1.43 1.53 1.76 1.69 1.70 1.66 1.90 1.94 1.93 1.96 1.99 1.95 1.92 1.96 1.97 2.07 2.28 2.35 2.96 3.07 3.32 3.40 3.60 3.64 3.93 4.03 4.64 5.17 5.55 5.87 6.04 5.96 6.20 5.96 3.83 3.47 2.98 2.64 1.57 1.51 0.95 1.06 0.31 0.29 0.22
0.00 0.00 0.12 1.66 2.83 2.56 3.84 6.90 8.49 9.00 8.69 7.89 6.50 5.76 4.17 3.42 2.65 0.28 0.14 0.07 0.00 0.00 0.00 0.00 0.00 0.03 0.06 0.04 0.10 0.39 0.56 0.77 1.12 1.29 1.37 1.44 1.55 1.52 1.49 1.43 1.49 1.75 1.65 1.66 1.61 1.85 1.85 1.83 1.84 1.92 1.87 1.84 1.88 1.82 1.95 2.12 2.23 2.91 3.02 3.21 3.31 3.53 3.58 3.84 3.97 4.56 4.99 5.22 5.54 5.59 5.56 5.78 5.47 3.56 3.22 2.92 2.45 1.46 1.29 1.02 0.86 0.13 0.12 0.10
0.00 0.00 0.09 0.49 0.63 0.30 0.04 0.71 1.14 1.95 2.22 2.35 2.02 2.05 1.57 1.40 1.40 0.06 0.02 0.00 0.00 0.00 0.00 0.00 0.00 0.06 0.09 0.12 0.16 0.47 0.61 0.65 0.83 0.95 1.02 1.08 1.23 1.27 1.20 1.10 1.20 1.48 1.47 1.53 1.53 1.86 1.93 2.01 2.01 2.29 2.33 2.35 2.45 2.30 2.43 2.58 2.62 3.42 3.57 3.78 3.86 4.11 4.11 4.40 4.55 4.75 5.05 5.13 5.27 5.00 4.62 4.37 3.79 2.14 1.90 1.71 1.52 0.96 0.83 0.67 0.48 0.00 0.00 0.00
0.00 -0.02 -0.12 0.26 0.95 -0.05 0.27 0.89 1.47 1.77 1.69 1.84 1.58 1.58 1.24 1.41 1.03 0.03 0.00 0.00 0.00 0.00 0.00 0.00 0.00 0.04 0.06 0.06 0.07 0.42 0.45 0.51 0.67 0.72 0.79 0.86 0.91 1.04 1.01 0.92 0.99 1.31 1.30 1.35 1.34 1.64 1.70 1.81 1.83 2.16 2.19 2.18 2.26 2.14 2.22 2.39 2.44 3.20 3.35 3.50 3.60 3.92 3.89 4.09 4.21 4.22 4.48 4.52 4.65 4.54 4.20 4.07 3.55 2.02 1.71 1.51 1.34 0.92 0.79 0.67 0.40 0.00 0.00 0.00
0.00 0.00 0.26 1.27 2.03 1.35 1.07 1.35 1.82 2.19 2.03 1.89 1.56 1.55 1.22 1.05 0.54 0.00 0.00 0.00 0.00 0.00 0.00 0.00 0.00 0.00 0.00 0.01 0.02 0.25 0.31 0.38 0.49 0.49 0.62 0.72 0.77 0.74 0.84 0.93 0.92 1.22 1.22 1.21 1.21 1.48 1.47 1.59 1.58 2.00 1.99 1.88 1.97 1.86 1.88 2.01 2.23 2.98 3.10 3.10 3.17 3.54 3.41 3.60 3.70 3.61 3.83 3.95 3.89 4.34 3.97 3.77 3.32 1.79 1.44 1.21 1.12 0.68 0.57 0.47 0.26 0.00 0.00 0.00
