QPF/QPF_202208082200-150.txt
ncols 525
nrows 625
xllcorner -31082
yllcorner 11395
cellsize 1000.0
NODATA_value -9999.0
[rows 114 to 151 of 625, columns 420 to 503 of 525]
0.00 0.00 0.00 0.00 0.00 0.00 0.00 0.00 0.00 0.00 0.00 0.00 0.00 0.00 0.00 0.00 0.00 0.00 0.00 0.00 0.00 0.00 0.01 0.00 0.00 0.03 0.06 0.08 0.06 0.24 0.21 0.29 0.27 0.19 0.20 0.24 0.19 0.26 0.31 0.23 0.23 0.42 0.42 0.28 0.28 0.28 0.28 0.27 0.21 0.71 0.65 0.66 0.65 0.42 0.45 0.34 0.32 0.62 0.59 0.63 0.63 0.78 0.71 0.69 0.56 0.08 0.09 0.10 0.08 0.13 0.08 0.00 0.00 0.00 0.00 0.00 0.00 0.00 0.00 0.00 0.00 0.00 0.00 0.00
0.00 0.00 0.00 0.00 0.00 0.00 0.00 0.00 0.00 0.00 0.00 0.00 0.00 0.00 0.00 0.00 0.00 0.00 0.00 0.00 0.00 0.00 0.01 0.00 0.01 0.04 0.07 0.11 0.10 0.18 0.21 0.23 0.21 0.11 0.09 0.09 0.08 0.14 0.18 0.14 0.16 0.30 0.31 0.24 0.23 0.31 0.32 0.31 0.30 0.79 0.79 0.78 0.76 0.53 0.61 0.41 0.43 0.70 0.63 0.67 0.67 0.93 0.92 0.98 0.95 0.45 0.47 0.51 0.50 0.52 0.45 0.02 0.00 0.00 0.00 0.00 0.00 0.00 0.00 0.00 0.00 0.00 0.00 0.00
0.00 0.00 0.00 0.00 0.00 0.00 0.00 0.00 0.00 0.00 0.00 0.00 0.00 0.00 0.00 0.00 0.00 0.00 0.00 0.00 0.00 0.00 0.01 0.00 0.00 0.05 0.05 0.08 0.09 0.18 0.20 0.19 0.23 0.08 0.06 0.04 0.04 0.15 0.13 0.12 0.17 0.32 0.31 0.26 0.23 0.29 0.32 0.36 0.32 0.83 0.87 0.81 0.77 0.54 0.56 0.47 0.50 0.77 0.71 0.69 0.68 0.97 0.97 1.00 0.91 0.52 0.41 0.36 0.36 0.45 0.26 0.00 0.00 0.00 0.00 0.00 0.00 0.00 0.00 0.00 0.00 0.00 0.00 0.00
0.00 0.00 0.00 0.00 0.00 0.00 0.00 0.00 0.00 0.00 0.00 0.00 0.00 0.00 0.00 0.00 0.00 0.00 0.00 0.00 0.00 0.01 -0.02 0.00 0.00 0.01 0.01 0.07 0.07 0.08 0.12 0.09 0.12 0.05 0.01 0.03 0.02 0.07 0.10 0.11 0.13 0.25 0.31 0.24 0.22 0.33 0.36 0.27 0.30 0.70 0.80 0.82 0.73 0.54 0.54 0.47 0.54 0.79 0.71 0.69 0.72 0.89 0.92 0.99 0.92 0.61 0.47 0.37 0.31 0.29 0.07 0.00 0.00 0.00 0.00 0.00 0.00 0.00 0.00 0.00 0.00 0.00 0.00 0.00
0.00 0.00 0.00 0.00 0.00 0.00 0.00 0.00 0.00 0.00 0.00 0.00 0.00 0.00 0.00 0.00 0.00 0.00 0.00 0.00 0.00 0.03 0.02 0.00 0.00 0.05 0.01 0.04 0.05 0.04 0.10 0.07 0.10 0.03 0.03 0.04 0.01 0.08 0.08 0.10 0.12 0.30 0.30 0.29 0.25 0.45 0.39 0.37 0.32 0.73 0.76 0.76 0.77 0.54 0.59 0.52 0.56 0.80 0.76 0.81 0.77 1.00 0.97 1.03 0.99 0.58 0.52 0.27 0.07 0.02 0.00 0.00 0.00 0.00 0.00 0.00 0.00 0.00 0.00 0.00 0.00 0.00 0.00 0.00
0.00 0.00 0.00 0.00 0.00 0.00 0.00 0.00 0.00 0.00 0.00 0.00 0.00 0.00 0.00 0.00 0.00 0.00 0.00 0.00 0.00 0.01 0.02 0.00 0.00 0.14 0.08 0.13 0.12 0.13 0.20 0.18 0.22 0.04 0.03 0.14 0.06 0.14 0.12 0.23 0.23 0.41 0.41 0.37 0.35 0.48 0.55 0.52 0.56 1.03 1.12 1.15 1.16 0.91 0.93 0.86 0.90 1.27 1.20 1.18 1.10 1.17 1.12 1.23 1.21 0.94 0.89 0.54 0.03 0.00 0.00 0.00 0.01 0.00 0.00 0.00 0.00 0.00 0.00 0.00 0.00 0.00 0.00 0.00
0.00 0.00 0.00 0.00 0.00 0.00 0.00 0.00 0.00 0.00 0.00 0.00 0.00 0.00 0.00 0.00 0.00 0.00 0.00 0.00 0.00 0.02 0.05 0.01 0.01 0.14 0.07 0.13 0.12 0.13 0.18 0.18 0.18 0.01 0.02 0.11 0.09 0.12 0.12 0.20 0.18 0.40 0.37 0.36 0.34 0.53 0.57 0.51 0.50 1.01 1.02 1.06 1.08 0.89 0.95 0.89 0.88 1.24 1.16 1.18 1.12 1.12 1.07 1.13 1.14 0.89 0.87 0.45 0.00 0.00 0.00 0.19 0.33 0.05 0.05 0.03 0.00 0.00 0.00 0.00 0.00 0.00 0.00 0.00
0.00 0.00 0.00 0.00 0.00 0.00 0.00 0.00 0.00 0.00 0.00 0.00 0.00 0.00 0.00 0.00 0.00 0.00 0.00 0.00 0.00 0.01 0.01 0.00 0.00 0.07 0.08 0.09 0.08 0.07 0.14 0.15 0.21 0.05 0.05 0.09 0.07 0.11 0.12 0.15 0.16 0.38 0.38 0.33 0.34 0.50 0.58 0.50 0.49 1.02 1.01 1.01 1.09 0.87 0.93 0.87 0.88 1.28 1.23 1.20 1.14 1.14 1.08 1.07 1.07 0.86 0.77 0.43 0.02 0.05 0.20 0.48 0.62 0.07 0.03 0.00 0.00 0.00 0.00 0.00 0.00 0.00 0.00 0.00
0.00 0.00 0.00 0.00 0.00 0.00 0.00 0.00 0.00 0.00 0.00 0.00 0.00 0.00 0.00 0.00 0.00 0.00 0.00 0.00 0.00 0.02 0.00 0.03 0.00 0.05 0.06 0.15 0.13 0.13 0.19 0.14 0.22 0.03 0.05 0.11 0.05 0.15 0.18 0.15 0.19 0.41 0.38 0.36 0.32 0.48 0.49 0.47 0.49 0.99 1.01 1.02 1.01 0.86 0.86 0.81 0.91 1.29 1.25 1.19 1.18 1.14 1.07 1.06 1.00 0.89 0.74 0.36 0.10 0.37 0.58 0.79 0.79 0.11 0.07 0.00 0.00 0.00 0.00 0.00 0.00 0.00 0.00 0.00
0.00 0.00 0.00 0.00 0.00 0.00 0.00 0.00 0.00 0.00 0.00 0.00 0.00 0.00 0.00 0.00 0.00 0.00 0.00 0.00 0.00 0.16 0.19 0.01 0.03 0.11 0.06 0.32 0.33 0.38 0.39 0.43 0.29 0.11 0.11 0.21 0.16 0.27 0.23 0.20 0.20 0.42 0.44 0.34 0.33 0.52 0.59 0.47 0.56 0.92 0.93 0.89 0.84 0.74 0.70 0.73 0.71 0.90 0.88 0.88 0.83 0.80 0.77 0.76 0.75 0.84 0.67 0.35 0.23 0.63 0.71 0.75 0.77 0.14 0.06 0.00 0.00 0.00 0.00 0.00 0.00 0.00 0.00 0.00
0.00 0.00 0.00 0.00 0.00 0.00 0.00 0.00 0.00 0.00 0.00 0.00 0.00 0.00 0.00 0.00 0.00 0.00 0.00 0.00 0.00 0.01 0.02 0.01 0.01 0.06 0.04 0.18 0.24 0.24 0.36 0.39 0.31 0.07 0.07 0.13 0.07 0.15 0.14 0.13 0.14 0.33 0.36 0.23 0.24 0.44 0.57 0.37 0.51 0.85 0.87 0.85 0.83 0.69 0.68 0.68 0.66 0.89 0.84 0.84 0.78 0.73 0.70 0.64 0.63 0.79 0.61 0.38 0.33 0.75 0.72 0.79 0.79 0.14 0.05 0.00 0.00 0.00 0.00 0.00 0.00 0.00 0.00 0.00
0.00 0.00 0.00 0.00 0.00 0.00 0.00 0.00 0.00 0.00 0.00 0.00 0.00 0.00 0.00 0.00 0.00 0.00 0.00 0.00 0.00 0.05 0.03 0.10 0.04 0.27 0.22 0.29 0.34 0.39 0.39 0.41 0.37 0.16 0.12 0.16 0.17 0.20 0.22 0.17 0.14 0.33 0.31 0.25 0.23 0.43 0.48 0.37 0.43 0.81 0.83 0.81 0.83 0.66 0.67 0.65 0.65 0.88 0.87 0.86 0.79 0.76 0.67 0.60 0.54 0.73 0.62 0.52 0.49 0.87 0.85 0.86 0.76 0.16 0.13 0.01 0.01 0.00 0.03 0.00 0.00 0.00 0.00 0.00
0.00 0.00 0.00 0.00 0.00 0.00 0.00 0.00 0.00 0.00 0.00 0.00 0.00 0.00 0.00 0.00 0.00 0.00 0.00 0.00 0.00 0.01 0.02 0.08 0.06 0.18 0.11 0.17 0.17 0.28 0.24 0.27 0.25 0.11 0.05 0.03 0.02 0.10 0.11 0.07 0.04 0.14 0.17 0.15 0.14 0.34 0.42 0.31 0.35 0.74 0.74 0.76 0.74 0.64 0.62 0.61 0.62 0.80 0.82 0.80 0.75 0.68 0.58 0.48 0.42 0.60 0.52 0.51 0.47 0.82 0.79 0.75 0.64 0.10 0.06 0.00 0.00 0.00 0.00 0.00 0.00 0.00 0.00 0.00
0.00 0.00 0.00 0.00 0.00 0.00 0.00 0.00 0.00 0.00 0.00 0.00 0.00 0.00 0.00 0.00 0.00 0.00 0.00 0.00 0.00 0.00 0.00 0.00 0.00 0.00 0.00 0.00 0.00 0.00 0.00 0.00 0.01 0.01 0.00 0.00 0.00 0.00 0.00 0.01 0.01 0.01 0.00 0.00 0.00 0.07 0.10 0.05 0.05 0.41 0.41 0.42 0.38 0.33 0.33 0.30 0.33 0.52 0.51 0.49 0.46 0.36 0.31 0.25 0.17 0.40 0.34 0.34 0.32 0.58 0.51 0.37 0.23 0.00 0.00 0.00 0.00 0.00 0.00 0.00 0.00 0.00 0.00 0.00
0.00 0.00 0.00 0.00 0.00 0.00 0.00 0.00 0.00 0.00 0.00 0.00 0.00 0.00 0.00 0.00 0.00 0.00 0.00 0.00 0.00 0.00 0.00 0.00 0.00 0.00 0.00 0.00 0.00 0.00 0.00 0.00 0.00 0.01 0.00 0.00 0.00 0.00 0.00 0.01 0.01 0.01 0.00 0.00 0.00 0.04 0.09 0.04 0.04 0.40 0.40 0.40 0.34 0.32 0.31 0.30 0.33 0.49 0.47 0.47 0.44 0.34 0.28 0.23 0.13 0.35 0.28 0.30 0.26 0.49 0.45 0.37 0.24 0.00 0.00 0.00 0.00 0.00 0.00 0.00 0.00 0.00 0.00 0.00
0.00 0.00 0.00 0.00 0.00 0.00 0.00 0.00 0.00 0.00 0.00 0.00 0.00 0.00 0.00 0.00 0.00 0.00 0.00 0.00 0.00 0.00 0.00 0.00 0.00 0.00 0.00 0.00 0.00 0.00 0.00 0.00 0.01 0.00 0.00 0.00 0.00 0.00 0.00 0.00 0.01 0.00 0.00 0.00 0.00 0.03 0.04 0.05 0.04 0.41 0.37 0.32 0.29 0.29 0.28 0.28 0.31 0.45 0.43 0.45 0.41 0.28 0.24 0.17 0.06 0.25 0.25 0.32 0.31 0.40 0.36 0.22 0.10 0.00 0.00 0.00 0.00 0.00 0.00 0.00 0.00 0.00 0.00 0.00
0.00 0.00 0.00 0.00 0.00 0.00 0.00 0.00 0.00 0.00 0.00 0.00 0.00 0.00 0.00 0.00 0.00 0.00 0.00 0.00 0.00 0.00 0.00 0.00 0.00 0.00 0.00 0.00 0.00 0.00 0.00 0.00 0.00 0.00 0.00 0.00 0.00 0.00 0.00 0.00 0.01 0.00 0.00 0.00 0.00 0.03 0.05 0.04 0.05 0.41 0.37 0.31 0.30 0.25 0.28 0.28 0.31 0.42 0.37 0.39 0.38 0.25 0.21 0.12 0.01 0.18 0.23 0.31 0.31 0.37 0.35 0.19 0.11 0.00 0.00 0.00 0.00 0.00 0.00 0.00 0.00 0.00 0.00 0.00
0.00 0.00 0.00 0.00 0.00 0.00 0.00 0.00 0.00 0.00 0.00 0.00 0.00 0.00 0.00 0.00 0.00 0.00 0.00 0.00 0.00 0.00 0.00 0.00 0.00 0.00 0.00 0.00 0.00 0.00 0.00 0.00 0.00 0.00 0.00 0.00 0.00 0.01 0.00 0.02 0.01 0.04 0.02 0.02 0.02 0.13 0.14 0.14 0.11 0.43 0.40 0.41 0.40 0.31 0.28 0.24 0.24 0.34 0.29 0.27 0.26 0.13 0.11 0.03 0.00 0.00 0.08 0.18 0.18 0.29 0.21 0.03 0.01 0.00 0.00 0.00 0.00 0.01 0.00 0.00 0.00 0.00 0.00 0.00
0.00 0.00 0.00 0.00 0.00 0.00 0.00 0.00 0.00 0.00 0.00 0.00 0.00 0.00 0.00 0.00 0.00 0.00 0.00 0.00 0.00 0.00 0.00 0.00 0.00 0.00 0.00 0.00 0.00 0.00 0.00 0.00 0.01 0.01 0.01 0.00 0.01 0.01 0.01 0.01 0.02 0.09 0.09 0.07 0.04 0.16 0.16 0.13 0.12 0.36 0.39 0.43 0.39 0.26 0.24 0.21 0.18 0.27 0.25 0.21 0.21 0.06 0.06 0.00 0.00 0.03 0.12 0.12 0.10 0.30 0.22 0.04 0.00 0.00 0.00 0.00 0.00 0.01 0.00 0.00 0.00 0.00 0.00 0.00
0.00 0.00 0.00 0.00 0.00 0.00 0.00 0.00 0.00 0.00 0.00 0.00 0.00 0.00 0.00 0.00 0.00 0.00 0.00 0.00 0.00 0.00 0.00 0.00 0.00 0.00 0.00 0.00 0.00 0.01 0.04 0.02 0.02 0.01 0.01 0.01 0.01 0.01 0.01 0.06 0.03 0.10 0.09 0.05 0.05 0.15 0.16 0.14 0.11 0.36 0.37 0.36 0.36 0.21 0.19 0.26 0.25 0.30 0.29 0.26 0.23 0.08 0.02 0.02 0.03 0.10 0.11 0.21 0.15 0.29 0.22 0.00 0.00 0.00 0.00 0.00 0.00 0.01 0.00 0.00 0.00 0.00 0.00 0.00
0.00 0.00 0.00 0.00 0.00 0.00 0.00 0.00 0.00 0.00 0.00 0.00 0.00 0.00 0.00 0.00 0.00 0.00 0.00 0.00 0.00 0.00 0.00 0.00 0.00 0.00 0.00 0.00 0.00 0.02 0.04 0.03 0.01 0.02 0.01 0.01 0.01 0.01 0.01 0.03 0.03 0.06 0.05 0.06 0.03 0.13 0.15 0.14 0.10 0.36 0.35 0.34 0.31 0.19 0.19 0.23 0.29 0.24 0.26 0.26 0.24 0.05 0.01 0.00 0.00 0.10 0.12 0.14 0.09 0.23 0.14 0.00 0.00 0.00 0.00 0.00 0.00 0.01 0.00 0.00 0.00 0.00 0.00 0.00
0.00 0.00 0.00 0.00 0.00 0.00 0.00 0.00 0.00 0.00 0.00 0.00 0.00 0.00 0.00 0.00 0.00 0.00 0.00 0.00 0.00 0.00 0.00 0.00 0.00 0.00 0.00 0.00 0.01 0.00 0.01 0.01 0.01 0.01 0.01 0.01 0.01 0.01 0.01 0.00 0.01 0.02 0.02 0.02 0.03 0.11 0.12 0.07 0.06 0.29 0.30 0.26 0.17 0.08 0.07 0.07 0.06 0.00 0.00 0.00 0.00 0.00 0.00 0.00 0.00 0.00 0.00 0.00 0.00 0.04 0.00 0.00 0.00 0.00 0.00 0.00 0.00 0.00 0.00 0.00 0.00 0.00 0.00 0.00
0.00 0.00 0.00 0.00 0.00 0.00 0.00 0.00 0.00 0.00 0.00 0.00 0.00 0.00 0.00 0.00 0.00 0.00 0.00 0.00 0.00 0.00 0.00 0.00 0.00 0.00 0.00 0.00 0.00 0.01 0.03 0.01 0.01 0.01 0.00 0.01 0.00 0.00 0.00 0.00 0.00 0.04 0.04 0.04 0.05 0.13 0.12 0.09 0.06 0.32 0.30 0.24 0.19 0.07 0.06 0.10 0.04 0.01 0.01 0.01 0.01 0.00 0.00 0.00 0.00 0.00 0.00 0.00 0.00 0.05 0.00 0.00 0.00 0.00 0.00 0.00 0.00 0.00 0.00 0.00 0.00 0.00 0.00 0.00
0.00 0.00 0.00 0.00 0.00 0.00 0.00 0.00 0.00 0.00 0.00 0.00 0.00 0.00 0.00 0.00 0.00 0.00 0.00 0.00 0.00 0.00 0.00 0.00 0.00 0.00 0.00 0.00 0.00 0.02 0.02 0.02 0.02 0.01 0.00 0.00 0.00 0.00 0.00 0.00 0.00 0.04 0.07 0.06 0.07 0.16 0.14 0.13 0.13 0.35 0.33 0.27 0.23 0.11 0.09 0.13 0.04 0.02 0.02 0.01 0.02 0.01 0.00 0.00 0.00 0.00 0.00 0.02 0.00 0.05 0.00 0.00 0.00 0.00 0.00 0.00 0.00 0.00 0.00 0.00 0.00 0.00 0.00 0.00
0.00 0.00 0.00 0.00 0.00 0.00 0.00 0.00 0.00 0.00 0.00 0.00 0.00 0.00 0.00 0.00 0.00 0.00 0.00 0.00 0.00 0.00 0.00 0.00 0.00 0.00 0.00 0.00 0.00 0.03 0.02 0.03 0.03 0.02 0.01 0.00 0.00 0.00 0.00 0.00 0.00 0.06 0.08 0.06 0.09 0.15 0.17 0.11 0.17 0.35 0.33 0.26 0.26 0.09 0.05 0.11 0.04 0.02 0.01 0.01 0.02 0.00 0.00 0.00 0.00 0.00 0.00 0.00 0.00 0.04 0.00 0.00 0.00 0.00 0.00 0.00 0.00 0.00 0.00 0.00 0.00 0.00 0.00 0.00
0.00 0.00 0.00 0.00 0.00 0.00 0.00 0.00 0.00 0.00 0.00 0.00 0.00 0.00 0.00 0.00 0.00 0.00 0.00 0.00 0.00 0.00 0.00 0.00 0.00 0.00 0.00 0.00 0.00 0.00 0.00 0.00 0.00 0.00 0.00 0.00 0.00 0.00 0.00 0.00 0.01 0.02 0.04 0.05 0.07 0.12 0.11 0.09 0.07 0.18 0.16 0.14 0.12 0.03 0.05 0.07 0.06 0.04 0.02 0.04 0.05 0.00 0.00 0.00 0.00 0.00 0.00 0.01 0.00 0.00 0.01 0.00 0.00 0.00 0.00 0.00 0.00 0.00 0.00 0.00 0.00 0.00 0.00 0.00
0.00 0.00 0.00 0.00 0.00 0.00 0.00 0.00 0.00 0.00 0.00 0.00 0.00 0.00 0.00 0.00 0.00 0.00 0.00 0.00 0.00 0.00 0.00 0.00 0.00 0.00 0.01 0.00 0.00 0.00 0.00 0.00 0.00 0.00 0.00 0.00 0.00 0.00 0.01 0.00 0.01 0.01 0.03 0.04 0.08 0.09 0.10 0.07 0.08 0.14 0.14 0.11 0.09 0.04 0.03 0.02 0.01 0.04 0.06 0.05 0.04 0.01 0.01 0.00 0.00 0.00 0.00 0.00 0.00 0.00 0.01 0.00 0.00 0.00 0.00 0.00 0.00 0.00 0.00 0.00 0.00 0.00 0.00 0.00
0.00 0.00 0.00 0.00 0.00 0.00 0.00 0.00 0.00 0.00 0.00 0.00 0.00 0.00 0.01 0.00 0.01 0.04 0.02 0.02 0.00 0.00 0.01 0.00 0.00 0.01 0.01 0.00 0.00 0.01 0.01 0.00 0.00 0.00 0.00 0.00 0.00 0.00 0.01 0.00 0.02 0.06 0.07 0.07 0.08 0.10 0.09 0.06 0.08 0.13 0.12 0.11 0.05 0.02 0.02 0.00 0.01 0.05 0.04 0.08 0.06 0.00 0.01 0.01 0.00 0.00 0.00 0.00 0.00 0.02 0.00 0.00 0.00 0.00 0.00 0.00 0.00 0.00 0.00 0.02 0.01 0.00 0.00 0.00
0.00 0.00 0.00 0.00 0.00 0.00 0.00 0.00 0.00 0.00 0.00 0.00 0.00 0.00 0.02 0.01 0.04 0.06 0.06 0.05 0.03 0.03 0.02 0.02 0.01 0.02 0.02 0.01 0.01 0.01 0.01 0.01 0.01 0.01 0.00 0.00 0.00 0.01 0.02 0.01 0.04 0.06 0.07 0.06 0.08 0.09 0.07 0.05 0.06 0.12 0.12 0.11 0.04 0.02 0.01 0.00 0.01 0.05 0.05 0.04 0.04 0.01 0.01 0.02 0.00 0.00 0.00 0.00 0.00 0.01 0.00 0.00 0.00 0.00 0.00 0.00 0.00 0.00 0.00 0.01 0.00 0.00 0.00 0.00
0.00 0.00 0.01 0.00 0.00 0.00 0.00 0.00 0.00 0.00 0.00 0.00 0.00 0.00 0.08 0.05 0.12 0.24 0.24 0.17 0.16 0.18 0.14 0.09 0.12 0.14 0.14 0.08 0.08 0.12 0.09 0.12 0.07 0.03 0.01 0.01 0.02 0.03 0.06 0.04 0.08 0.14 0.10 0.10 0.12 0.13 0.13 0.08 0.07 0.07 0.08 0.07 0.03 0.05 0.03 0.03 0.03 0.13 0.14 0.16 0.16 0.05 0.02 0.06 0.02 0.10 0.08 0.04 0.04 0.19 0.13 0.05 0.04 0.04 0.04 0.02 0.02 0.10 0.06 0.15 0.10 0.00 0.00 0.00
0.00 0.00 0.00 0.00 0.00 0.00 0.00 0.00 0.00 0.00 0.00 0.00 0.00 0.01 0.08 0.09 0.14 0.29 0.24 0.23 0.23 0.21 0.14 0.15 0.15 0.15 0.15 0.13 0.13 0.15 0.13 0.12 0.11 0.03 0.01 0.01 0.01 0.03 0.05 0.02 0.07 0.12 0.10 0.10 0.10 0.10 0.11 0.07 0.05 0.05 0.08 0.06 0.02 0.04 0.01 0.02 0.03 0.11 0.12 0.20 0.15 0.03 0.03 0.04 0.01 0.14 0.09 0.05 0.04 0.19 0.13 0.07 0.04 0.04 0.04 0.04 0.03 0.11 0.08 0.13 0.06 0.00 0.00 0.00
0.00 0.00 0.00 0.00 0.00 0.00 0.00 0.00 0.00 0.00 0.00 0.00 0.00 0.01 0.09 0.09 0.13 0.33 0.32 0.26 0.23 0.23 0.18 0.20 0.18 0.14 0.15 0.13 0.15 0.18 0.15 0.17 0.14 0.04 0.01 0.02 0.01 0.03 0.06 0.04 0.07 0.13 0.12 0.12 0.09 0.12 0.08 0.06 0.06 0.06 0.06 0.04 0.03 0.05 0.04 0.03 0.03 0.13 0.15 0.17 0.14 0.05 0.01 0.05 0.01 0.07 0.08 0.08 0.05 0.21 0.17 0.11 0.10 0.08 0.07 0.06 0.03 0.11 0.08 0.13 0.07 0.00 0.00 0.00
0.00 0.00 0.00 0.00 0.00 0.02 0.00 0.00 0.00 0.00 0.00 0.00 0.00 0.01 0.09 0.08 0.13 0.33 0.34 0.28 0.26 0.22 0.17 0.19 0.15 0.08 0.11 0.09 0.08 0.09 0.12 0.11 0.09 0.04 0.02 0.02 0.01 0.01 0.04 0.03 0.07 0.14 0.10 0.08 0.06 0.07 0.07 0.06 0.04 0.04 0.04 0.03 0.02 0.03 0.04 0.02 0.02 0.08 0.09 0.12 0.12 0.03 0.01 0.02 0.00 0.04 0.05 0.05 0.05 0.21 0.17 0.13 0.08 0.06 0.05 0.05 0.03 0.12 0.07 0.14 0.08 0.00 0.00 0.00
0.00 0.00 0.00 0.00 0.00 0.00 0.00 0.00 0.01 0.00 0.00 0.01 0.01 0.07 0.17 0.14 0.19 0.50 0.52 0.46 0.44 0.41 0.37 0.37 0.33 0.24 0.27 0.24 0.23 0.25 0.23 0.21 0.18 0.06 0.05 0.06 0.05 0.06 0.06 0.01 0.05 0.07 0.05 0.03 0.03 0.04 0.04 0.04 0.02 0.02 0.01 0.01 0.01 0.02 0.00 0.01 0.00 0.02 0.06 0.03 0.05 0.01 0.01 0.00 0.00 0.01 0.02 0.02 0.03 0.08 0.05 0.03 0.01 0.03 0.03 0.06 0.04 0.09 0.05 0.13 0.09 0.00 0.00 0.00
0.00 0.00 0.01 0.00 0.00 0.00 0.00 0.00 0.00 0.00 0.00 0.01 0.01 0.11 0.23 0.23 0.24 0.59 0.56 0.57 0.48 0.47 0.41 0.36 0.36 0.31 0.29 0.33 0.29 0.28 0.22 0.22 0.18 0.05 0.04 0.05 0.04 0.06 0.04 0.01 0.04 0.06 0.03 0.04 0.03 0.04 0.04 0.04 0.01 0.01 0.01 0.01 0.00 0.00 0.00 0.00 0.00 0.02 0.03 0.03 0.02 0.01 0.01 0.00 0.00 0.01 0.02 0.01 0.03 0.06 0.04 0.03 0.01 0.03 0.03 0.05 0.05 0.11 0.07 0.12 0.08 0.00 0.00 0.00
0.00 0.00 0.00 0.00 0.01 0.00 0.00 0.01 0.02 0.05 0.07 0.09 0.09 0.15 0.23 0.26 0.35 0.63 0.67 0.65 0.65 0.56 0.53 0.47 0.49 0.34 0.34 0.35 0.33 0.36 0.26 0.31 0.27 0.08 0.08 0.08 0.08 0.10 0.08 0.04 0.06 0.09 0.06 0.04 0.04 0.04 0.04 0.04 0.02 0.04 0.01 0.00 0.00 0.00 0.00 0.00 0.00 0.04 0.06 0.07 0.08 0.03 0.03 0.02 0.03 0.04 0.03 0.03 0.06 0.05 0.02 0.05 0.03 0.05 0.06 0.04 0.05 0.09 0.04 0.13 0.09 0.00 0.00 0.00
0.00 0.00 0.02 0.01 0.01 0.02 0.02 0.01 0.03 0.06 0.08 0.10 0.10 0.27 0.31 0.31 0.30 0.72 0.67 0.63 0.61 0.59 0.52 0.55 0.50 0.35 0.39 0.38 0.35 0.39 0.34 0.35 0.32 0.08 0.09 0.09 0.09 0.11 0.09 0.06 0.07 0.08 0.04 0.04 0.02 0.03 0.03 0.02 0.01 0.03 0.01 0.01 0.01 0.01 0.00 0.01 0.01 0.04 0.05 0.06 0.05 0.02 0.02 0.01 0.01 0.02 0.01 0.02 0.04 0.03 0.01 0.03 0.02 0.05 0.05 0.06 0.06 0.08 0.04 0.11 0.10 0.00 0.00 0.00
0.00 0.00 0.04 0.05 0.06 0.04 0.03 0.06 0.07 0.20 0.19 0.24 0.22 0.52 0.52 0.57 0.56 1.14 1.08 1.07 1.06 1.02 0.94 0.97 0.95 0.78 0.74 0.72 0.65 0.66 0.55 0.58 0.50 0.18 0.18 0.22 0.20 0.16 0.15 0.13 0.14 0.16 0.18 0.13 0.11 0.13 0.12 0.13 0.08 0.12 0.06 0.04 0.03 0.07 0.04 0.08 0.05 0.17 0.20 0.22 0.22 0.11 0.07 0.08 0.06 0.05 0.07 0.10 0.12 0.08 0.04 0.04 0.03 0.11 0.09 0.11 0.08 0.06 0.06 0.07 0.08 0.00 0.00 0.00
