QPF/QPF_202208082200-130.txt
ncols 525
nrows 625
xllcorner -31082
yllcorner 11395
cellsize 1000.0
NODATA_value -9999.0
[rows 204 to 237 of 625, columns 231 to 307 of 525]
0.62 1.19 1.45 1.35 1.51 1.57 2.34 2.62 2.46 2.75 3.01 3.27 3.18 2.13 2.42 2.04 1.92 2.13 1.84 2.30 1.55 1.58 1.45 1.12 0.97 1.28 1.29 1.70 2.24 1.61 1.80 1.55 2.63 2.14 3.00 2.63 1.98 1.75 0.81 0.17 0.98 0.40 0.04 0.39 0.08 0.10 0.16 0.08 0.07 0.15 0.39 0.42 0.89 1.10 2.30 2.60 3.11 3.95 7.71 10.49 15.53 19.79 26.05 28.04 28.09 30.76 29.83 30.25 27.44 26.01 23.85 23.58 24.42 23.56 22.76 26.95 30.52
0.38 0.23 0.13 0.91 1.44 1.55 3.08 3.17 3.31 3.11 3.82 3.27 3.46 2.36 3.06 2.88 2.99 2.06 1.34 1.62 1.36 1.12 0.91 1.19 1.25 1.76 2.07 1.52 2.47 2.23 2.68 2.38 2.90 2.94 3.33 2.63 2.89 2.30 1.49 0.73 0.78 0.53 0.10 0.98 0.21 0.08 0.01 0.01 0.18 0.06 0.43 0.47 1.88 2.25 4.31 4.24 8.51 10.93 18.98 24.95 31.35 33.82 37.16 39.69 39.41 40.33 40.83 39.39 36.23 33.50 30.34 28.03 27.87 27.67 25.81 28.68 31.12
0.27 0.78 0.47 0.89 0.96 1.75 3.41 3.34 3.42 3.31 3.21 3.31 2.77 2.44 3.53 3.15 3.08 3.01 1.93 1.90 1.57 1.82 1.61 1.90 1.86 2.29 3.23 2.90 3.42 3.44 2.71 3.12 3.67 2.94 4.13 3.69 3.76 2.65 2.04 1.16 1.13 1.10 0.29 1.26 0.78 1.23 0.09 0.01 0.46 0.16 1.24 1.39 3.44 4.03 6.72 7.04 15.09 21.61 32.38 39.23 42.87 46.71 49.63 50.59 48.68 47.95 48.55 46.21 43.14 39.47 35.57 31.86 30.61 29.04 28.28 29.92 30.95
0.58 1.63 0.61 0.81 0.26 0.54 2.07 2.18 2.39 2.91 2.65 2.96 1.91 2.15 2.86 2.39 2.04 2.10 1.83 2.59 3.06 3.21 2.60 2.62 3.24 3.49 5.05 4.78 5.01 4.82 4.98 5.42 4.58 4.36 4.87 4.28 4.90 3.84 3.33 2.65 2.37 2.61 1.55 1.15 0.92 0.83 0.68 0.28 1.86 0.91 2.94 3.34 5.47 5.32 9.84 12.35 24.94 32.82 46.47 52.48 54.41 55.82 59.16 59.32 57.54 54.19 56.02 53.63 49.17 44.95 37.52 32.87 30.71 27.71 27.84 28.08 29.45
1.34 1.17 0.65 0.51 0.10 0.46 1.52 1.70 1.83 2.23 2.42 3.15 2.30 2.30 3.55 3.40 3.69 3.39 3.65 3.06 3.58 4.90 4.16 4.58 4.35 5.51 6.72 7.14 8.09 6.74 6.73 8.20 6.72 6.86 7.32 7.29 8.01 7.10 7.45 6.78 3.85 4.33 2.84 2.15 2.71 1.93 1.90 1.21 3.13 1.89 4.13 4.35 4.21 4.94 16.12 22.31 39.41 47.44 59.70 61.69 62.46 61.82 64.83 65.12 62.93 60.11 61.17 57.59 52.49 46.15 39.06 33.45 30.42 26.84 26.50 26.63 26.88
1.58 1.47 0.86 0.86 0.88 0.77 1.91 2.01 2.63 3.05 2.80 4.19 2.76 3.13 4.23 3.95 4.43 6.06 7.15 7.93 10.00 10.31 9.12 8.69 8.04 10.01 9.63 9.28 9.83 8.38 9.39 11.28 10.34 13.17 14.58 15.66 15.89 15.15 13.33 12.37 7.31 7.14 3.32 3.62 2.35 1.19 1.25 0.25 0.85 0.56 1.92 1.98 5.58 8.42 30.54 36.74 49.76 55.89 61.52 62.78 64.47 64.73 67.47 66.16 64.86 61.41 59.51 55.25 50.61 45.25 37.40 32.42 28.31 25.38 23.26 23.85 23.63
1.14 1.58 1.03 1.11 0.88 0.94 1.28 1.43 1.92 2.70 3.29 4.58 4.25 3.90 4.78 5.62 6.18 7.48 8.00 10.51 12.29 11.46 11.48 11.60 10.70 12.42 13.81 12.75 12.51 11.34 13.92 14.56 17.27 20.32 24.51 26.97 25.63 25.35 21.60 18.77 14.66 12.07 4.89 3.52 1.08 0.37 0.78 0.72 0.52 0.07 0.13 -0.50 6.97 14.47 36.43 43.82 53.87 57.19 62.37 63.63 63.70 65.86 68.14 67.39 66.15 63.54 62.18 55.71 51.89 44.93 35.74 29.20 25.58 22.15 19.96 20.09 20.37
0.96 1.07 0.51 0.53 0.91 0.89 1.25 1.58 2.04 2.56 3.44 4.88 4.29 5.39 8.22 8.40 8.60 10.83 11.54 12.11 15.07 14.70 13.99 14.83 15.44 16.25 17.91 18.38 17.11 15.80 19.68 20.18 24.05 31.22 35.30 37.50 38.09 37.74 31.38 29.63 29.04 23.67 10.20 7.91 7.38 8.63 4.08 3.34 2.97 2.94 4.33 5.45 17.53 25.72 43.41 47.64 52.08 54.51 57.34 58.12 60.91 63.11 64.65 64.20 62.70 60.26 57.57 52.55 48.67 42.02 32.90 25.79 21.23 18.04 15.88 15.86 16.17
0.80 0.88 0.81 0.75 1.08 0.96 1.35 1.87 2.93 2.65 4.58 6.25 6.78 8.30 9.61 11.10 11.33 12.18 13.76 14.64 16.78 16.89 18.54 18.96 21.90 23.67 24.07 25.49 21.47 21.06 27.03 27.00 33.21 41.17 44.68 48.79 51.94 51.92 39.82 37.53 37.42 27.66 12.17 8.50 8.99 9.40 7.03 4.74 4.95 4.28 6.64 8.55 15.56 20.28 36.28 39.14 45.59 48.18 52.28 54.97 54.95 57.24 59.64 58.19 57.57 54.00 50.71 46.60 41.73 34.35 24.77 20.09 16.03 13.24 11.29 11.63 11.96
0.33 0.36 0.19 0.46 0.41 0.26 0.75 0.67 1.60 1.63 4.62 8.49 8.76 10.01 11.72 13.38 11.51 12.37 14.04 15.61 18.23 20.57 23.22 24.18 27.65 26.81 28.43 29.04 28.42 27.29 32.91 36.56 43.57 50.46 51.85 54.33 57.00 58.98 45.61 43.82 42.57 37.34 23.66 21.20 19.57 18.18 19.25 19.58 19.12 17.13 17.78 19.76 24.08 25.43 34.66 35.34 39.23 38.91 46.20 47.01 50.44 52.59 53.14 52.48 51.89 47.95 43.35 38.29 33.44 26.43 21.09 15.77 11.57 9.59 8.19 7.81 7.89
0.52 0.46 0.15 0.10 0.37 0.35 0.47 0.68 1.28 1.94 5.33 9.25 10.79 11.21 14.78 16.29 15.55 15.04 16.58 17.54 20.01 22.15 26.53 27.44 30.63 30.13 31.68 31.03 28.65 28.16 32.86 39.58 49.32 55.79 56.51 58.23 58.53 56.94 42.37 36.59 29.65 24.20 11.75 8.33 6.59 6.13 6.73 7.79 6.33 5.36 6.11 7.70 10.74 12.78 19.86 23.96 29.01 30.08 41.89 40.59 44.12 46.08 46.79 45.32 44.05 40.92 35.28 29.98 25.46 20.71 14.87 11.42 8.30 7.36 6.57 6.58 6.66
0.25 0.02 0.14 0.13 0.26 0.09 0.95 1.21 1.83 2.02 9.26 11.02 16.57 17.96 21.81 20.55 20.39 20.86 23.41 23.82 27.58 27.63 30.71 29.59 31.91 30.20 30.34 30.71 30.53 30.81 34.43 39.78 47.39 51.45 49.16 50.35 48.94 47.35 33.78 30.35 28.08 19.94 7.62 3.79 2.04 1.63 0.58 0.72 0.18 0.00 0.00 0.00 0.15 0.00 2.43 2.76 5.76 7.89 28.61 32.30 35.75 37.76 39.24 35.08 32.53 28.23 24.15 20.56 17.70 14.06 9.89 8.15 5.82 5.53 5.36 5.24 5.27
0.14 0.08 0.15 0.00 0.04 0.00 0.84 0.43 1.34 2.65 12.04 16.25 18.48 22.08 27.40 26.63 26.77 25.53 26.69 26.75 28.51 28.49 29.11 27.47 28.11 25.91 25.79 26.98 28.34 27.30 28.55 32.25 35.97 38.21 35.47 34.89 32.33 30.98 21.36 17.82 14.49 7.95 3.41 2.08 1.31 0.84 0.24 0.17 0.08 0.00 0.00 0.00 0.01 0.00 1.09 1.99 2.32 4.01 15.97 20.76 26.88 28.86 28.69 26.08 23.25 20.65 17.49 14.68 12.17 10.20 7.31 6.75 5.38 4.91 4.98 4.86 4.90
-0.00 -0.00 0.00 0.00 0.07 0.18 1.42 2.28 3.63 5.29 15.94 22.10 24.06 26.54 30.99 29.74 31.14 31.92 32.51 32.03 30.00 30.12 30.34 28.58 27.46 24.72 24.02 23.20 23.22 22.85 21.39 23.59 22.07 22.69 20.56 17.94 15.96 12.77 7.53 4.65 3.38 1.98 0.94 0.78 0.56 0.39 0.03 0.06 0.00 0.00 0.00 0.00 0.05 0.01 0.20 0.47 0.71 0.94 6.42 11.18 18.49 21.67 22.65 19.11 16.23 12.96 10.66 8.46 6.88 5.92 5.55 5.01 4.71 4.32 4.20 4.29 4.51
-0.00 -0.00 0.00 0.01 0.36 0.65 1.83 1.52 2.71 4.19 13.78 18.84 22.63 25.64 30.38 29.25 29.88 29.79 31.00 30.14 27.81 27.89 27.57 25.97 24.67 22.21 19.83 19.28 19.89 19.13 17.85 17.82 15.00 14.77 12.08 10.24 8.03 6.01 3.88 2.52 1.94 1.12 0.65 0.49 0.30 0.22 0.10 0.06 0.03 0.00 0.00 0.00 0.02 0.06 0.11 0.17 0.08 -0.01 2.40 4.59 8.80 11.75 14.06 10.95 8.92 7.19 6.74 5.77 5.42 5.03 5.11 4.59 4.26 4.17 4.11 4.02 4.65
0.00 0.03 0.30 0.65 1.31 1.36 2.50 2.46 3.28 5.32 15.34 19.62 23.19 26.36 30.24 29.39 30.14 29.66 30.81 30.14 29.33 28.45 27.04 25.29 23.49 21.12 19.03 16.92 15.19 14.62 9.79 8.61 6.63 5.08 3.88 3.03 1.80 1.39 0.66 0.49 0.31 0.21 0.12 0.16 0.05 0.03 0.01 0.03 0.03 0.00 0.00 0.00 0.00 0.24 0.28 0.34 0.88 0.26 2.31 2.61 2.77 3.33 4.58 3.02 2.50 2.38 2.14 2.44 2.99 2.97 3.37 3.23 3.10 3.15 3.20 3.29 3.65
0.00 0.04 0.36 0.44 1.38 2.17 2.61 2.96 4.19 5.74 12.50 15.79 20.87 23.41 29.56 29.70 30.24 29.75 29.75 29.72 27.56 26.70 24.79 23.89 20.86 18.88 16.72 15.01 12.33 10.62 6.77 6.13 4.47 3.44 2.53 2.10 1.43 1.10 0.42 0.25 0.19 0.04 0.07 0.16 0.01 0.02 0.00 0.00 0.03 0.00 0.00 0.00 0.00 0.06 0.06 0.04 0.19 0.00 1.59 1.81 2.25 2.40 3.07 2.35 2.25 2.26 1.99 2.19 2.69 2.77 3.29 3.15 3.09 3.14 3.27 3.18 3.50
0.01 0.04 0.75 0.62 1.13 1.67 2.80 3.24 4.71 6.66 11.38 15.54 18.44 21.19 27.08 26.97 27.57 25.73 25.55 24.97 23.98 23.34 21.52 19.84 16.22 14.55 12.22 10.02 8.07 6.59 4.82 4.58 3.03 2.56 1.57 1.43 0.81 0.68 0.17 0.08 0.04 0.03 0.10 0.16 0.01 0.00 0.00 0.00 0.00 0.00 0.00 0.00 0.00 0.00 0.00 0.00 0.02 0.00 0.20 0.33 0.63 0.59 1.35 1.42 1.38 1.72 1.89 1.90 2.24 2.46 2.93 2.92 3.07 3.09 3.03 3.03 3.11
0.01 0.05 0.66 1.42 1.81 2.30 3.86 4.07 4.36 5.84 9.53 12.94 15.88 18.38 23.22 23.09 22.69 21.81 21.53 21.77 20.07 19.68 17.28 15.65 13.49 10.74 9.17 7.19 5.77 5.08 3.98 3.47 2.44 2.11 1.32 1.29 0.84 0.67 0.14 0.02 0.02 0.00 0.05 0.08 0.00 0.00 0.00 0.00 0.00 0.00 0.00 0.00 0.00 0.00 0.00 0.00 0.04 0.02 0.30 0.45 0.69 0.85 1.47 1.41 1.51 1.69 1.79 1.92 2.17 2.21 2.70 2.81 2.83 2.87 2.68 2.91 2.98
0.03 0.00 0.20 0.53 0.78 0.98 2.70 3.08 4.23 6.18 8.87 11.46 13.48 15.51 19.92 19.73 18.26 17.50 16.47 16.07 14.87 13.94 11.93 10.45 9.12 6.76 5.61 4.86 4.07 3.42 2.53 2.18 1.66 1.61 0.85 0.88 0.48 0.46 0.09 0.01 0.03 0.04 0.07 0.08 0.04 0.04 0.00 0.00 0.00 0.00 0.00 0.00 0.00 0.02 0.07 0.06 0.07 0.08 0.26 0.42 0.65 0.81 1.38 1.30 1.49 1.52 1.87 1.91 2.18 2.36 3.07 3.23 3.32 3.32 3.52 3.59 3.69
0.03 0.00 0.24 0.70 0.81 0.74 2.71 3.00 3.94 5.64 7.94 10.22 11.95 13.23 16.96 16.86 16.22 14.46 14.12 12.58 11.20 10.57 8.21 6.74 6.24 5.31 4.65 3.89 3.35 2.70 2.04 1.96 1.65 1.52 0.80 0.82 0.37 0.42 0.02 0.00 0.00 0.00 0.11 0.06 0.00 0.05 0.00 0.00 0.00 0.00 0.00 0.00 0.00 0.00 0.02 0.04 0.03 0.04 0.15 0.23 0.50 0.72 1.22 1.21 1.44 1.56 1.80 1.86 2.12 2.19 2.95 3.10 3.10 3.19 3.26 3.67 3.43
0.10 0.02 0.10 0.21 0.46 0.41 1.52 2.75 5.03 6.96 7.22 9.34 10.25 11.26 13.36 12.18 11.27 9.98 9.65 8.87 8.50 8.21 6.85 5.79 4.45 4.08 3.57 2.95 2.44 2.25 1.60 1.47 1.35 1.19 0.61 0.48 0.24 0.23 0.09 0.04 0.00 0.00 0.00 0.00 0.00 0.02 0.00 0.00 0.00 0.00 0.00 0.00 0.00 0.00 0.02 0.03 0.02 0.01 0.10 0.11 0.27 0.43 0.93 1.04 1.28 1.43 1.68 1.66 1.82 2.14 2.91 3.08 2.98 3.06 3.21 3.28 3.23
0.21 0.18 0.19 0.38 0.58 0.58 0.91 2.69 4.36 5.77 5.62 7.00 7.53 8.08 9.82 8.63 7.41 6.62 6.66 5.78 5.39 5.33 4.47 3.80 3.49 3.35 2.83 2.71 2.13 2.14 1.61 1.48 1.34 1.23 0.72 0.55 0.37 0.25 0.13 0.11 0.09 0.04 0.14 0.11 0.10 0.10 0.00 0.00 0.00 0.00 0.00 0.00 0.00 0.00 0.00 0.00 0.00 0.01 0.06 0.07 0.22 0.45 0.83 0.96 1.15 1.28 1.53 1.61 1.72 1.90 2.86 2.94 2.94 3.03 3.14 3.24 3.15
0.38 0.16 0.87 0.99 1.28 1.13 1.95 3.45 5.29 6.53 4.69 4.54 4.53 4.14 4.81 4.15 3.43 3.02 2.88 2.89 2.75 2.65 2.53 2.55 2.51 2.35 2.26 2.29 1.86 1.82 1.57 1.40 1.26 1.27 0.67 0.67 0.44 0.37 0.27 0.20 0.15 0.11 0.13 0.16 0.09 0.11 0.00 0.01 0.00 0.00 0.00 0.00 0.00 0.00 0.00 0.00 0.00 0.00 0.09 0.14 0.26 0.41 0.72 0.81 0.93 1.05 1.30 1.63 1.85 2.04 2.89 2.98 3.16 3.27 3.12 3.15 3.14
0.25 0.21 0.53 0.86 0.94 0.96 1.23 1.71 3.03 3.58 3.27 2.99 2.57 2.69 2.99 2.50 2.11 2.07 2.14 2.14 1.98 1.94 1.95 1.99 2.17 2.08 2.06 2.07 1.82 1.76 1.58 1.42 1.24 1.27 0.67 0.61 0.41 0.41 0.27 0.17 0.19 0.20 0.18 0.20 0.13 0.05 0.00 0.00 0.00 0.00 0.00 0.00 0.00 0.00 0.00 0.00 0.00 0.02 0.14 0.15 0.26 0.39 0.79 0.83 0.84 0.97 1.29 1.50 1.84 1.78 2.58 2.85 2.86 3.03 2.96 2.92 2.98
0.10 0.18 0.28 0.43 0.14 0.09 0.22 0.35 0.23 0.35 0.52 0.53 1.18 0.74 1.35 1.25 1.18 1.26 1.32 1.40 1.30 1.26 1.25 1.24 1.42 1.45 1.38 1.55 1.45 1.48 1.29 1.26 1.07 1.14 0.69 0.64 0.62 0.58 0.51 0.39 0.25 0.21 0.29 0.21 0.08 0.08 0.00 0.00 0.00 0.00 0.00 0.00 0.00 0.00 0.00 0.00 0.01 0.01 0.07 0.14 0.24 0.31 0.62 0.70 0.68 0.79 1.12 1.30 1.51 1.77 2.68 2.72 2.56 2.65 2.77 2.82 2.86
0.16 0.18 0.19 0.21 0.16 0.10 0.14 0.21 0.12 0.15 0.34 0.39 0.70 0.64 1.22 1.22 1.01 1.05 1.17 1.22 1.10 1.15 1.07 1.09 1.23 1.35 1.32 1.44 1.40 1.38 1.23 1.21 1.04 0.94 0.75 0.62 0.62 0.50 0.45 0.35 0.31 0.13 0.18 0.14 0.03 0.03 0.00 0.00 0.00 0.00 0.00 0.00 0.00 0.00 0.00 0.00 0.00 0.00 0.08 0.12 0.18 0.24 0.47 0.59 0.56 0.61 0.72 0.94 1.16 1.52 2.29 2.09 2.00 2.27 2.43 2.31 2.34
0.02 0.00 0.07 0.06 0.05 0.01 0.06 0.08 0.04 0.00 0.00 0.00 0.05 0.00 0.16 0.16 0.18 0.17 0.52 0.52 0.51 0.53 0.50 0.61 0.81 0.93 0.99 1.14 1.20 1.26 1.05 1.10 0.92 0.81 0.71 0.63 0.49 0.42 0.40 0.18 0.11 0.12 0.05 0.00 0.00 0.00 0.00 0.00 0.00 0.00 -0.00 -0.00 -0.00 0.00 -0.00 -0.00 -0.00 0.00 0.00 0.00 0.00 0.00 0.00 0.01 0.00 0.03 0.00 0.00 0.00 0.01 0.16 0.22 0.23 0.26 0.41 0.38 0.39
0.00 0.00 0.02 0.00 0.02 0.00 0.00 0.00 0.01 0.00 0.00 0.00 0.00 0.00 0.11 0.19 0.21 0.17 0.55 0.53 0.56 0.66 0.58 0.69 0.89 1.00 1.00 1.05 1.13 1.16 1.08 1.04 0.91 0.82 0.68 0.55 0.45 0.39 0.29 0.19 0.11 0.04 0.00 0.00 0.00 0.00 0.00 0.00 0.00 0.00 -0.00 -0.00 -0.00 -0.00 -0.00 -0.00 -0.00 -0.00 0.00 0.00 0.00 0.00 0.00 0.02 0.00 0.05 0.01 0.00 0.00 0.00 0.18 0.21 0.19 0.28 0.35 0.38 0.33
0.00 0.00 0.00 0.00 0.00 0.00 0.00 0.01 0.00 0.00 0.00 0.00 0.00 0.00 0.10 0.12 0.09 0.12 0.38 0.52 0.47 0.63 0.53 0.73 0.87 0.97 1.05 1.11 1.20 1.13 1.09 0.96 0.79 0.68 0.56 0.45 0.41 0.27 0.25 0.18 0.10 0.07 0.01 0.00 0.00 0.00 -0.00 0.00 -0.00 0.00 0.00 -0.00 -0.00 -0.00 -0.00 0.00 -0.00 -0.00 0.00 0.00 0.00 0.00 0.02 0.04 0.02 0.06 0.00 0.00 0.00 0.00 0.17 0.12 0.15 0.22 0.22 0.28 0.25
0.01 0.00 0.00 0.00 0.00 0.00 0.00 0.00 0.00 0.00 0.00 0.00 0.00 0.00 0.11 0.12 0.09 0.13 0.37 0.47 0.47 0.55 0.37 0.54 0.65 0.72 0.79 0.80 0.82 0.82 0.72 0.65 0.54 0.49 0.18 0.17 0.12 0.07 0.16 0.05 0.06 0.06 0.00 0.00 0.00 0.00 -0.00 0.00 -0.00 0.00 0.00 -0.00 0.00 0.00 0.00 0.00 -0.00 -0.00 0.00 0.00 0.00 0.00 0.00 0.00 0.00 0.01 0.00 0.00 0.00 0.00 0.10 0.17 0.17 0.21 0.26 0.29 0.23
0.00 0.00 0.00 0.00 0.00 0.00 0.00 0.00 0.00 0.00 0.00 0.00 0.00 0.00 0.21 0.21 0.22 0.24 0.35 0.36 0.38 0.46 0.49 0.58 0.66 0.69 0.76 0.80 0.85 0.78 0.81 0.71 0.73 0.66 0.17 0.17 0.09 0.08 0.04 0.00 0.00 0.00 0.00 0.00 0.00 0.00 0.00 -0.00 -0.00 0.00 0.00 -0.00 -0.00 -0.00 -0.00 -0.00 -0.00 -0.00 0.00 0.00 0.00 0.00 0.04 0.04 0.05 0.09 0.00 0.01 0.03 0.05 0.31 0.37 0.34 0.36 0.44 0.45 0.43
0.00 0.00 0.00 0.00 0.00 0.00 0.00 0.00 0.00 0.00 0.00 0.00 0.03 0.03 0.21 0.22 0.28 0.28 0.41 0.39 0.43 0.46 0.55 0.61 0.58 0.61 0.67 0.76 0.73 0.71 0.76 0.66 0.71 0.65 0.25 0.24 0.15 0.17 0.02 0.00 0.00 0.00 0.00 0.00 0.00 0.00 -0.00 -0.00 -0.00 0.00 -0.00 -0.00 -0.00 -0.00 -0.00 0.00 0.00 0.00 0.00 0.00 0.00 0.00 0.00 0.06 0.09 0.11 0.00 0.00 0.02 0.04 0.26 0.35 0.33 0.34 0.40 0.49 0.40
0.00 0.00 0.00 0.00 0.00 0.00 0.00 0.00 0.00 0.00 0.00 0.00 0.02 0.01 0.23 0.23 0.26 0.25 0.40 0.41 0.44 0.39 0.37 0.38 0.36 0.37 0.41 0.43 0.42 0.42 0.42 0.38 0.40 0.37 0.09 0.05 0.07 0.03 0.00 0.00 0.00 0.00 0.00 0.00 0.00 0.00 -0.00 -0.00 -0.00 -0.00 -0.00 -0.00 -0.00 -0.00 -0.00 -0.00 -0.00 -0.00 0.00 0.00 0.00 0.00 0.00 0.00 0.01 0.04 0.00 0.00 0.00 0.06 0.15 0.18 0.22 0.23 0.19 0.21 0.17
