QPF/QPF_202208082200-120.txt
ncols 525
nrows 625
xllcorner -31082
yllcorner 11395
cellsize 1000.0
NODATA_value -9999.0
[rows 170 to 203 of 625, columns 154 to 230 of 525]
-0.00 -0.00 -0.00 -0.00 -0.00 -0.00 -0.00 -0.00 -0.00 -0.00 -0.00 -0.00 -0.00 -0.00 -0.00 -0.00 -0.00 -0.00 -0.00 -0.00 -0.00 -0.00 -0.00 -0.00 -0.00 0.00 0.00 0.00 0.00 0.00 0.00 0.00 0.00 0.00 0.00 0.00 0.00 0.00 0.00 0.00 0.00 0.00 0.00 0.00 0.00 0.00 0.00 0.00 0.00 0.00 0.00 0.00 0.00 0.00 0.00 0.00 0.00 0.00 0.00 0.00 0.00 0.00 0.00 0.00 0.00 0.00 -0.00 -0.00 -0.00 -0.00 -0.00 -0.00 -0.00 -0.00 -0.00 -0.00 -0.00
-0.00 -0.00 -0.00 -0.00 -0.00 -0.00 -0.00 -0.00 -0.00 -0.00 -0.00 -0.00 -0.00 -0.00 -0.00 -0.00 -0.00 -0.00 -0.00 -0.00 -0.00 -0.00 -0.00 -0.00 0.00 0.00 0.00 0.00 0.00 0.00 0.00 0.00 0.00 0.00 0.00 0.00 0.00 0.00 0.00 0.00 0.00 0.00 0.00 0.00 0.00 0.00 0.00 0.00 0.00 0.00 0.00 0.00 0.00 0.00 0.00 0.00 0.00 0.00 0.01 0.00 0.01 0.01 0.02 0.03 0.04 0.01 0.00 0.00 0.00 0.00 0.00 0.00 0.00 0.00 0.00 0.00 0.00
-0.00 -0.00 -0.00 -0.00 -0.00 -0.00 -0.00 -0.00 -0.00 -0.00 -0.00 -0.00 0.00 0.00 0.00 0.00 0.00 -0.00 -0.00 -0.00 -0.00 -0.00 -0.00 0.00 0.00 0.00 0.00 0.00 0.00 0.00 0.00 0.00 0.00 0.00 0.00 0.00 0.00 0.00 0.00 0.00 0.00 0.00 0.00 0.00 0.00 0.00 0.00 0.00 0.00 -0.00 -0.00 0.00 0.00 0.00 0.00 0.00 0.00 0.00 0.00 0.00 0.00 0.00 0.00 0.02 0.02 0.01 0.00 0.00 0.00 0.00 0.00 0.00 0.00 0.00 0.00 0.00 0.00
-0.00 -0.00 -0.00 -0.00 -0.00 -0.00 -0.00 -0.00 -0.00 -0.00 -0.00 -0.00 0.00 0.00 0.00 0.00 0.00 0.00 0.00 0.00 0.00 0.00 0.00 0.00 0.00 0.00 0.00 0.00 0.00 0.00 0.00 0.00 0.00 0.00 0.00 0.00 0.00 0.00 0.00 0.00 0.00 0.00 0.00 0.00 -0.00 0.00 -0.00 0.00 0.00 0.00 -0.00 -0.00 -0.00 -0.00 -0.00 -0.00 0.00 0.00 0.00 0.01 0.01 0.02 0.02 0.04 0.05 0.07 0.03 0.04 0.02 0.00 0.00 0.00 0.00 0.01 0.00 0.10 0.00
-0.00 -0.00 -0.00 -0.00 -0.00 -0.00 -0.00 -0.00 -0.00 -0.00 -0.00 -0.00 0.00 0.00 0.00 0.00 0.00 0.00 0.00 0.00 0.00 0.00 0.00 0.00 0.00 0.00 0.00 0.00 0.00 0.00 0.00 0.00 0.00 0.00 0.00 0.00 0.00 0.00 0.00 0.00 0.00 0.00 0.00 0.00 -0.00 -0.00 -0.00 -0.00 0.00 -0.00 -0.00 0.00 0.00 0.00 0.00 0.00 0.00 0.00 0.02 0.03 0.03 0.04 0.04 0.08 0.09 0.13 0.11 0.07 0.03 0.03 0.00 0.07 0.05 0.02 0.11 0.27 0.12
-0.00 -0.00 -0.00 -0.00 -0.00 -0.00 -0.00 -0.00 -0.00 -0.00 -0.00 -0.00 0.00 0.00 0.00 0.00 0.00 0.00 0.00 0.00 0.00 0.00 0.00 0.00 0.00 0.00 0.00 0.00 0.00 0.00 0.00 0.00 0.00 0.00 0.00 0.00 0.00 0.00 0.00 0.00 0.00 0.00 0.00 0.00 -0.00 -0.00 -0.00 -0.00 0.00 0.00 0.00 0.00 0.00 0.03 0.07 0.10 0.11 0.27 0.42 0.63 0.72 0.75 0.84 0.95 0.94 0.89 0.85 0.87 0.90 0.93 0.93 0.97 0.97 0.83 0.78 0.80 0.59
-0.00 -0.00 -0.00 -0.00 -0.00 -0.00 -0.00 -0.00 -0.00 -0.00 -0.00 -0.00 0.00 0.00 0.00 0.00 0.00 0.00 0.00 0.00 0.00 0.00 0.00 0.00 0.00 0.00 0.00 0.00 0.00 0.00 0.00 0.00 0.00 0.00 0.00 0.00 0.00 0.00 0.00 0.00 0.00 0.00 0.00 0.00 0.00 0.00 0.00 0.00 0.00 0.00 0.00 0.00 0.00 0.00 0.06 0.27 0.37 0.55 0.73 0.95 1.10 1.16 1.49 1.50 1.33 1.22 1.29 1.39 1.55 1.51 1.46 1.40 1.47 1.23 1.14 0.97 0.71
-0.00 -0.00 -0.00 -0.00 -0.00 -0.00 -0.00 -0.00 -0.00 -0.00 -0.00 -0.00 0.00 0.00 0.00 0.00 0.00 0.00 0.00 0.00 0.00 0.00 0.00 0.00 0.00 0.00 0.00 0.00 0.00 0.00 0.00 0.00 0.00 0.00 0.00 0.00 0.00 0.00 0.00 0.00 0.00 0.00 0.00 0.00 0.00 0.00 0.00 0.00 0.00 0.00 0.00 0.00 0.00 0.09 0.19 0.69 1.24 1.95 2.60 3.00 3.12 3.29 3.48 3.68 3.21 2.69 2.43 2.16 2.22 1.96 1.89 1.35 1.31 1.14 1.19 1.03 0.59
-0.00 -0.00 -0.00 -0.00 -0.00 -0.00 -0.00 -0.00 0.00 -0.00 0.00 0.00 0.00 0.00 0.00 0.00 0.00 0.00 0.00 0.00 0.00 0.00 0.00 0.00 0.00 0.00 0.00 0.00 0.00 0.00 0.00 0.00 0.00 0.00 0.00 0.00 0.00 0.00 0.00 0.00 0.00 0.00 0.00 0.00 0.00 0.00 0.00 0.00 0.00 0.00 0.00 0.03 0.12 0.70 1.20 2.38 3.33 4.20 4.43 5.00 4.86 4.91 5.04 4.78 3.92 3.32 3.04 2.54 2.44 2.26 2.10 1.65 1.69 1.52 1.52 1.40 1.11
-0.00 -0.00 -0.00 0.00 0.00 0.00 0.00 0.00 0.00 0.00 0.00 0.00 0.00 0.00 0.00 0.00 0.00 0.00 0.00 0.00 0.00 0.00 0.00 0.00 0.00 0.00 0.00 0.00 0.00 0.00 0.00 0.00 0.00 0.00 0.00 0.00 0.00 0.00 0.00 0.00 0.00 0.00 0.00 0.03 0.04 0.05 0.06 0.26 0.67 1.59 2.84 5.12 6.88 9.10 10.92 12.70 14.08 15.37 16.99 18.77 17.76 16.41 15.69 15.00 12.64 10.35 8.51 5.94 4.82 4.36 3.82 2.31 2.16 1.52 1.36 1.29 1.00
-0.00 -0.00 0.00 0.00 0.00 0.00 0.00 0.00 0.00 0.00 0.00 0.00 0.00 0.00 0.00 0.00 0.00 0.00 0.00 0.00 0.00 0.00 0.00 0.00 0.00 0.00 0.00 0.00 0.00 0.00 0.00 0.00 0.00 0.00 0.00 0.00 0.00 0.00 0.00 0.00 0.00 0.00 0.00 0.00 0.04 0.16 0.22 1.21 2.89 4.79 6.58 10.47 12.88 15.72 17.87 20.35 22.09 22.76 24.12 25.50 24.63 22.22 21.20 19.34 16.95 13.42 11.01 7.53 6.21 5.44 4.91 2.55 2.11 1.62 1.42 1.46 1.32
0.00 0.00 0.00 0.00 0.00 0.00 0.00 0.00 0.00 0.00 0.00 0.00 0.00 0.00 0.00 0.00 0.00 0.00 0.00 0.00 0.00 0.00 0.00 0.00 0.00 0.00 0.00 0.00 0.00 0.00 0.00 0.00 0.00 0.00 0.00 0.00 0.00 0.00 0.00 0.00 0.00 0.00 0.00 0.00 0.01 0.08 0.22 1.75 4.29 7.45 9.95 16.05 19.70 22.53 24.53 27.82 28.92 28.61 29.87 30.21 29.13 26.82 25.50 22.33 19.44 14.48 11.79 6.86 5.15 4.16 3.79 2.12 1.97 1.53 1.40 1.34 1.38
0.00 0.00 0.00 0.00 0.00 0.00 0.00 0.00 0.00 0.00 0.00 0.00 0.00 0.00 0.00 0.00 0.00 0.00 0.00 0.00 0.00 0.00 0.00 0.00 0.00 0.00 0.00 0.00 0.00 0.00 0.00 0.00 0.00 0.00 0.00 0.00 0.00 0.00 0.00 0.00 0.00 0.00 0.00 0.05 0.11 0.12 0.31 3.30 6.52 11.14 14.50 21.81 25.68 27.94 29.82 32.24 33.83 32.68 33.74 33.96 33.56 30.16 29.12 24.28 21.42 15.66 12.14 7.50 6.00 4.81 3.93 1.93 1.79 1.15 1.04 1.37 1.32
0.00 0.00 0.00 0.00 0.00 0.00 0.00 0.00 0.00 0.00 0.00 0.00 0.00 0.00 0.00 0.00 0.00 0.00 0.00 0.00 0.00 0.00 0.00 0.00 0.00 0.00 0.00 0.00 0.00 0.00 0.00 0.00 0.00 0.00 0.00 0.00 0.00 0.00 0.00 0.00 0.02 0.00 0.01 0.14 0.34 0.47 0.68 4.07 7.86 12.55 16.27 24.35 28.35 29.15 30.09 30.47 31.61 30.56 31.11 30.82 30.11 27.37 26.04 19.81 16.69 11.96 9.44 7.34 5.55 5.70 4.36 2.24 1.99 2.08 1.77 2.10 1.78
0.00 0.00 0.00 0.00 0.00 0.00 0.00 0.00 0.00 0.00 0.00 0.00 0.00 0.00 0.00 0.00 0.00 0.00 0.00 0.00 0.00 0.00 0.00 0.00 0.00 0.00 0.00 0.00 0.00 0.00 0.00 0.00 0.00 0.00 0.00 0.00 0.00 0.00 0.00 0.00 0.00 0.00 0.04 0.26 0.60 0.65 0.86 4.15 8.15 12.36 15.28 22.45 25.65 27.34 28.08 29.82 30.98 30.82 31.01 30.79 29.35 27.71 25.51 19.72 16.24 12.32 9.54 7.70 6.25 6.37 4.67 2.56 2.12 2.13 1.80 2.12 1.94
0.00 0.00 0.00 0.00 0.00 0.00 0.00 0.00 0.00 0.00 0.00 0.00 0.00 0.00 0.00 0.00 0.00 0.00 0.00 0.00 0.00 0.00 0.00 0.00 0.00 0.00 0.00 0.00 0.00 0.00 0.00 0.00 0.00 0.00 0.00 0.00 0.00 0.00 0.00 0.00 0.02 0.00 0.07 0.28 0.71 0.68 0.91 3.68 7.78 12.30 14.99 20.96 23.35 26.14 27.76 29.03 29.17 29.70 30.51 29.88 28.99 27.32 25.70 19.49 16.06 11.73 8.64 7.24 5.63 5.62 4.17 2.31 1.66 1.68 1.59 1.99 1.68
0.00 0.00 0.00 0.00 0.00 0.00 0.00 0.00 0.00 0.00 0.00 0.00 0.00 0.00 0.00 0.00 0.00 0.00 0.00 0.00 0.00 0.00 0.00 0.00 0.00 0.00 0.00 0.00 0.00 0.00 0.00 0.00 0.00 0.00 0.00 0.00 0.00 0.00 0.00 0.03 0.05 0.07 0.16 0.41 0.84 0.99 1.42 4.17 8.22 12.46 14.80 20.69 23.85 26.25 27.78 29.52 30.30 31.23 30.77 30.13 29.85 27.59 25.90 19.22 15.78 11.43 8.55 7.22 5.60 4.87 3.63 2.57 1.74 2.37 2.08 2.35 1.94
0.00 0.00 0.00 0.00 0.00 0.00 0.00 0.00 0.00 0.00 0.00 0.00 0.00 0.00 0.00 0.00 0.00 0.00 0.00 0.00 0.00 0.00 0.00 0.00 0.00 0.00 0.00 0.00 0.00 0.00 0.00 0.00 0.00 0.00 0.00 0.00 0.00 0.00 0.00 0.08 0.13 0.23 0.37 0.76 1.12 0.76 1.04 3.79 8.08 11.80 13.52 19.50 21.82 23.63 24.77 26.81 28.34 30.93 30.13 30.36 29.15 26.74 23.79 19.01 15.15 11.42 8.71 6.36 4.64 3.56 2.39 1.56 1.42 1.28 1.09 1.09 0.42
0.00 0.00 0.00 0.00 0.00 0.00 0.00 0.00 0.00 0.00 0.00 0.00 0.00 0.00 0.00 0.00 0.00 0.00 0.00 0.00 0.00 0.00 0.00 0.00 0.00 0.00 0.00 0.00 0.00 0.00 0.00 0.00 0.00 0.00 0.00 0.00 0.03 0.01 0.03 0.41 0.44 0.48 0.58 0.88 0.97 0.87 1.02 3.52 6.28 10.02 12.77 17.90 20.54 22.29 23.15 24.23 25.47 27.52 28.12 27.15 26.55 23.23 20.52 16.23 12.42 9.05 6.73 5.15 3.83 3.23 2.54 1.87 2.24 1.38 1.64 1.82 1.79
0.00 0.00 0.00 0.00 0.00 0.01 0.00 0.00 0.00 0.00 0.00 0.00 0.00 0.00 0.00 0.00 0.00 0.00 0.00 0.00 0.00 0.00 0.00 0.00 0.00 0.00 0.00 0.00 0.00 0.00 0.00 0.00 0.00 0.00 0.00 0.00 0.00 0.01 0.00 0.19 0.28 0.34 0.45 0.62 0.65 0.64 0.74 2.42 3.86 7.62 9.79 14.61 16.66 19.16 19.35 20.25 23.05 24.31 25.07 23.88 23.44 19.88 17.59 12.94 10.55 7.72 5.63 4.49 3.01 2.38 2.63 2.24 2.31 1.68 1.67 1.97 1.77
0.00 0.00 0.00 0.00 0.00 0.00 0.00 0.00 0.00 0.00 0.00 0.00 0.00 0.00 0.00 0.00 0.00 0.00 0.00 0.00 0.00 0.00 0.00 0.00 0.00 0.00 0.00 0.00 0.00 0.00 0.00 0.01 0.01 0.00 0.00 0.00 0.03 0.03 0.02 0.26 0.31 0.48 0.58 0.76 0.82 0.87 0.74 1.72 2.59 5.40 7.44 11.72 13.38 15.45 15.57 16.41 19.56 19.47 21.10 20.62 19.91 16.92 15.04 10.55 9.57 5.95 5.36 4.78 4.60 3.72 3.29 2.97 2.76 2.33 2.35 2.95 2.99
0.00 0.04 0.09 0.11 0.14 0.13 0.12 0.10 0.09 0.06 0.05 0.03 0.01 0.01 0.00 0.00 0.00 0.00 0.00 0.00 0.00 0.00 0.00 0.00 0.00 0.00 0.00 0.00 0.00 0.00 0.00 0.01 0.02 0.01 0.00 0.01 0.01 0.04 0.05 0.47 0.48 0.62 0.82 0.84 0.91 0.64 0.76 1.73 1.96 3.98 5.08 8.23 9.26 10.45 10.53 12.39 13.42 14.94 15.77 15.70 15.08 11.53 11.71 8.85 8.92 5.99 5.91 6.26 5.54 5.28 4.56 3.86 3.73 3.16 3.33 3.75 3.83
0.00 0.01 0.05 0.20 0.22 0.25 0.27 0.09 0.08 0.06 0.04 0.01 0.01 0.00 0.00 0.01 0.00 0.00 0.00 0.00 0.00 0.00 0.00 0.00 0.00 0.00 0.00 0.00 0.00 0.00 0.00 0.02 0.03 0.00 0.00 0.00 0.05 0.05 0.06 0.68 0.77 0.94 1.15 1.15 1.13 0.89 0.84 1.44 1.55 3.45 4.37 6.07 6.87 6.99 7.33 8.28 9.75 9.95 10.70 10.88 10.59 8.58 8.61 7.12 7.13 6.49 5.67 6.28 6.07 6.02 5.20 4.47 4.01 3.86 4.21 4.45 4.69
0.00 0.05 0.14 0.48 0.59 0.69 0.80 0.54 0.47 0.44 0.41 0.42 0.39 0.23 0.23 0.09 0.07 0.03 0.00 0.00 0.00 0.00 0.00 0.00 0.00 0.00 0.00 0.00 0.00 0.00 0.00 0.03 0.06 0.09 0.15 0.14 0.20 0.34 0.42 1.10 1.24 1.63 1.82 1.87 1.77 1.64 1.44 1.85 2.07 2.82 3.09 4.92 5.10 4.87 4.85 5.48 5.49 6.10 6.53 7.58 7.24 6.78 6.55 7.71 7.41 7.05 7.97 8.87 7.51 7.53 6.73 5.15 4.57 5.06 4.71 6.13 7.19
0.01 0.16 0.23 0.83 0.99 1.10 1.33 0.90 0.58 0.48 0.58 0.41 0.33 0.26 0.23 0.06 0.03 0.01 0.00 0.00 0.00 0.00 0.00 0.00 0.00 0.00 0.00 0.00 0.00 0.00 0.00 0.08 0.08 0.13 0.11 0.29 0.30 0.44 0.56 1.25 1.35 1.91 2.00 1.84 1.83 1.44 1.63 1.80 1.77 2.64 3.13 4.08 4.27 4.39 4.53 4.43 4.82 5.56 6.81 6.22 7.08 6.29 5.90 6.19 6.72 7.45 9.04 9.48 6.60 8.01 7.61 5.24 5.31 6.41 6.14 6.22 8.15
0.99 1.27 1.38 2.19 2.34 2.89 3.41 3.29 2.57 1.94 1.64 0.87 0.64 0.44 0.40 0.19 0.08 0.03 0.02 0.00 0.01 0.00 0.00 0.02 0.05 0.03 0.04 0.14 0.17 0.29 0.53 0.64 0.57 0.77 0.90 1.00 1.20 1.26 1.42 1.86 2.01 2.43 2.42 2.35 2.33 1.76 1.91 1.56 1.51 2.38 2.84 3.10 3.22 3.90 3.41 4.45 4.65 4.82 4.97 5.91 7.13 6.21 6.49 9.25 9.96 9.39 9.70 8.32 6.86 10.26 8.71 7.65 7.02 7.46 7.27 7.21 9.68
1.28 1.30 1.61 2.69 2.92 3.33 3.64 3.58 2.96 2.64 2.34 1.29 0.89 0.57 0.55 0.22 0.10 0.22 0.07 0.01 0.01 0.01 0.02 0.04 0.08 0.11 0.19 0.41 0.53 0.53 0.39 0.89 1.04 1.24 1.27 1.14 1.46 1.52 1.51 2.28 2.12 2.45 2.28 2.08 2.05 1.70 1.80 1.76 1.54 2.24 2.30 3.19 3.13 3.64 3.59 3.62 4.95 5.50 5.58 7.19 8.92 7.35 8.20 9.40 11.33 11.63 10.82 8.59 7.93 9.82 8.70 8.34 8.21 10.30 8.97 10.31 10.73
1.55 1.61 1.94 2.96 3.10 3.60 3.61 3.37 2.70 2.15 1.95 0.80 0.59 0.32 0.24 0.16 0.23 0.27 0.19 0.02 0.05 0.04 0.12 0.15 0.19 0.24 0.31 0.47 0.55 0.93 0.93 1.38 1.53 1.69 1.90 1.37 1.97 1.86 1.69 2.49 2.22 2.38 2.42 2.52 2.54 2.45 2.51 2.30 2.48 2.22 2.48 3.80 4.01 4.57 4.98 5.69 7.17 8.75 8.33 8.93 9.46 9.62 7.84 9.18 10.04 11.04 10.48 8.53 8.03 8.42 7.79 9.40 9.77 10.00 9.94 11.07 12.75
1.97 2.00 2.51 3.15 3.26 3.59 3.55 3.13 2.70 2.14 1.75 1.03 0.80 0.50 0.43 0.34 0.30 0.32 0.29 0.11 0.17 0.18 0.19 0.32 0.38 0.35 0.37 0.51 0.69 1.04 1.05 1.74 1.75 2.11 2.37 1.48 2.18 2.47 2.28 3.03 2.75 2.76 2.70 2.77 3.05 2.81 2.96 2.45 2.74 2.74 2.90 4.22 4.74 5.59 5.72 6.87 9.11 10.18 9.15 9.69 10.52 11.16 9.01 9.33 9.42 10.64 10.84 9.09 9.08 8.52 8.41 10.14 9.34 9.90 10.82 11.49 12.81
2.41 2.52 3.38 4.98 5.13 5.56 5.59 3.91 3.43 3.20 2.86 1.79 1.53 0.97 0.67 0.31 0.25 0.36 0.30 0.12 0.23 0.29 0.26 0.70 0.58 0.84 0.81 1.09 1.21 1.32 1.44 2.16 2.24 2.61 3.00 2.39 2.86 3.06 3.06 3.87 3.75 3.65 3.39 3.67 4.07 3.94 3.99 3.39 3.52 3.44 3.57 4.60 5.00 6.72 6.63 8.23 9.88 10.18 10.24 9.70 9.66 10.12 7.97 8.77 8.93 8.78 8.14 6.75 8.88 8.83 9.44 10.28 10.67 10.68 11.12 12.09 11.63
2.61 2.85 3.56 5.54 5.77 5.91 6.18 3.98 3.39 3.16 2.87 1.81 1.60 1.08 0.61 0.54 0.51 0.43 0.26 0.20 0.34 0.40 0.35 0.83 0.78 1.07 1.09 1.39 1.45 1.74 1.84 2.74 2.64 2.84 3.20 2.57 2.84 3.27 3.59 3.85 3.79 3.94 3.95 4.15 4.42 4.39 4.25 4.09 3.89 3.82 4.42 4.90 5.37 7.53 8.60 10.09 10.96 11.55 12.28 11.95 9.55 11.30 9.54 7.73 8.90 8.34 7.62 6.18 7.95 8.22 9.37 11.05 11.03 11.92 9.47 12.84 12.41
2.73 2.89 3.30 4.14 4.22 4.65 5.30 3.29 3.14 3.63 2.82 2.08 1.89 1.02 0.76 0.43 0.49 0.42 0.35 0.10 0.31 0.28 0.32 0.88 0.93 1.24 1.21 1.73 1.69 2.29 2.16 3.41 3.28 3.44 3.87 3.14 3.66 4.15 4.28 4.98 5.61 5.30 5.34 5.78 5.65 5.10 5.21 5.49 5.05 5.95 6.92 6.32 7.27 8.16 9.20 10.00 9.32 9.95 10.99 7.88 7.97 6.66 6.88 7.04 9.24 7.43 7.12 4.99 5.63 6.41 7.50 8.43 8.61 9.65 8.66 8.56 9.67
3.03 3.55 3.91 4.81 5.10 5.67 6.31 3.87 3.78 4.14 3.29 2.65 2.44 1.20 0.97 0.73 0.65 0.69 0.42 0.16 0.33 0.45 0.45 1.05 1.15 1.37 1.40 1.87 1.95 2.64 2.59 3.84 4.05 4.01 4.45 3.53 3.89 4.17 4.41 5.25 5.98 5.48 5.64 6.03 5.85 5.91 5.93 5.28 5.44 6.69 6.82 6.82 8.95 7.50 9.56 10.02 8.95 9.42 9.31 6.10 9.80 7.20 8.31 6.39 9.11 7.87 7.39 4.92 5.54 6.61 6.84 8.90 6.90 8.48 6.18 7.83 8.23
1.71 2.44 2.67 3.05 2.91 2.99 2.76 1.04 0.79 0.42 0.30 0.48 0.49 0.37 0.25 0.19 0.30 0.20 0.10 0.05 0.05 0.04 0.19 0.84 1.06 1.02 1.01 1.85 1.80 2.44 2.82 3.53 3.62 3.97 4.12 3.54 3.81 3.96 4.18 4.40 4.59 4.28 5.18 5.34 5.47 5.04 5.02 3.64 2.30 3.93 3.12 4.01 4.86 4.86 4.36 3.02 3.49 2.16 3.11 3.51 5.96 5.94 5.77 5.29 4.91 8.72 12.67 6.59 6.62 7.04 9.84 8.23 6.49 6.60 6.60 6.37 4.95
