QPF/QPF_202208082200-130.txt
ncols 525
nrows 625
xllcorner -31082
yllcorner 11395
cellsize 1000.0
NODATA_value -9999.0
[rows 136 to 169 of 625, columns 385 to 461 of 525]
0.00 0.00 0.08 0.00 1.08 1.00 0.96 0.93 2.03 2.12 2.40 2.28 2.11 2.08 2.32 2.47 3.08 3.28 3.73 3.89 4.19 4.23 4.38 4.35 3.74 3.69 4.09 4.05 4.16 4.10 3.90 3.63 3.75 3.64 3.68 3.60 3.44 3.39 3.22 3.28 3.54 3.45 3.69 3.39 1.89 2.08 2.17 2.23 2.38 2.47 2.44 2.50 3.04 3.03 3.10 3.08 2.90 2.89 2.91 2.89 2.99 3.01 2.92 2.87 2.82 2.80 2.58 2.48 2.50 2.37 2.22 2.26 1.76 1.62 1.55 1.50 1.67
0.00 0.00 0.00 0.00 0.89 0.93 0.94 1.02 1.91 1.89 2.25 2.09 1.79 1.94 2.11 2.26 2.74 3.04 3.25 3.33 3.72 3.79 3.89 3.98 3.72 3.76 3.87 3.75 4.20 3.92 4.04 3.84 3.91 3.85 3.60 3.68 3.38 3.43 3.28 3.23 3.64 3.67 3.56 3.51 1.98 2.17 2.20 2.28 2.50 2.60 2.73 2.68 3.20 3.22 3.27 3.28 2.97 3.10 3.02 3.04 3.16 3.15 3.14 3.07 2.85 2.79 2.68 2.59 2.53 2.43 2.34 2.27 1.73 1.61 1.63 1.51 1.65
0.00 0.00 0.00 0.00 0.92 0.95 1.01 1.11 1.90 1.94 2.20 2.00 1.62 1.86 2.03 2.24 2.70 2.97 3.18 3.33 3.40 3.47 3.61 3.69 3.47 3.45 3.65 3.56 3.89 3.80 3.72 3.66 3.63 3.61 3.45 3.53 3.38 3.33 3.20 3.00 3.80 3.75 3.54 3.53 2.15 2.40 2.33 2.48 2.66 2.86 2.77 2.80 3.38 3.44 3.36 3.47 3.08 3.14 3.15 3.09 3.24 3.27 3.23 3.17 2.92 2.87 2.73 2.69 2.73 2.51 2.40 2.43 1.77 1.75 1.71 1.61 1.74
0.00 0.00 0.00 0.01 0.92 0.93 0.92 0.99 1.83 1.78 1.95 1.69 1.12 1.31 1.51 1.73 2.17 2.26 2.46 2.57 2.66 2.69 2.89 2.95 2.65 2.87 2.76 2.85 3.22 3.14 3.03 2.97 2.88 2.79 2.66 2.69 2.89 2.99 3.06 2.77 3.35 3.65 3.49 3.44 2.82 2.97 2.92 3.08 3.16 3.20 3.13 3.00 3.71 3.71 3.85 3.65 3.33 3.43 3.53 3.27 3.15 3.31 3.17 3.24 2.75 2.70 2.59 2.48 2.17 2.11 1.96 1.95 1.54 1.45 1.40 1.39 1.44
0.00 0.00 0.00 0.00 0.91 0.85 0.92 0.91 1.68 1.66 1.80 1.63 1.08 1.24 1.48 1.61 2.00 2.02 2.27 2.55 2.53 2.55 2.66 2.97 2.62 2.63 2.76 2.62 3.00 3.06 2.99 3.12 2.92 2.67 2.55 2.59 2.96 2.99 2.99 2.87 3.43 3.56 3.59 3.59 3.05 3.10 3.09 3.09 3.19 3.22 3.14 3.18 3.67 3.57 3.73 3.65 3.34 3.43 3.51 3.34 3.31 3.35 3.29 3.31 2.69 2.72 2.63 2.49 2.28 2.21 2.03 2.05 1.54 1.41 1.35 1.29 1.35
0.00 0.00 0.00 0.00 0.79 0.80 0.75 0.78 1.53 1.40 1.63 1.51 0.94 1.05 1.28 1.33 1.80 1.92 1.93 2.26 2.16 2.19 2.45 2.56 2.16 2.06 2.15 2.32 2.81 2.73 2.65 2.66 2.63 2.55 2.51 2.52 2.81 2.88 2.97 2.86 3.26 3.47 3.26 3.16 3.09 3.11 3.23 3.36 3.35 3.34 3.34 3.41 3.80 3.66 3.79 3.74 3.48 3.56 3.44 3.39 3.31 3.25 3.34 3.22 2.70 2.73 2.60 2.55 2.30 2.24 2.12 2.06 1.65 1.51 1.45 1.40 1.44
0.00 0.00 0.00 0.00 0.79 0.76 0.76 0.75 1.47 1.38 1.50 1.48 0.90 0.93 1.18 1.24 1.64 1.81 1.94 2.21 2.29 2.23 2.36 2.32 2.19 2.03 2.29 2.16 2.86 2.83 2.65 2.66 2.61 2.59 2.42 2.47 2.70 2.92 2.83 3.02 3.34 3.40 3.16 3.19 2.99 3.16 3.29 3.51 3.54 3.43 3.54 3.44 3.83 3.65 3.86 3.66 3.55 3.63 3.55 3.50 3.47 3.33 3.26 3.25 2.87 2.75 2.61 2.67 2.23 2.20 2.11 2.07 1.71 1.63 1.52 1.44 1.50
0.00 0.00 0.00 0.00 0.63 0.65 0.69 0.59 1.24 1.17 1.22 1.20 0.61 0.70 0.81 0.87 1.39 1.41 1.51 1.80 2.07 1.97 1.86 1.87 1.89 1.93 2.09 2.25 2.93 2.86 2.97 2.98 2.91 2.98 2.76 2.83 3.28 3.53 3.41 3.50 3.60 3.61 3.53 3.74 3.60 3.78 3.79 4.03 3.82 3.80 3.52 3.65 4.04 3.91 4.08 3.94 3.88 3.81 3.73 3.72 3.89 3.84 3.69 3.74 3.15 3.14 3.04 3.00 2.74 2.66 2.55 2.52 2.16 2.06 2.00 1.85 1.87
0.02 0.00 0.00 0.01 0.61 0.63 0.57 0.58 1.13 1.15 1.09 1.13 0.55 0.61 0.76 0.82 1.29 1.42 1.64 1.64 1.81 1.75 1.65 1.62 1.77 1.91 2.03 2.28 2.89 2.76 2.99 2.82 2.75 2.86 2.77 2.78 3.20 3.31 3.29 3.27 3.68 3.61 3.59 3.80 3.81 3.94 3.83 4.03 3.84 3.93 3.64 3.52 4.15 4.03 3.98 3.91 3.96 3.82 3.86 3.95 3.87 3.90 3.66 3.77 3.15 3.04 3.02 2.99 2.72 2.68 2.52 2.54 2.04 2.07 1.96 1.90 1.79
0.00 0.01 0.02 0.03 0.61 0.62 0.63 0.57 1.05 1.04 1.11 1.08 0.48 0.63 0.76 0.80 1.25 1.35 1.47 1.61 1.62 1.49 1.34 1.42 1.58 1.75 1.78 2.08 2.84 2.77 2.72 2.53 2.66 2.60 2.75 2.65 3.19 3.38 3.28 3.22 3.62 3.62 3.47 3.77 3.44 3.65 3.89 4.07 4.03 3.94 3.80 3.71 4.27 4.14 4.10 4.04 4.03 3.92 3.89 4.07 3.79 3.93 3.75 3.73 3.30 3.20 3.13 3.09 2.65 2.54 2.45 2.42 2.10 2.09 1.90 1.89 1.81
0.01 0.02 0.07 0.07 0.60 0.57 0.58 0.56 1.00 1.05 1.07 1.02 0.43 0.55 0.67 0.76 1.24 1.28 1.41 1.55 1.52 1.36 1.24 1.20 1.47 1.64 1.76 1.94 2.60 2.58 2.53 2.48 2.55 2.53 2.56 2.68 3.12 3.35 3.24 3.40 3.81 3.70 3.53 3.77 3.53 3.85 4.13 4.15 3.93 3.86 3.72 3.63 4.33 4.31 4.12 4.08 4.00 4.01 3.90 3.95 3.91 3.90 3.69 3.72 3.10 3.15 3.13 3.08 2.59 2.51 2.45 2.38 2.11 2.08 1.93 1.83 1.78
0.03 0.08 0.06 0.05 0.59 0.58 0.64 0.65 1.01 0.96 1.06 0.91 0.21 0.32 0.45 0.54 0.89 0.95 1.03 1.20 1.16 1.13 1.19 1.26 1.48 1.54 1.64 1.67 2.27 2.13 2.11 2.09 2.17 2.24 2.39 2.46 3.09 3.12 3.07 3.35 3.39 3.38 3.41 3.57 3.53 3.55 3.87 4.03 3.79 3.60 3.64 3.37 3.81 3.79 3.58 3.42 3.33 3.31 3.26 3.16 3.19 3.19 3.12 3.14 2.37 2.45 2.25 2.29 1.96 1.89 1.89 1.75 1.74 1.67 1.56 1.50 1.42
0.07 0.06 0.06 0.09 0.59 0.58 0.65 0.63 1.02 0.91 1.10 0.92 0.20 0.30 0.36 0.46 0.75 0.84 0.93 0.96 0.91 1.01 1.01 1.14 1.31 1.50 1.41 1.52 1.94 1.96 1.88 1.91 2.14 2.07 2.31 2.36 2.80 2.97 3.14 3.39 3.55 3.29 3.16 3.51 3.54 3.57 4.05 4.10 3.75 3.70 3.45 3.32 3.77 3.60 3.56 3.30 3.44 3.28 3.21 3.19 3.20 3.09 3.16 3.09 2.63 2.49 2.42 2.29 2.01 1.88 1.82 1.72 1.51 1.48 1.44 1.36 1.38
0.09 0.15 0.12 0.15 0.70 0.65 0.64 0.69 0.99 0.91 1.06 1.13 0.08 0.14 0.23 0.25 0.48 0.56 0.75 0.79 0.68 0.75 0.83 0.80 1.18 1.27 1.28 1.46 1.71 1.76 1.69 1.75 1.96 1.86 2.01 2.07 2.75 2.81 3.12 3.45 3.41 3.31 3.25 3.46 3.43 3.61 4.13 4.19 3.99 3.87 3.48 3.46 3.73 3.69 3.58 3.41 3.43 3.38 3.23 3.34 3.19 3.24 3.13 3.13 2.56 2.53 2.49 2.39 1.99 1.92 1.77 1.57 1.44 1.46 1.42 1.38 1.37
0.09 0.20 0.07 0.14 0.66 0.67 0.61 0.62 0.82 1.05 1.17 1.06 0.03 0.03 0.08 0.11 0.28 0.29 0.49 0.54 0.52 0.45 0.54 0.47 1.00 1.04 1.17 1.34 1.52 1.59 1.68 1.65 1.83 1.75 1.91 1.95 2.64 2.83 3.17 3.28 3.41 3.39 3.27 3.47 3.64 3.56 4.09 4.15 4.05 3.87 3.51 3.56 3.94 3.83 3.58 3.46 3.60 3.40 3.44 3.31 3.13 3.27 3.11 3.13 2.57 2.52 2.44 2.37 1.92 1.90 1.74 1.54 1.46 1.46 1.44 1.42 1.34
0.08 0.07 0.01 0.04 0.45 0.43 0.30 0.28 0.40 0.46 0.60 0.69 -0.00 -0.00 0.00 -0.00 0.00 0.00 0.00 0.00 0.00 0.00 0.00 0.00 0.33 0.36 0.42 0.47 0.88 0.94 1.03 0.94 1.23 1.16 1.45 1.84 2.34 2.53 2.89 2.90 3.18 3.38 3.39 3.55 3.95 3.97 4.48 4.58 4.35 4.07 4.05 3.93 4.35 4.18 4.00 3.90 4.09 3.89 4.00 3.94 3.45 3.58 3.38 3.25 2.55 2.57 2.43 2.33 1.86 1.80 1.75 1.55 1.38 1.40 1.36 1.35 1.35
0.08 0.12 0.03 0.08 0.50 0.50 0.37 0.35 0.57 0.54 0.64 0.70 -0.00 -0.00 -0.00 -0.00 0.00 0.00 0.00 0.00 0.00 0.00 0.00 0.00 0.32 0.37 0.37 0.42 0.92 0.88 0.98 1.01 1.34 1.26 1.56 1.91 2.42 2.44 2.81 3.02 3.26 3.57 3.45 3.62 4.05 4.17 4.53 4.61 4.32 4.00 4.04 4.03 4.41 4.30 3.85 3.79 4.17 3.99 3.98 3.97 3.45 3.41 3.28 3.27 2.49 2.54 2.38 2.31 1.83 1.83 1.70 1.54 1.43 1.37 1.37 1.29 1.34
0.10 0.11 0.05 0.07 0.52 0.54 0.43 0.40 0.65 0.50 0.68 0.70 -0.00 -0.00 -0.00 -0.00 0.00 0.00 0.00 0.00 0.00 0.00 0.00 0.00 0.37 0.39 0.40 0.50 0.92 0.97 1.07 1.08 1.27 1.39 1.56 1.67 2.45 2.62 2.93 3.25 3.33 3.61 3.56 3.84 4.33 4.37 4.56 4.70 4.42 4.11 4.05 4.12 4.37 4.32 3.81 3.74 4.10 4.10 4.14 3.94 3.32 3.26 3.21 3.17 2.46 2.45 2.27 2.22 1.81 1.71 1.61 1.46 1.40 1.32 1.34 1.30 1.37
0.11 0.17 0.08 0.13 0.56 0.61 0.50 0.45 0.69 0.49 0.70 0.66 -0.00 -0.00 -0.00 -0.00 -0.00 0.00 0.00 0.00 0.00 0.00 0.00 0.00 0.36 0.40 0.40 0.42 0.91 1.02 1.05 1.17 1.39 1.45 1.57 1.75 2.47 2.68 3.14 3.27 3.77 3.83 3.65 3.71 4.45 4.57 4.68 4.81 4.42 4.36 4.11 4.20 4.47 4.32 4.05 3.80 4.06 3.96 4.03 3.98 3.21 3.35 3.05 3.07 2.38 2.33 2.30 2.20 1.65 1.68 1.59 1.44 1.41 1.33 1.32 1.30 1.32
0.09 0.06 0.05 0.08 0.69 0.73 0.65 0.62 0.95 0.77 0.90 0.85 -0.00 -0.00 -0.00 -0.00 -0.00 0.00 0.00 0.00 0.00 0.00 0.00 0.00 0.35 0.43 0.51 0.52 1.01 1.13 1.21 1.38 1.44 1.58 1.67 1.74 2.80 2.91 3.19 3.15 3.47 3.49 3.56 3.76 4.24 4.30 4.29 4.28 4.08 3.92 3.81 3.83 4.24 3.97 3.86 3.64 3.95 3.77 3.95 3.97 3.71 3.71 3.48 3.41 2.85 2.89 2.84 2.75 2.48 2.61 2.53 2.37 1.88 1.80 1.73 1.64 1.59
0.04 0.04 0.05 0.09 0.72 0.73 0.68 0.62 0.96 0.86 0.91 0.86 -0.00 -0.00 -0.00 -0.00 0.00 0.00 0.00 0.00 0.00 0.00 0.00 0.00 0.40 0.44 0.60 0.58 1.11 1.31 1.34 1.47 1.55 1.75 1.75 1.89 2.91 3.03 3.17 3.26 3.69 3.62 3.73 3.87 4.27 4.43 4.32 4.30 4.21 3.88 3.91 3.86 4.13 4.05 3.94 3.69 3.98 3.72 3.82 3.87 3.50 3.61 3.40 3.42 2.94 2.99 2.93 2.65 2.60 2.77 2.66 2.50 1.96 1.90 1.85 1.70 1.61
0.05 0.06 0.03 0.07 0.75 0.74 0.66 0.62 1.23 0.75 0.95 0.85 -0.00 -0.00 -0.00 -0.00 0.00 -0.00 0.00 0.00 0.00 0.00 0.00 0.00 0.48 0.50 0.66 0.67 1.20 1.37 1.47 1.60 1.57 1.77 1.67 1.82 2.84 2.94 3.19 3.23 3.49 3.59 3.70 3.68 4.17 4.29 4.16 4.14 4.22 4.05 4.10 4.07 4.06 3.95 3.93 3.85 3.86 3.62 3.70 3.65 3.12 3.13 3.06 3.13 2.65 2.80 2.67 2.24 2.34 2.57 2.70 2.52 1.83 1.79 1.83 1.76 1.63
0.05 0.06 0.03 0.11 0.81 0.78 0.71 0.61 1.01 0.78 0.94 0.91 -0.00 -0.00 -0.00 -0.00 0.00 -0.00 0.00 0.00 0.00 0.00 0.00 0.00 0.49 0.56 0.67 0.71 1.38 1.48 1.49 1.61 1.50 1.76 1.78 1.84 3.08 3.01 3.26 3.42 3.50 3.80 3.78 3.89 4.25 4.23 4.23 4.21 4.13 4.15 4.10 3.96 4.00 3.79 3.70 3.53 3.72 3.50 3.55 3.68 3.00 2.96 2.97 3.02 2.57 2.61 2.56 2.27 2.46 2.53 2.54 2.59 1.86 1.89 1.85 1.80 1.71
0.08 0.15 0.15 0.23 1.16 1.08 0.95 0.87 1.36 1.02 1.26 1.13 -0.00 -0.00 -0.00 -0.00 0.00 0.00 0.00 0.00 0.00 0.00 0.00 0.01 0.67 0.80 1.01 1.13 1.70 1.84 2.02 2.27 2.14 2.21 2.42 2.36 3.54 3.41 4.03 3.90 4.10 4.44 4.34 4.26 4.84 4.91 4.61 4.66 4.55 4.48 4.26 4.04 3.93 4.01 3.76 3.59 3.74 3.47 3.39 3.59 2.69 2.74 2.62 2.76 2.02 2.14 2.16 1.99 2.32 2.47 2.48 2.12 1.67 1.60 1.67 1.54 1.53
0.08 0.14 0.13 0.20 1.17 1.13 0.97 0.90 1.28 1.10 1.30 1.10 -0.00 -0.00 -0.00 -0.00 0.00 0.00 0.00 0.00 0.00 0.00 0.02 0.03 0.69 0.87 1.14 1.20 1.77 1.87 2.13 2.33 2.17 2.27 2.43 2.38 3.57 3.57 4.04 3.89 4.07 4.18 4.30 4.26 4.65 4.75 4.47 4.47 4.37 4.21 4.11 3.87 3.75 3.76 3.70 3.47 3.72 3.50 3.50 3.54 2.60 2.62 2.60 2.70 2.05 2.11 2.07 1.98 2.26 2.21 2.33 2.06 1.63 1.49 1.52 1.48 1.45
0.08 0.07 0.12 0.21 1.09 1.10 1.01 0.96 1.30 1.24 1.37 1.20 -0.00 -0.00 -0.00 -0.00 0.00 0.00 0.00 0.00 0.00 0.00 0.00 0.00 0.71 0.88 1.05 1.22 1.83 1.96 2.05 2.40 2.29 2.31 2.57 2.43 3.52 3.68 3.96 3.90 4.31 4.23 4.22 4.20 4.79 4.78 4.65 4.54 4.53 4.28 4.10 3.77 3.70 3.76 3.43 3.43 3.66 3.39 3.69 3.34 2.54 2.48 2.52 2.55 1.95 1.87 1.93 1.78 2.32 2.45 2.32 2.23 1.67 1.55 1.52 1.50 1.54
0.08 0.07 0.09 0.18 1.09 1.08 1.04 0.99 1.35 1.22 1.32 1.12 -0.00 -0.00 -0.00 -0.00 0.00 0.00 0.00 0.00 0.00 0.00 0.02 0.01 0.86 0.97 1.10 1.30 1.78 2.10 2.34 2.44 2.27 2.32 2.41 2.53 3.65 3.94 3.91 3.88 4.25 4.31 4.16 4.15 4.59 4.64 4.43 4.54 4.44 4.14 3.93 3.79 3.72 3.77 3.44 3.34 3.40 3.37 3.26 3.44 2.43 2.41 2.34 2.31 1.89 1.76 1.82 1.77 2.31 2.39 2.46 2.26 1.73 1.67 1.53 1.54 1.58
0.09 0.07 0.11 0.17 1.12 1.11 0.98 0.91 1.12 0.99 1.24 1.09 -0.00 -0.00 -0.00 -0.00 0.00 0.04 0.03 0.04 0.18 0.23 0.25 0.28 1.11 1.22 1.23 1.46 2.00 2.25 2.27 2.47 2.38 2.48 2.26 2.37 3.61 3.67 3.68 3.80 3.86 3.82 3.61 3.58 3.83 3.87 3.62 3.79 3.70 3.30 3.38 3.24 3.22 2.97 2.86 2.71 2.85 2.82 2.68 2.93 1.97 1.98 1.93 2.00 1.60 1.51 1.42 1.56 1.92 1.85 1.82 1.89 1.43 1.37 1.25 1.24 1.20
0.06 0.05 0.10 0.17 1.18 1.15 1.14 1.05 1.16 0.95 1.16 1.08 -0.00 -0.00 -0.00 -0.00 0.01 0.07 0.09 0.13 0.26 0.30 0.35 0.37 1.07 1.33 1.21 1.34 1.82 2.07 2.18 2.38 2.18 2.31 2.38 2.34 3.51 3.53 3.66 3.43 3.60 3.42 3.44 3.47 3.62 3.51 3.28 3.33 3.26 3.13 3.01 2.78 2.87 2.68 2.67 2.67 2.71 2.81 2.61 2.73 1.99 1.91 1.93 1.94 1.70 1.57 1.48 1.66 1.82 1.84 2.00 1.93 1.41 1.32 1.21 1.17 1.09
0.05 0.08 0.08 0.14 1.07 1.03 1.13 0.94 1.09 0.83 1.11 1.12 -0.00 -0.00 -0.00 -0.00 0.06 0.11 0.09 0.14 0.28 0.37 0.48 0.37 0.92 1.10 1.13 1.28 1.79 1.87 2.00 2.30 2.06 1.85 2.14 2.14 3.09 3.13 3.26 3.25 3.43 3.19 3.24 3.32 3.37 3.28 3.21 3.19 3.10 2.86 2.85 2.78 2.59 2.54 2.43 2.37 2.43 2.43 2.36 2.29 1.87 1.84 1.88 1.86 1.66 1.64 1.56 1.66 1.95 1.89 2.13 2.10 1.46 1.28 1.22 1.16 1.14
0.14 0.14 0.08 0.15 1.23 1.09 1.15 1.03 1.14 0.95 1.14 1.08 -0.00 -0.00 -0.00 -0.00 0.00 0.10 0.08 0.17 0.39 0.42 0.44 0.44 0.88 1.03 1.02 1.15 1.65 1.89 2.05 2.28 1.83 1.75 1.90 2.01 2.89 2.86 2.89 2.81 3.01 3.01 2.92 2.91 2.84 2.91 2.81 2.80 2.90 2.64 2.63 2.45 2.40 2.30 2.24 2.19 2.28 2.31 2.34 2.12 1.79 1.80 1.82 1.83 1.72 1.65 1.52 1.63 1.91 1.88 2.04 2.01 1.43 1.28 1.21 1.15 1.11
0.19 0.16 0.20 0.39 1.91 1.55 1.47 1.45 1.36 1.06 1.11 1.06 -0.00 -0.00 -0.00 -0.00 0.00 0.06 0.05 0.08 0.32 0.35 0.46 0.47 0.79 0.97 0.91 1.08 1.60 1.68 1.83 2.05 1.55 1.47 1.64 1.73 2.52 2.42 2.37 2.34 2.37 2.30 2.25 2.26 2.21 2.14 2.00 1.91 1.77 1.77 1.72 1.65 1.64 1.62 1.60 1.56 1.56 1.55 1.54 1.49 1.13 1.21 1.18 1.24 1.21 1.20 1.26 1.23 1.75 1.71 1.75 1.71 1.25 1.13 1.06 1.00 0.84
0.18 0.15 0.21 0.35 1.84 1.63 1.52 1.44 1.37 1.09 1.17 1.09 -0.00 -0.00 -0.00 -0.00 0.00 0.09 0.05 0.10 0.34 0.38 0.49 0.42 0.71 0.86 0.88 0.98 1.60 1.67 1.76 1.97 1.37 1.32 1.49 1.59 2.41 2.29 2.30 2.23 2.23 2.22 2.12 2.06 2.12 2.12 2.02 1.83 1.71 1.74 1.74 1.69 1.60 1.58 1.55 1.48 1.52 1.50 1.51 1.49 1.04 1.18 1.22 1.21 1.20 1.15 1.14 1.18 1.74 1.72 1.70 1.62 1.23 1.14 1.06 1.05 0.86
0.17 0.16 0.14 0.28 1.75 1.56 1.48 1.42 1.33 1.08 1.02 0.98 -0.00 -0.00 -0.00 -0.00 0.00 0.08 0.10 0.20 0.36 0.41 0.47 0.48 0.71 0.77 0.86 0.91 1.50 1.58 1.60 1.70 1.38 1.43 1.45 1.56 2.25 2.09 2.11 2.06 2.10 2.03 1.98 1.98 1.90 1.85 1.82 1.73 1.65 1.64 1.59 1.52 1.46 1.44 1.46 1.43 1.48 1.46 1.40 1.45 1.08 1.17 1.23 1.20 1.24 1.15 1.12 1.13 1.74 1.69 1.66 1.60 1.21 1.11 1.05 1.01 0.85
