QPF/QPF_202208082200-150.txt
ncols 525
nrows 625
xllcorner -31082
yllcorner 11395
cellsize 1000.0
NODATA_value -9999.0
[rows 152 to 189 of 625, columns 420 to 503 of 525]
0.00 0.00 0.00 0.01 0.03 0.03 0.07 0.03 0.06 0.18 0.20 0.23 0.25 0.54 0.51 0.66 0.63 1.15 1.14 1.06 1.08 1.02 0.98 0.93 0.95 0.74 0.74 0.73 0.68 0.61 0.52 0.52 0.49 0.20 0.21 0.23 0.22 0.20 0.16 0.14 0.12 0.19 0.17 0.13 0.12 0.13 0.11 0.14 0.11 0.11 0.08 0.04 0.02 0.03 0.00 0.04 0.02 0.17 0.20 0.20 0.21 0.13 0.08 0.09 0.06 0.05 0.05 0.08 0.12 0.05 0.05 0.05 0.04 0.10 0.10 0.11 0.07 0.06 0.05 0.03 0.04 0.00 0.00 0.00
0.00 0.00 0.01 0.00 0.01 0.02 0.05 0.03 0.07 0.17 0.17 0.20 0.21 0.55 0.57 0.60 0.60 1.14 1.17 1.06 1.13 1.04 1.04 1.00 0.99 0.83 0.74 0.80 0.71 0.63 0.55 0.58 0.51 0.23 0.24 0.25 0.24 0.19 0.17 0.15 0.11 0.19 0.18 0.18 0.14 0.11 0.11 0.09 0.09 0.08 0.05 0.03 0.01 0.01 0.00 0.01 0.02 0.12 0.19 0.17 0.17 0.07 0.03 0.05 0.05 0.05 0.04 0.04 0.06 0.05 0.02 0.04 0.02 0.09 0.09 0.07 0.05 0.04 0.02 0.01 0.01 0.00 0.00 0.00
0.00 0.00 0.02 0.02 0.01 0.05 0.06 0.04 0.07 0.13 0.16 0.18 0.21 0.48 0.61 0.56 0.58 1.13 1.11 1.10 1.11 0.99 1.03 1.00 1.00 0.80 0.81 0.79 0.73 0.64 0.55 0.57 0.52 0.22 0.25 0.25 0.22 0.21 0.21 0.16 0.14 0.19 0.21 0.18 0.14 0.11 0.12 0.09 0.08 0.10 0.07 0.01 0.01 0.00 0.00 0.01 0.02 0.09 0.12 0.11 0.13 0.06 0.02 0.04 0.04 0.05 0.03 0.04 0.04 0.05 0.02 0.04 0.02 0.08 0.06 0.05 0.03 0.04 0.02 0.01 0.02 0.00 0.00 0.00
0.01 0.09 0.13 0.14 0.07 0.11 0.09 0.15 0.22 0.32 0.33 0.38 0.37 0.66 0.71 0.68 0.68 1.27 1.19 1.16 1.14 1.00 0.91 0.98 0.91 0.82 0.75 0.76 0.69 0.61 0.50 0.56 0.48 0.21 0.25 0.27 0.26 0.25 0.26 0.26 0.20 0.26 0.25 0.25 0.18 0.10 0.09 0.08 0.11 0.15 0.12 0.17 0.11 0.04 0.02 0.02 0.01 0.07 0.07 0.09 0.10 0.05 0.03 0.01 0.00 0.02 0.02 0.04 0.03 0.02 0.03 0.03 0.02 0.00 0.01 0.01 0.00 0.00 0.00 0.01 0.00 0.00 0.00 0.00
0.04 0.13 0.12 0.11 0.12 0.13 0.11 0.15 0.25 0.41 0.49 0.37 0.43 0.67 0.69 0.72 0.70 1.26 1.23 1.19 1.19 1.00 0.96 0.98 0.96 0.79 0.76 0.75 0.71 0.64 0.52 0.57 0.49 0.23 0.23 0.28 0.25 0.25 0.25 0.26 0.21 0.24 0.27 0.28 0.21 0.12 0.10 0.10 0.12 0.16 0.15 0.16 0.09 0.06 0.04 0.02 0.02 0.05 0.05 0.06 0.07 0.05 0.04 0.02 0.01 0.00 0.00 0.01 0.00 0.01 0.00 0.01 0.01 0.00 0.00 0.01 0.00 0.00 0.00 0.00 0.00 0.00 0.00 0.00
0.02 0.08 0.07 0.10 0.12 0.09 0.09 0.11 0.17 0.41 0.42 0.36 0.37 0.62 0.66 0.62 0.71 1.24 1.21 1.20 1.25 1.03 0.97 1.00 0.98 0.80 0.77 0.78 0.74 0.69 0.58 0.54 0.46 0.19 0.22 0.21 0.20 0.20 0.24 0.24 0.15 0.21 0.21 0.24 0.15 0.10 0.09 0.11 0.12 0.14 0.13 0.13 0.08 0.04 0.01 0.03 0.02 0.07 0.05 0.05 0.02 0.01 0.00 0.02 0.03 0.04 0.04 0.05 0.06 0.07 0.05 0.05 0.04 0.01 0.00 0.00 0.00 0.00 0.00 0.00 0.00 0.00 0.00 0.00
0.03 0.06 0.04 0.08 0.08 0.07 0.11 0.14 0.18 0.42 0.47 0.38 0.39 0.65 0.74 0.72 0.73 1.24 1.16 1.18 1.19 1.03 0.95 0.96 0.94 0.77 0.72 0.74 0.69 0.68 0.53 0.53 0.42 0.23 0.27 0.24 0.24 0.21 0.29 0.24 0.20 0.28 0.21 0.27 0.23 0.12 0.10 0.11 0.11 0.11 0.09 0.09 0.05 0.01 0.00 0.00 0.00 0.02 0.01 0.00 0.00 0.00 0.00 0.01 0.00 0.00 0.00 0.00 0.00 0.01 0.00 0.00 0.00 0.00 0.00 0.00 0.00 0.00 0.00 0.00 0.00 0.00 0.00 0.00
0.27 0.40 0.30 0.44 0.38 0.39 0.48 0.36 0.36 0.73 0.77 0.65 0.67 0.85 0.98 0.84 0.80 1.31 1.35 1.31 1.36 1.28 1.18 1.17 1.16 0.93 0.84 0.84 0.83 0.77 0.70 0.69 0.54 0.34 0.38 0.33 0.30 0.35 0.29 0.29 0.24 0.38 0.37 0.36 0.30 0.21 0.19 0.16 0.14 0.09 0.10 0.06 0.02 0.01 0.00 0.00 0.00 0.00 0.00 0.00 0.00 0.00 0.00 0.00 0.00 0.00 0.00 0.00 0.00 0.00 0.00 0.00 0.00 0.00 0.00 0.00 0.00 0.00 0.00 0.00 0.00 0.00 0.00 0.00
0.24 0.36 0.32 0.42 0.33 0.34 0.39 0.39 0.38 0.70 0.73 0.63 0.63 0.79 0.84 0.81 0.83 1.26 1.31 1.31 1.35 1.26 1.19 1.20 1.17 0.87 0.83 0.86 0.81 0.71 0.67 0.67 0.49 0.31 0.33 0.31 0.26 0.27 0.23 0.26 0.24 0.36 0.29 0.27 0.31 0.22 0.20 0.15 0.14 0.09 0.07 0.08 0.06 0.01 0.00 0.00 0.00 0.00 0.00 0.00 0.00 0.00 0.00 0.00 0.00 0.00 0.00 0.00 0.00 0.00 0.00 0.00 0.00 0.00 0.00 0.00 0.00 0.00 0.00 0.00 0.00 0.00 0.00 0.00
0.18 0.25 0.29 0.33 0.28 0.35 0.37 0.36 0.28 0.72 0.75 0.65 0.61 0.80 0.78 0.79 0.73 1.21 1.25 1.22 1.26 1.27 1.19 1.28 1.19 0.87 0.82 0.90 0.81 0.71 0.61 0.63 0.52 0.28 0.30 0.26 0.29 0.24 0.21 0.21 0.20 0.35 0.33 0.28 0.29 0.22 0.21 0.09 0.12 0.06 0.04 0.06 0.05 0.01 0.00 0.00 0.00 0.00 0.00 0.00 0.01 0.01 0.00 0.00 0.00 0.00 0.00 0.00 0.00 0.00 0.00 0.00 0.00 0.00 0.00 0.00 0.00 0.00 0.00 0.00 0.00 0.00 0.00 0.00
0.17 0.22 0.34 0.27 0.20 0.36 0.39 0.28 0.29 0.74 0.74 0.64 0.64 0.82 0.84 0.74 0.73 1.28 1.29 1.25 1.27 1.24 1.20 1.20 1.18 0.88 0.81 0.87 0.80 0.67 0.58 0.63 0.50 0.31 0.32 0.30 0.30 0.26 0.24 0.21 0.18 0.35 0.29 0.27 0.27 0.20 0.18 0.10 0.12 0.05 0.05 0.05 0.04 0.01 0.00 0.00 0.00 0.00 0.00 0.00 0.01 0.02 0.01 0.00 0.00 0.00 0.00 0.00 0.00 0.00 0.00 0.00 0.00 0.00 0.00 0.00 0.00 0.00 0.00 0.00 0.00 0.00 0.00 0.00
0.44 0.48 0.44 0.40 0.42 0.39 0.41 0.25 0.24 0.66 0.69 0.58 0.64 0.70 0.76 0.74 0.70 1.20 1.19 1.19 1.17 1.16 1.13 1.13 1.19 0.97 0.95 0.98 0.92 0.72 0.68 0.65 0.60 0.34 0.32 0.34 0.33 0.29 0.24 0.24 0.22 0.30 0.28 0.26 0.25 0.19 0.15 0.14 0.13 0.03 0.04 0.02 0.02 0.00 0.00 0.00 0.00 0.00 0.00 0.00 0.00 0.00 0.00 0.00 0.00 0.00 0.00 0.00 0.00 0.00 0.00 0.00 0.00 0.00 0.00 0.00 0.00 0.00 0.00 0.00 0.00 0.00 0.00 0.00
0.47 0.47 0.40 0.53 0.37 0.37 0.39 0.32 0.31 0.68 0.70 0.57 0.61 0.64 0.74 0.74 0.68 1.16 1.09 1.18 1.18 1.16 1.12 1.10 1.14 0.94 0.89 0.95 0.93 0.67 0.66 0.60 0.57 0.34 0.37 0.35 0.40 0.31 0.29 0.24 0.24 0.31 0.26 0.23 0.21 0.15 0.12 0.13 0.09 0.02 0.03 0.01 0.00 0.00 0.00 0.00 0.00 0.00 0.00 0.00 0.00 0.00 0.00 0.00 0.00 0.00 0.00 0.00 0.00 0.00 0.00 0.00 0.00 0.00 0.00 0.00 0.00 0.00 0.00 0.00 0.00 0.00 0.00 0.00
0.42 0.45 0.40 0.48 0.48 0.43 0.35 0.34 0.39 0.67 0.63 0.54 0.58 0.69 0.72 0.69 0.66 1.08 1.07 1.11 1.14 1.03 1.03 1.07 1.06 0.94 0.87 0.91 0.86 0.62 0.55 0.55 0.46 0.33 0.32 0.30 0.34 0.33 0.29 0.31 0.27 0.28 0.25 0.25 0.25 0.16 0.17 0.15 0.11 0.02 0.01 0.00 0.01 0.01 0.00 0.00 0.00 0.00 0.00 0.00 0.00 0.00 0.00 0.00 0.00 0.00 0.00 0.00 0.00 0.00 0.00 0.00 0.00 0.00 0.00 0.00 0.00 0.00 0.00 0.00 0.00 0.00 0.00 0.00
0.43 0.40 0.35 0.39 0.42 0.40 0.37 0.30 0.33 0.62 0.62 0.50 0.50 0.65 0.67 0.69 0.64 1.06 1.07 1.12 1.12 1.04 1.01 1.09 1.00 0.93 0.88 0.90 0.91 0.62 0.55 0.52 0.47 0.33 0.30 0.31 0.32 0.35 0.28 0.29 0.27 0.24 0.19 0.19 0.19 0.11 0.09 0.15 0.11 0.00 0.00 0.00 0.00 0.01 0.00 0.00 0.00 0.00 0.00 0.00 0.00 0.00 0.00 0.00 0.01 0.00 0.00 0.00 0.00 0.00 0.00 0.00 0.00 0.00 0.00 0.00 0.00 0.00 0.00 0.00 0.00 0.00 0.00 0.00
0.40 0.31 0.27 0.27 0.26 0.27 0.28 0.24 0.30 0.54 0.51 0.48 0.43 0.37 0.45 0.42 0.50 0.90 0.89 0.90 0.96 0.91 0.87 0.89 0.79 0.62 0.62 0.62 0.62 0.38 0.33 0.36 0.26 0.19 0.20 0.19 0.23 0.21 0.16 0.15 0.12 0.04 0.01 0.02 0.01 0.01 0.00 0.01 0.01 0.00 0.00 0.00 0.00 0.00 0.00 0.00 0.00 0.00 0.00 0.00 0.00 0.00 0.00 0.00 0.00 0.00 0.00 0.00 0.00 0.00 0.00 0.00 0.00 0.00 0.00 0.00 0.00 0.00 0.00 0.00 0.00 0.00 0.00 0.00
0.34 0.32 0.23 0.31 0.26 0.23 0.31 0.23 0.25 0.47 0.58 0.49 0.40 0.37 0.54 0.47 0.51 0.94 0.94 0.92 0.94 0.88 0.82 0.82 0.82 0.63 0.63 0.69 0.63 0.41 0.36 0.29 0.25 0.21 0.23 0.21 0.19 0.22 0.19 0.19 0.16 0.04 0.02 0.01 0.02 0.01 0.00 0.01 0.00 0.00 0.00 0.00 0.00 0.00 0.00 0.00 0.00 0.00 0.00 0.00 0.00 0.00 0.00 0.01 0.00 0.00 0.01 0.00 0.00 0.00 0.00 0.00 0.00 0.00 0.00 0.00 0.00 0.00 0.00 0.00 0.00 0.00 0.00 0.00
0.39 0.34 0.26 0.33 0.24 0.30 0.31 0.27 0.30 0.47 0.50 0.46 0.42 0.37 0.47 0.40 0.43 0.85 0.81 0.90 0.86 0.81 0.77 0.78 0.74 0.57 0.61 0.63 0.58 0.40 0.37 0.31 0.26 0.24 0.23 0.23 0.22 0.23 0.19 0.22 0.17 0.06 0.03 0.02 0.02 0.02 0.00 0.01 0.01 0.00 0.00 0.00 0.00 0.00 0.00 0.00 0.00 0.00 0.00 0.00 0.00 0.00 0.00 0.00 0.00 0.01 0.01 0.01 0.00 0.00 0.00 0.00 0.00 0.00 0.00 0.00 0.00 0.00 0.00 0.00 0.00 0.00 0.00 0.00
0.36 0.33 0.29 0.29 0.31 0.28 0.29 0.24 0.25 0.45 0.49 0.41 0.38 0.39 0.40 0.37 0.37 0.79 0.82 0.88 0.84 0.87 0.74 0.82 0.79 0.63 0.58 0.62 0.60 0.33 0.37 0.33 0.32 0.26 0.24 0.25 0.24 0.23 0.20 0.22 0.20 0.06 0.07 0.02 0.06 0.01 0.02 0.02 0.01 0.00 0.00 0.00 0.00 0.00 0.00 0.00 0.00 0.00 0.00 0.00 0.00 0.00 0.00 0.01 0.00 0.02 0.04 0.00 0.00 0.00 0.00 0.00 0.00 0.00 0.00 0.00 0.00 0.00 0.00 0.00 0.00 0.00 0.00 0.00
0.50 0.51 0.52 0.52 0.54 0.56 0.55 0.49 0.49 0.76 0.81 0.75 0.80 0.76 0.83 0.79 0.93 1.33 1.45 1.41 1.45 1.28 1.23 1.28 1.19 0.97 0.98 1.07 0.94 0.65 0.62 0.59 0.56 0.52 0.51 0.56 0.55 0.42 0.37 0.36 0.32 0.14 0.11 0.06 0.07 0.03 0.05 0.04 0.01 0.00 0.00 0.00 0.00 0.00 0.00 0.00 0.00 0.00 0.00 0.00 0.00 0.00 0.00 0.01 0.00 0.01 0.00 0.00 0.00 0.00 0.00 0.00 0.00 0.00 0.00 0.00 0.00 0.00 0.00 0.00 0.00 0.00 0.00 0.00
0.53 0.50 0.51 0.49 0.52 0.56 0.58 0.50 0.51 0.71 0.77 0.75 0.83 0.74 0.76 0.81 0.96 1.47 1.55 1.48 1.46 1.35 1.24 1.27 1.30 1.09 1.05 1.08 0.95 0.67 0.61 0.67 0.61 0.63 0.57 0.61 0.59 0.41 0.38 0.38 0.37 0.13 0.11 0.08 0.06 0.06 0.03 0.07 0.01 0.00 0.00 0.00 0.00 0.00 0.00 0.00 0.00 0.00 0.00 0.00 0.00 0.00 0.00 0.01 0.00 0.00 0.00 0.00 0.00 0.00 0.00 0.00 0.00 0.00 0.00 0.00 0.00 0.00 0.00 0.00 0.00 0.00 0.00 0.00
0.53 0.50 0.50 0.47 0.53 0.64 0.57 0.54 0.57 0.70 0.69 0.75 0.71 0.73 0.74 0.73 0.91 1.29 1.38 1.30 1.30 1.29 1.20 1.25 1.15 0.96 0.96 0.99 0.98 0.67 0.63 0.62 0.58 0.59 0.58 0.56 0.56 0.36 0.35 0.38 0.33 0.11 0.09 0.06 0.04 0.03 0.02 0.03 0.04 0.00 0.00 0.00 0.00 0.00 0.00 0.00 0.00 0.00 0.00 0.00 0.00 0.00 0.00 0.00 0.00 0.00 0.00 0.00 0.00 0.00 0.00 0.00 0.00 0.00 0.00 0.00 0.00 0.00 0.00 0.00 0.00 0.00 0.00 0.00
0.56 0.53 0.54 0.51 0.56 0.61 0.59 0.61 0.61 0.75 0.78 0.82 0.78 0.75 0.83 0.90 0.99 1.41 1.35 1.41 1.35 1.36 1.33 1.43 1.27 0.91 0.97 0.94 0.95 0.63 0.62 0.59 0.56 0.56 0.59 0.59 0.58 0.39 0.37 0.38 0.39 0.09 0.07 0.06 0.04 0.03 0.02 0.06 0.04 0.00 0.00 0.00 0.00 0.00 0.00 0.00 0.00 0.00 0.00 0.00 0.00 0.00 0.00 0.00 0.00 0.00 0.00 0.00 0.00 0.00 0.00 0.00 0.01 0.00 0.00 0.00 0.00 0.00 0.00 0.00 0.00 0.00 0.00 0.00
0.79 0.84 0.84 0.83 0.87 0.94 0.92 0.90 0.92 1.05 1.12 1.06 1.13 1.10 1.21 1.30 1.32 1.79 1.83 1.98 1.89 1.83 1.84 1.99 1.82 1.64 1.62 1.58 1.55 1.01 0.95 0.86 0.81 0.79 0.78 0.71 0.68 0.45 0.43 0.41 0.41 0.06 0.04 0.08 0.04 0.05 0.04 0.03 0.06 0.00 0.00 0.00 0.00 0.00 0.00 0.00 0.00 0.00 0.00 0.00 0.00 0.00 0.00 0.00 0.00 0.00 0.00 0.00 0.00 0.00 0.00 0.00 0.00 0.00 0.00 0.00 0.00 0.00 0.00 0.00 0.00 0.00 0.00 0.00
0.81 0.82 0.87 0.84 0.87 0.95 0.92 0.93 0.91 1.11 1.06 1.13 1.10 1.15 1.07 1.21 1.23 1.79 1.84 1.97 1.80 1.80 1.70 1.89 1.83 1.63 1.71 1.67 1.65 0.94 0.86 0.83 0.81 0.76 0.73 0.71 0.68 0.43 0.43 0.42 0.41 0.05 0.03 0.07 0.02 0.04 0.02 0.05 0.06 0.00 0.00 0.00 0.00 0.00 0.00 0.00 0.00 0.00 0.00 0.00 0.00 0.00 0.00 0.00 0.00 0.00 0.00 0.00 0.00 0.00 0.00 0.00 0.00 0.00 0.00 0.00 0.00 0.00 0.00 0.00 0.00 0.00 0.00 0.00
0.82 0.84 0.90 0.88 0.90 1.00 0.94 0.97 0.98 1.12 1.12 1.14 1.16 1.12 1.16 1.34 1.38 1.78 1.82 1.90 1.78 1.81 1.73 1.79 1.94 1.65 1.73 1.66 1.58 0.89 0.85 0.79 0.81 0.73 0.70 0.72 0.66 0.43 0.38 0.41 0.33 0.04 0.03 0.04 0.02 0.02 0.02 0.06 0.07 0.00 0.00 0.00 0.00 0.00 0.00 0.00 0.00 0.00 0.00 0.00 0.00 0.00 0.00 0.00 0.00 0.00 0.01 0.00 0.00 0.00 0.00 0.01 0.00 0.00 0.00 0.00 0.00 0.00 0.00 0.00 0.00 0.00 0.00 0.00
0.82 0.87 0.91 0.88 0.85 0.91 0.91 0.98 0.96 1.22 1.17 1.11 1.07 1.07 1.18 1.28 1.33 1.65 1.73 1.79 1.78 1.79 1.77 1.77 1.69 1.61 1.72 1.74 1.63 0.95 0.84 0.84 0.81 0.72 0.70 0.72 0.71 0.44 0.40 0.38 0.30 0.00 0.01 0.02 0.00 0.01 0.00 0.08 0.08 0.00 0.00 0.00 0.00 0.00 0.00 0.00 0.00 0.00 0.00 0.00 0.00 0.00 0.00 0.00 0.00 0.01 0.02 0.00 0.00 0.01 0.00 0.01 0.01 0.00 0.00 0.00 0.00 0.00 0.00 0.00 0.00 0.00 0.00 0.00
1.04 1.16 1.19 1.17 1.17 1.13 1.11 1.11 1.09 1.33 1.33 1.13 1.14 1.18 1.27 1.27 1.32 1.74 1.78 1.92 1.97 2.12 2.03 2.15 2.06 2.02 2.02 2.06 1.90 1.16 1.12 1.05 1.00 0.86 0.79 0.79 0.77 0.52 0.44 0.42 0.37 0.04 0.07 0.07 0.03 0.07 0.04 0.08 0.05 0.00 0.00 0.00 0.00 0.00 0.00 0.00 0.00 0.00 0.00 0.00 0.00 0.00 0.00 0.00 0.00 0.02 0.01 0.00 0.00 0.01 0.00 0.00 0.00 0.00 0.00 0.00 0.00 0.00 0.00 0.00 0.00 0.00 0.00 0.00
1.02 1.22 1.22 1.27 1.31 1.19 1.16 1.07 1.09 1.30 1.34 1.27 1.18 1.26 1.27 1.30 1.36 1.77 1.80 1.81 1.98 2.19 2.13 2.11 2.08 2.03 2.07 1.88 1.92 1.23 1.25 1.12 1.09 0.86 0.82 0.79 0.77 0.52 0.48 0.48 0.43 0.08 0.09 0.07 0.05 0.08 0.04 0.10 0.07 0.00 0.00 0.00 0.00 0.00 0.00 0.00 0.00 0.00 0.00 0.00 0.00 0.00 0.00 0.00 0.00 0.00 0.00 0.00 0.00 0.00 0.00 0.00 0.00 0.00 0.00 0.00 0.00 0.00 0.00 0.00 0.00 0.00 0.00 0.00
1.10 1.25 1.25 1.31 1.34 1.10 1.12 1.02 1.05 1.29 1.28 1.18 1.21 1.14 1.20 1.40 1.38 1.86 2.00 1.96 1.96 2.16 2.13 2.07 2.08 2.05 1.99 1.94 1.93 1.31 1.23 1.09 1.04 0.82 0.79 0.74 0.74 0.51 0.47 0.50 0.41 0.06 0.03 0.04 0.09 0.05 0.05 0.06 0.05 0.00 0.01 0.01 0.01 0.00 0.00 0.01 0.00 0.00 0.00 0.00 0.00 0.00 0.00 0.00 0.00 0.00 0.00 0.00 0.00 0.00 0.00 0.00 0.00 0.00 0.00 0.00 0.00 0.00 0.00 0.00 0.00 0.00 0.00 0.00
1.12 1.25 1.21 1.32 1.26 1.12 1.07 1.01 1.05 1.35 1.37 1.36 1.25 1.13 1.16 1.25 1.34 1.78 1.92 1.99 2.00 2.19 2.13 2.21 2.17 1.99 1.90 1.86 1.87 1.33 1.25 1.09 1.05 0.79 0.81 0.76 0.78 0.50 0.46 0.48 0.38 0.04 0.02 0.08 0.07 0.03 0.03 0.05 0.05 0.00 0.00 0.00 0.00 0.00 0.00 0.00 0.00 0.00 0.00 0.00 0.00 0.00 0.00 0.00 0.00 0.00 0.00 0.00 0.00 0.00 0.00 0.00 0.00 0.00 0.00 0.00 0.00 0.00 0.00 0.00 0.00 0.00 0.00 0.00
1.79 1.76 1.78 1.88 1.82 1.62 1.40 1.30 1.31 1.63 1.71 1.68 1.63 1.47 1.43 1.35 1.36 1.76 1.83 1.80 1.80 1.93 1.85 1.86 1.83 1.53 1.57 1.53 1.63 1.17 1.12 1.03 1.05 0.76 0.76 0.75 0.75 0.54 0.51 0.54 0.42 0.06 0.01 0.09 0.04 0.01 0.00 0.02 0.03 0.00 0.00 0.00 0.00 0.00 0.00 0.00 0.00 0.00 0.00 0.00 0.00 0.00 0.00 0.00 0.01 0.00 0.00 0.00 0.00 0.00 0.00 0.00 0.00 0.00 0.00 0.00 0.00 0.00 0.00 0.00 0.00 0.00 0.00 0.00
1.63 1.74 1.74 1.88 1.87 1.60 1.53 1.41 1.39 1.55 1.57 1.57 1.61 1.53 1.40 1.36 1.43 1.75 1.80 1.75 1.74 1.83 1.81 1.80 1.82 1.42 1.49 1.46 1.60 1.18 1.13 1.06 1.02 0.79 0.76 0.73 0.74 0.53 0.47 0.46 0.38 0.03 0.09 0.05 0.05 0.01 0.00 0.00 0.02 0.00 0.00 0.00 0.00 0.00 0.00 0.00 0.00 0.00 0.00 0.00 0.00 0.00 0.00 0.00 0.01 0.00 0.00 0.00 0.00 0.00 0.00 0.00 0.00 0.00 0.00 0.00 0.00 0.00 0.00 0.00 0.00 0.00 0.00 0.00
1.66 1.73 1.79 1.86 1.90 1.61 1.60 1.53 1.60 1.66 1.60 1.70 1.74 1.52 1.49 1.48 1.49 1.68 1.78 1.77 1.82 1.88 1.84 1.82 1.92 1.55 1.48 1.48 1.49 1.16 1.09 1.11 0.96 0.81 0.75 0.78 0.71 0.54 0.43 0.46 0.32 0.07 0.09 0.05 0.08 0.03 0.01 0.03 0.02 0.00 0.00 0.00 0.00 0.00 0.00 0.00 0.00 0.00 0.00 0.00 0.00 0.00 0.00 0.00 0.00 0.00 0.00 0.00 0.00 0.00 0.00 0.00 0.00 0.00 0.00 0.00 0.00 0.00 0.00 0.00 0.00 0.00 0.00 0.00
1.71 1.81 1.76 1.86 1.91 1.71 1.67 1.58 1.64 1.76 1.73 1.85 1.74 1.52 1.53 1.59 1.60 1.88 1.84 1.73 1.71 1.86 1.89 1.87 1.99 1.65 1.53 1.48 1.43 1.12 1.06 1.08 0.95 0.81 0.77 0.72 0.72 0.49 0.48 0.42 0.42 0.08 0.08 0.11 0.12 0.02 0.01 0.03 0.02 0.00 0.00 0.00 0.00 0.00 0.00 0.00 0.00 0.00 0.00 0.00 0.00 0.00 0.00 0.00 0.00 0.00 0.00 0.00 0.00 0.00 0.00 0.00 0.00 0.00 0.00 0.00 0.00 0.00 0.00 0.00 0.00 0.00 0.00 0.00
1.42 1.56 1.57 1.59 1.64 1.40 1.39 1.26 1.23 1.33 1.35 1.47 1.55 1.37 1.39 1.60 1.61 1.80 1.78 1.69 1.72 1.94 1.78 1.91 1.98 1.80 1.83 1.61 1.61 1.31 1.26 1.27 1.24 1.05 0.97 0.99 0.91 0.64 0.60 0.61 0.58 0.26 0.26 0.24 0.27 0.15 0.10 0.11 0.06 0.00 0.00 0.00 0.00 0.00 0.00 0.00 0.00 0.00 0.00 0.00 0.00 0.00 0.00 0.00 0.00 0.00 0.00 0.00 0.00 0.00 0.00 0.00 0.00 0.00 0.00 0.00 0.00 0.00 0.00 0.00 0.00 0.00 0.00 0.00
1.46 1.51 1.51 1.54 1.62 1.36 1.41 1.27 1.25 1.37 1.34 1.48 1.50 1.40 1.48 1.52 1.63 1.75 1.77 1.75 1.74 1.85 1.74 1.76 1.90 1.73 1.68 1.65 1.66 1.33 1.26 1.24 1.25 1.07 0.97 0.95 1.00 0.67 0.62 0.65 0.56 0.34 0.23 0.26 0.27 0.15 0.13 0.12 0.08 0.00 0.00 0.00 0.00 0.00 0.00 0.00 0.00 0.00 0.00 0.00 0.00 0.00 0.00 0.00 0.00 0.00 0.00 0.00 0.00 0.00 0.00 0.00 0.00 0.00 0.00 0.00 0.00 0.00 0.00 0.00 0.00 0.00 0.00 0.00
1.41 1.51 1.51 1.54 1.54 1.32 1.37 1.40 1.35 1.45 1.41 1.49 1.50 1.45 1.39 1.46 1.52 1.73 1.79 1.74 1.64 1.76 1.73 1.72 1.77 1.59 1.63 1.55 1.56 1.27 1.29 1.26 1.28 1.09 1.02 0.99 1.02 0.66 0.68 0.66 0.66 0.30 0.25 0.31 0.24 0.14 0.10 0.15 0.12 0.01 0.00 0.00 0.00 0.00 0.00 0.00 0.00 0.00 0.00 0.00 0.00 0.00 0.00 0.00 0.00 0.00 0.00 0.00 0.00 0.00 0.00 0.00 0.00 0.00 0.00 0.00 0.00 0.00 0.00 0.00 0.00 0.00 0.00 0.00
