QPF/QPF_202208082200-40.txt
ncols 525
nrows 625
xllcorner -31082
yllcorner 11395
cellsize 1000.0
NODATA_value -9999.0
[rows 228 to 265 of 625, columns 168 to 251 of 525]
17.06 18.88 20.00 21.20 22.22 22.97 23.98 23.84 24.24 22.42 19.78 18.38 15.42 14.08 12.50 11.82 11.32 11.08 10.38 10.18 10.35 9.26 10.52 13.99 16.40 21.84 25.97 32.64 34.48 37.09 34.99 34.62 33.12 32.84 29.57 28.60 25.13 19.53 17.70 14.13 10.88 7.13 5.22 4.55 3.50 1.70 1.82 1.70 1.71 1.72 1.88 2.04 2.36 2.67 3.60 4.30 5.24 6.14 7.62 8.60 9.84 12.99 13.58 14.85 15.26 16.62 15.93 14.74 14.03 14.97 13.86 11.86 10.44 8.37 7.33 5.32 4.22 3.34 2.66 2.33 1.91 1.79 1.51 1.39
16.53 18.78 19.25 19.87 21.40 22.28 22.40 22.04 21.92 20.81 17.43 15.71 13.35 11.27 10.28 9.29 9.23 8.87 8.59 8.92 9.34 9.23 9.65 11.47 15.00 17.64 22.24 28.94 30.59 30.14 29.02 29.96 29.64 29.26 24.98 22.80 20.15 14.70 12.39 9.89 7.99 4.93 4.00 3.57 2.93 1.34 1.42 1.39 1.39 1.31 1.40 1.52 1.58 1.78 2.44 3.09 3.90 4.70 5.44 6.28 7.22 9.28 9.82 10.79 11.40 12.40 11.72 10.96 10.38 11.35 10.54 8.90 7.86 6.46 5.58 4.23 3.37 2.87 2.38 2.19 1.91 1.75 1.48 1.31
15.92 17.75 19.19 19.53 20.49 21.79 21.52 20.18 20.35 19.12 16.76 13.26 10.85 8.67 8.27 7.80 7.33 7.14 7.07 6.88 7.45 8.22 8.37 9.69 12.26 15.10 19.30 23.74 27.06 25.67 26.10 25.49 25.90 25.47 22.89 19.85 16.58 12.44 9.39 7.25 6.03 3.90 3.48 3.01 2.50 1.23 1.11 1.25 1.19 1.10 1.23 1.29 1.39 1.46 1.94 2.63 3.32 4.06 4.59 5.05 5.86 7.26 7.65 8.35 8.74 9.72 9.22 8.40 8.22 9.24 8.36 7.21 6.29 5.26 4.54 3.46 2.86 2.41 2.11 1.93 1.73 1.67 1.43 1.22
15.08 16.22 17.62 17.80 18.88 19.47 18.97 18.15 17.40 16.96 13.82 12.02 9.50 6.92 6.47 6.12 5.65 5.86 5.94 5.61 6.24 6.59 6.77 7.28 9.45 13.35 18.15 19.68 22.04 22.02 20.08 20.27 20.83 21.13 18.72 16.59 13.06 7.45 6.43 5.02 4.57 3.18 2.96 2.32 2.15 1.06 1.07 0.97 0.99 0.91 1.03 1.05 1.21 1.14 1.49 1.95 2.42 2.99 3.41 4.12 4.72 5.84 6.06 6.50 6.85 7.73 7.43 6.87 6.66 7.28 6.57 5.62 4.99 4.22 3.63 2.88 2.45 2.15 1.87 1.65 1.47 1.45 1.23 1.14
14.33 15.37 16.07 16.77 18.51 17.30 17.42 16.04 15.24 14.17 11.08 10.45 7.54 6.41 5.68 5.05 5.24 4.90 4.85 4.06 4.79 5.71 5.83 6.14 8.09 11.29 14.80 18.31 19.89 18.18 17.74 17.90 17.39 19.17 17.19 14.67 11.35 6.39 5.25 4.24 3.48 2.35 2.52 2.05 1.90 0.93 0.89 0.95 0.80 0.69 0.90 0.92 1.08 1.05 1.29 1.71 2.21 2.67 2.95 3.46 4.01 4.96 5.04 5.41 5.47 5.99 5.76 5.46 5.29 5.46 4.87 4.20 3.71 3.15 2.80 2.34 2.14 1.86 1.66 1.55 1.33 1.30 1.08 0.98
12.95 13.88 14.72 14.76 15.67 15.08 15.07 13.59 12.82 12.79 10.17 8.17 6.89 5.10 4.80 4.00 4.44 4.20 3.84 3.53 3.84 4.19 4.39 5.39 6.46 8.45 12.66 15.40 17.09 14.91 14.70 14.29 15.04 16.37 14.20 11.41 8.35 5.17 3.96 3.52 2.49 1.98 1.96 1.62 1.51 0.81 0.75 0.75 0.64 0.59 0.68 0.86 0.91 0.92 1.07 1.34 1.71 2.03 2.21 2.47 2.93 3.54 3.66 3.76 3.81 4.19 4.01 3.75 3.75 4.02 3.59 3.08 2.74 2.39 2.08 1.80 1.67 1.52 1.41 1.31 1.13 1.15 0.97 0.86
12.37 12.93 13.05 14.01 13.77 13.47 12.36 11.57 11.17 10.43 8.62 6.90 5.58 4.58 4.11 3.44 4.07 3.27 3.46 3.51 3.40 4.11 4.28 4.68 5.77 7.50 10.57 12.73 14.54 11.91 12.72 11.86 12.59 14.31 12.12 8.73 7.32 4.08 3.48 2.98 2.15 1.78 1.58 1.34 1.16 0.65 0.67 0.61 0.55 0.53 0.62 0.70 0.76 0.79 0.88 1.17 1.46 1.75 1.82 2.16 2.43 3.09 3.14 3.15 3.18 3.38 3.24 3.11 3.09 3.22 2.90 2.56 2.33 2.01 1.81 1.56 1.46 1.33 1.21 1.11 1.01 1.04 0.87 0.75
10.55 11.68 12.67 12.42 12.00 12.42 10.90 9.36 9.01 8.31 6.50 5.81 4.24 3.24 2.87 2.60 2.72 3.30 2.96 2.56 2.38 3.23 3.17 4.20 4.79 5.74 7.84 9.17 10.77 10.11 9.88 9.73 9.28 9.46 7.93 7.10 5.57 2.81 2.61 2.36 1.75 1.60 1.21 1.14 0.92 0.53 0.56 0.55 0.49 0.49 0.53 0.58 0.61 0.68 0.77 0.89 1.11 1.29 1.33 1.57 1.67 2.28 2.31 2.30 2.38 2.54 2.43 2.36 2.33 2.41 2.16 1.90 1.74 1.52 1.37 1.18 1.11 0.99 0.91 0.86 0.78 0.88 0.72 0.63
8.89 10.10 10.82 9.87 10.44 9.53 8.20 7.29 7.37 6.64 5.95 5.65 3.87 2.43 1.91 2.36 1.96 2.31 2.48 2.52 2.14 2.79 2.62 3.22 3.90 4.94 6.76 7.79 7.76 7.27 7.35 8.28 7.01 6.53 6.50 5.65 4.60 2.50 2.46 1.81 1.65 1.30 0.97 0.99 0.78 0.48 0.51 0.48 0.45 0.45 0.50 0.55 0.57 0.65 0.70 0.86 1.00 1.13 1.23 1.34 1.49 2.04 2.06 2.10 2.13 2.26 2.17 2.10 2.02 2.16 1.95 1.66 1.50 1.26 1.17 1.05 0.98 0.91 0.83 0.75 0.64 0.70 0.59 0.50
7.23 7.90 7.92 8.55 8.89 6.64 6.10 5.74 5.24 4.67 4.40 4.19 3.88 1.72 1.20 1.37 1.35 1.41 1.64 1.68 1.41 1.75 2.03 1.95 2.36 3.46 4.04 5.23 6.20 4.77 5.30 5.87 5.02 5.40 5.14 4.58 3.27 1.88 1.71 1.43 1.28 0.99 0.85 0.71 0.52 0.42 0.43 0.41 0.38 0.37 0.42 0.48 0.52 0.57 0.66 0.72 0.93 0.95 1.01 1.15 1.24 1.67 1.72 1.64 1.69 1.80 1.76 1.71 1.65 1.70 1.50 1.25 1.13 0.92 0.86 0.76 0.70 0.62 0.61 0.48 0.43 0.51 0.40 0.36
6.45 6.71 6.96 7.78 7.46 5.81 5.54 5.20 4.77 4.26 3.15 3.16 3.20 1.14 1.09 0.88 0.98 0.92 1.19 1.30 1.29 1.69 1.75 1.75 2.19 2.59 2.84 3.90 4.40 3.80 3.89 3.75 3.90 4.27 3.32 2.53 2.66 1.50 1.28 1.16 0.95 0.76 0.68 0.59 0.47 0.40 0.39 0.37 0.37 0.37 0.39 0.45 0.50 0.55 0.56 0.70 0.75 0.79 0.81 0.92 1.05 1.40 1.39 1.35 1.39 1.50 1.45 1.42 1.33 1.41 1.24 1.07 0.98 0.78 0.70 0.60 0.60 0.56 0.48 0.40 0.34 0.40 0.34 0.28
5.32 5.64 5.96 5.95 5.56 5.03 4.59 4.53 4.26 4.10 3.31 2.72 1.83 0.83 0.42 0.54 0.61 0.45 0.78 0.89 0.95 1.45 1.07 1.25 1.45 1.80 2.42 2.43 2.65 2.30 2.24 2.51 2.48 3.05 2.15 2.01 1.69 1.20 0.97 0.87 0.73 0.56 0.51 0.43 0.38 0.34 0.31 0.29 0.26 0.27 0.33 0.38 0.40 0.47 0.47 0.56 0.59 0.53 0.60 0.72 0.64 0.99 1.04 1.02 1.04 1.13 1.15 1.07 1.00 1.10 1.00 0.87 0.76 0.60 0.55 0.47 0.49 0.45 0.34 0.31 0.26 0.25 0.22 0.18
4.04 4.54 4.69 4.61 4.53 4.35 3.86 3.53 3.28 3.29 2.65 2.02 1.99 0.43 0.31 0.26 0.28 0.44 0.49 0.65 0.80 0.94 0.79 1.01 1.13 1.75 2.03 1.75 2.00 1.40 1.56 1.67 1.73 1.99 1.74 1.14 1.17 0.87 0.73 0.68 0.52 0.43 0.40 0.37 0.34 0.31 0.29 0.27 0.29 0.32 0.34 0.37 0.39 0.42 0.44 0.47 0.46 0.48 0.54 0.64 0.55 0.87 0.91 0.91 0.93 1.02 1.05 0.97 0.88 0.99 0.90 0.75 0.68 0.50 0.45 0.41 0.43 0.33 0.25 0.27 0.22 0.19 0.15 0.12
3.30 3.43 3.68 3.66 3.69 3.61 3.57 3.16 2.76 2.49 2.07 1.83 1.49 0.31 0.25 0.20 0.27 0.31 0.42 0.46 0.47 0.50 0.43 0.60 0.77 1.43 1.34 1.24 1.05 0.91 0.95 0.92 1.14 1.12 0.91 0.79 0.69 0.58 0.57 0.48 0.37 0.28 0.26 0.25 0.18 0.13 0.12 0.15 0.17 0.19 0.22 0.27 0.32 0.35 0.34 0.36 0.36 0.39 0.39 0.51 0.47 0.71 0.73 0.73 0.74 0.80 0.82 0.77 0.69 0.80 0.71 0.62 0.54 0.40 0.36 0.33 0.29 0.22 0.18 0.16 0.12 0.10 0.08 0.05
2.68 2.82 2.90 2.75 2.80 2.79 2.71 2.82 2.47 2.29 1.57 1.29 0.89 0.24 0.17 0.18 0.15 0.11 0.18 0.28 0.24 0.31 0.28 0.46 0.56 0.97 0.84 0.75 0.63 0.49 0.56 0.67 0.73 0.75 0.63 0.61 0.59 0.43 0.40 0.37 0.24 0.12 0.12 0.12 0.10 0.10 0.11 0.15 0.19 0.22 0.25 0.27 0.31 0.32 0.29 0.29 0.30 0.31 0.32 0.43 0.41 0.59 0.60 0.60 0.62 0.66 0.67 0.64 0.58 0.70 0.60 0.50 0.44 0.33 0.32 0.24 0.17 0.13 0.14 0.12 0.08 0.07 0.04 0.02
1.97 1.90 2.02 1.84 1.88 1.91 1.92 2.07 1.94 1.85 1.39 1.10 0.66 0.12 0.11 0.09 0.09 0.07 0.05 0.03 0.02 0.03 0.10 0.16 0.44 0.51 0.54 0.44 0.33 0.32 0.38 0.47 0.55 0.55 0.52 0.45 0.37 0.27 0.21 0.15 0.04 0.03 0.02 0.02 0.01 0.02 0.02 0.06 0.08 0.11 0.12 0.15 0.17 0.19 0.16 0.15 0.16 0.17 0.18 0.29 0.29 0.41 0.42 0.42 0.45 0.49 0.50 0.48 0.44 0.56 0.48 0.40 0.35 0.26 0.21 0.14 0.10 0.08 0.08 0.05 0.04 0.03 0.02 0.01
1.48 1.52 1.42 1.42 1.43 1.52 1.47 1.55 1.50 1.30 0.97 0.88 0.36 0.07 0.06 0.03 0.03 0.04 0.03 0.04 0.03 0.04 0.08 0.11 0.15 0.26 0.32 0.28 0.08 0.05 0.19 0.33 0.35 0.38 0.35 0.27 0.17 0.13 0.07 0.04 0.01 0.01 0.00 0.01 0.01 0.01 0.02 0.04 0.06 0.08 0.09 0.10 0.10 0.12 0.12 0.12 0.13 0.13 0.14 0.19 0.23 0.32 0.33 0.34 0.36 0.38 0.37 0.38 0.33 0.43 0.37 0.31 0.26 0.20 0.15 0.10 0.08 0.05 0.04 0.03 0.02 0.02 0.02 0.01
0.87 0.80 0.77 0.64 0.72 0.71 0.76 0.67 0.68 0.65 0.54 0.26 0.06 0.01 0.00 0.00 0.00 0.00 0.00 0.00 0.00 0.00 0.03 0.07 0.11 0.11 0.09 0.07 0.02 0.02 0.08 0.13 0.14 0.12 0.14 0.09 0.03 0.02 0.00 0.00 0.00 0.00 0.00 0.00 0.00 0.00 0.01 0.02 0.01 0.02 0.02 0.03 0.02 0.04 0.04 0.04 0.03 0.03 0.05 0.07 0.11 0.16 0.18 0.20 0.22 0.23 0.22 0.22 0.20 0.29 0.24 0.19 0.14 0.10 0.07 0.05 0.04 0.02 0.02 0.02 0.02 0.01 0.01 0.00
0.60 0.41 0.40 0.41 0.44 0.48 0.43 0.31 0.32 0.32 0.14 0.02 0.01 0.00 0.00 0.00 0.00 0.00 0.00 0.00 0.00 0.00 0.00 0.01 0.04 0.03 0.01 0.01 0.00 0.02 0.02 0.05 0.05 0.05 0.03 0.02 0.01 0.00 0.00 0.00 0.00 0.00 0.00 0.00 0.00 0.00 0.00 0.02 0.01 0.01 0.01 0.02 0.01 0.02 0.02 0.02 0.02 0.02 0.02 0.03 0.06 0.10 0.10 0.11 0.14 0.15 0.14 0.11 0.12 0.18 0.14 0.10 0.08 0.06 0.03 0.02 0.02 0.01 0.01 0.00 0.01 0.00 0.00 0.00
0.17 0.12 0.08 0.07 0.07 0.12 0.05 0.03 0.03 0.00 0.01 0.00 0.00 0.00 0.00 0.00 0.00 0.00 0.00 0.00 0.00 0.00 0.00 0.00 0.00 0.00 0.00 0.00 0.00 0.01 0.01 0.00 0.00 0.00 0.00 0.00 0.00 0.00 0.00 0.00 0.00 0.00 0.00 0.00 0.00 0.00 0.00 0.01 0.01 0.01 0.01 0.01 0.01 0.01 0.01 0.01 0.01 0.01 0.01 0.02 0.01 0.02 0.03 0.03 0.03 0.03 0.03 0.03 0.04 0.07 0.05 0.04 0.03 0.02 0.02 0.01 0.01 0.01 0.01 0.00 0.00 0.00 0.00 0.00
0.03 0.01 0.02 0.00 0.03 0.02 0.01 0.00 0.01 0.00 0.00 0.00 0.00 0.00 0.00 0.00 0.00 0.00 0.00 0.00 0.00 0.00 0.00 0.00 0.00 0.00 0.00 0.00 0.00 0.00 0.00 0.00 0.00 0.00 0.00 0.00 0.00 0.00 0.00 0.00 0.00 0.00 0.00 0.00 0.00 0.00 0.00 0.01 0.01 0.00 0.00 0.01 0.00 0.00 0.00 0.00 0.00 0.00 0.00 0.02 0.01 0.01 0.01 0.01 0.01 0.01 0.01 0.02 0.01 0.02 0.02 0.01 0.01 0.01 0.01 0.00 0.01 0.00 0.00 0.00 0.00 0.00 0.00 0.00
0.00 0.00 0.00 0.01 0.00 0.01 0.00 0.00 0.00 0.00 0.00 0.00 0.00 0.00 0.00 0.00 0.00 0.00 0.00 0.00 0.00 0.00 0.00 0.00 0.00 0.00 0.00 0.00 0.00 0.00 0.00 0.00 0.00 0.00 0.00 0.00 0.00 0.00 0.00 0.00 0.00 0.00 0.00 0.00 0.00 0.00 0.00 0.00 0.00 0.00 0.00 0.01 0.00 0.00 0.00 0.00 0.00 0.00 0.00 0.01 0.00 0.00 0.00 0.01 0.01 0.00 0.00 0.01 0.01 0.01 0.01 0.01 0.01 0.01 0.00 0.00 0.00 0.00 0.00 0.00 0.00 0.00 0.00 0.00
0.00 0.00 0.00 0.00 0.00 0.00 0.00 0.00 0.00 0.00 0.00 0.00 0.00 0.00 0.00 0.00 0.00 0.00 0.00 0.00 0.00 0.00 0.00 0.00 0.00 0.00 0.00 0.00 0.00 0.00 0.00 0.00 0.00 0.00 0.00 0.00 0.00 0.00 0.00 0.00 0.00 0.00 0.00 0.00 0.00 0.00 0.00 0.00 0.00 0.00 0.00 0.00 0.00 0.00 0.00 0.00 0.00 0.00 0.00 0.00 0.00 0.00 0.00 0.00 0.00 0.00 0.00 0.01 0.00 0.00 0.00 0.00 0.00 0.00 0.00 0.00 0.00 0.00 0.00 0.00 0.00 0.00 0.00 0.00
0.00 0.00 0.00 0.00 0.00 0.00 0.00 0.00 0.00 0.00 0.00 0.00 0.00 0.00 0.00 0.00 0.00 0.00 0.00 0.00 0.00 0.00 0.00 0.00 0.00 0.00 0.00 0.00 0.00 0.00 0.00 0.00 0.00 0.00 0.00 0.00 0.00 0.00 0.00 0.00 0.00 0.00 0.00 0.00 0.00 0.00 0.00 0.00 0.00 0.00 0.00 0.00 0.00 0.00 0.00 0.00 0.00 0.00 0.00 0.00 0.00 0.00 0.00 0.00 0.00 0.00 0.00 0.01 0.00 0.00 0.00 0.00 0.00 0.00 0.00 0.00 0.00 0.01 0.01 0.01 0.01 0.01 0.00 0.00
0.00 0.00 0.00 0.00 0.00 0.00 0.00 0.00 0.00 0.00 0.00 0.00 0.00 0.00 0.00 0.00 0.00 0.00 0.00 0.00 0.00 0.00 0.00 0.00 0.00 0.00 0.00 0.00 0.00 0.00 0.00 0.00 0.00 0.00 0.00 0.00 0.00 0.00 0.00 0.00 0.00 0.00 0.00 0.00 0.00 0.00 0.00 0.00 0.00 0.00 0.00 0.00 0.00 0.00 0.00 0.00 0.00 0.00 0.00 0.00 0.00 0.00 0.00 0.00 0.00 0.00 0.00 0.00 0.00 0.00 0.00 0.00 0.00 0.00 0.00 0.00 0.00 0.00 0.00 0.00 0.00 0.00 0.00 0.00
0.00 0.00 0.00 0.00 0.00 0.00 0.00 0.00 0.00 0.00 0.00 0.00 0.00 0.00 0.00 0.00 0.00 0.00 0.00 0.00 0.00 0.00 0.00 0.00 0.00 0.00 0.00 0.00 0.00 0.00 0.00 0.00 0.00 0.00 0.00 0.00 0.00 0.00 0.00 0.00 0.00 0.00 0.00 0.00 0.00 0.00 0.00 0.00 0.00 0.00 0.00 0.00 0.00 0.00 0.00 0.00 0.00 0.00 0.00 0.00 0.00 0.00 0.00 0.00 0.00 0.00 0.00 0.00 0.00 0.00 0.00 0.00 0.00 0.00 0.00 0.00 0.00 0.00 0.00 0.00 0.00 0.00 0.00 0.00
0.00 0.00 0.00 0.00 0.00 0.00 0.00 0.00 0.00 0.00 0.00 0.00 0.00 0.00 0.00 0.00 0.00 0.00 0.00 0.00 0.00 0.00 0.00 0.00 0.00 0.00 0.00 0.00 0.00 0.00 0.00 0.00 0.00 0.00 0.00 0.00 0.00 0.00 0.00 0.00 0.00 0.00 0.00 0.00 0.00 0.00 0.00 0.00 0.00 0.00 0.00 0.00 0.00 0.00 0.00 0.00 0.00 0.00 0.00 0.00 0.00 0.00 0.00 0.00 0.00 0.00 0.00 0.00 0.00 0.00 0.00 0.00 0.00 0.00 0.00 0.00 0.00 0.00 0.00 0.00 0.00 0.00 0.00 0.00
0.00 0.00 0.00 0.00 0.00 0.00 0.00 0.00 0.00 0.00 0.00 0.00 0.00 0.00 0.00 0.00 0.00 0.00 0.00 0.00 0.00 0.00 0.00 0.00 0.00 0.00 0.00 0.00 0.00 0.00 0.00 0.00 0.00 0.00 0.00 0.00 0.00 0.00 0.00 0.00 0.00 0.00 0.00 0.00 0.00 0.00 0.00 0.00 0.00 0.00 0.00 0.00 0.00 0.00 0.00 0.00 0.00 0.00 0.00 0.00 0.00 0.00 0.00 0.00 0.00 0.00 0.00 0.00 0.00 0.00 0.00 0.00 0.00 0.00 0.00 0.00 0.00 0.00 0.00 0.00 0.00 0.00 0.00 0.00
0.00 0.00 0.00 0.00 0.00 0.00 0.00 0.00 0.00 0.00 0.00 0.00 0.00 0.00 0.00 0.00 0.00 0.00 0.00 0.00 0.00 0.00 0.00 0.00 0.00 0.00 0.00 0.00 0.00 0.00 0.00 0.00 0.00 0.00 0.00 0.00 0.00 0.00 0.00 0.00 0.00 0.00 0.00 0.00 0.00 0.00 0.00 0.00 0.00 0.00 0.00 0.00 0.00 0.00 0.00 0.00 0.00 0.00 0.00 0.00 0.00 0.00 0.00 0.00 0.00 0.00 0.00 0.00 0.00 0.00 0.00 0.00 0.00 0.00 0.00 0.00 0.00 0.00 0.00 0.00 0.00 0.00 0.00 0.00
0.00 0.00 0.00 0.00 0.00 0.00 0.00 0.00 0.00 0.00 0.00 0.00 0.00 0.00 0.00 0.00 0.00 0.00 0.00 0.00 0.00 0.00 0.00 0.00 0.00 0.00 0.00 0.00 0.00 0.00 0.00 0.00 0.00 0.00 0.00 0.00 0.00 0.00 0.00 0.00 0.00 0.00 0.00 0.00 0.00 0.00 0.00 0.00 0.00 0.00 0.00 0.00 0.00 0.00 0.00 0.00 0.00 0.00 0.00 0.00 0.00 0.00 0.00 0.00 0.00 0.00 0.00 0.00 0.00 0.00 0.00 0.00 0.00 0.00 0.00 0.00 0.00 0.00 0.00 0.00 0.00 0.00 0.00 0.00
0.00 0.00 0.00 0.00 0.00 0.00 0.00 0.00 0.00 0.00 0.00 0.00 0.00 0.00 0.00 0.00 0.00 0.00 0.00 0.00 0.00 0.00 0.00 0.00 0.00 0.00 0.00 0.00 0.00 0.00 0.00 0.00 0.00 0.00 0.00 0.00 0.00 0.00 0.00 0.00 0.00 0.00 0.00 0.00 0.00 0.00 0.00 0.00 0.00 0.00 0.00 0.00 0.00 0.00 0.00 0.00 0.00 0.00 0.00 0.00 0.00 0.00 0.00 0.00 0.00 0.00 0.00 0.00 0.00 0.00 0.00 0.00 0.00 0.00 0.00 0.00 0.00 0.00 0.00 0.00 0.00 0.00 0.00 0.00
0.00 0.00 0.00 0.00 0.00 0.00 0.00 0.00 0.00 0.00 0.00 0.00 0.00 0.00 0.00 0.00 0.00 0.00 0.00 0.00 0.00 0.00 0.00 0.00 0.00 0.00 0.00 0.00 0.00 0.00 0.00 0.00 0.00 0.00 0.00 0.00 0.00 0.00 0.00 0.00 0.00 0.00 0.00 0.00 0.00 0.00 0.00 0.00 0.00 0.00 0.00 0.00 0.00 0.00 0.00 0.00 0.00 0.00 0.00 0.00 0.00 0.00 0.00 0.00 0.00 0.00 0.00 0.00 0.00 0.00 0.00 0.00 0.00 0.00 0.00 0.00 0.00 0.00 0.00 0.00 0.00 0.00 0.00 0.00
0.00 0.00 0.00 0.00 0.00 0.00 0.00 0.00 0.00 0.00 0.00 0.00 0.00 0.00 0.00 0.00 0.00 0.00 0.00 0.00 0.00 0.00 0.00 0.00 0.00 0.00 0.00 0.00 0.00 0.00 0.00 0.00 0.00 0.00 0.00 0.00 0.00 0.00 0.00 0.00 0.00 0.00 0.00 0.00 0.00 0.00 0.00 0.00 0.00 0.00 0.00 0.00 0.00 0.00 0.00 0.00 0.00 0.00 0.00 0.00 0.00 0.00 0.00 0.00 0.00 0.00 0.00 0.00 0.00 0.00 0.00 0.00 0.00 0.00 0.00 0.00 0.00 0.00 0.00 0.00 0.00 0.00 0.00 0.00
0.00 0.00 0.00 0.00 0.00 0.00 0.00 0.00 0.00 0.00 0.00 0.00 0.00 0.00 0.00 0.00 0.00 0.00 0.00 0.00 0.00 0.00 0.00 0.00 0.00 0.00 0.00 0.00 0.00 0.00 0.00 0.00 0.00 0.00 0.00 0.00 0.00 0.00 0.00 0.00 0.00 0.00 0.00 0.00 0.00 0.00 0.00 0.00 0.00 0.00 0.00 0.00 0.00 0.00 0.00 0.00 0.00 0.00 0.00 0.00 0.00 0.00 0.00 0.00 0.00 0.00 0.00 0.00 0.00 0.00 0.00 0.00 0.00 0.00 0.00 0.00 0.00 0.00 0.00 0.00 0.00 0.00 0.00 0.00
0.00 0.00 0.00 0.00 0.00 0.00 0.00 0.00 0.00 0.00 0.00 0.00 0.00 0.00 0.00 0.00 0.00 0.00 0.00 0.00 0.00 0.00 0.00 0.00 0.00 0.00 0.00 0.00 0.00 0.00 0.00 0.00 0.00 0.00 0.00 0.00 0.00 0.00 0.00 0.00 0.00 0.00 0.00 0.00 0.00 0.00 0.00 0.00 0.00 0.00 0.00 0.00 0.00 0.00 0.00 0.00 0.00 0.00 0.00 0.00 0.00 0.00 0.00 0.00 0.00 0.00 0.00 0.00 0.00 0.00 0.00 0.00 0.00 0.00 0.00 0.00 0.00 0.00 0.00 0.00 0.00 0.00 0.00 0.00
0.00 0.00 0.00 0.00 0.00 0.00 0.00 0.00 0.00 0.00 0.00 0.00 0.00 0.00 0.00 0.00 0.00 0.00 0.00 0.00 0.00 0.00 0.00 0.00 0.00 0.00 0.00 0.00 0.00 0.00 0.00 0.00 0.00 0.00 0.00 0.00 0.00 0.00 0.00 0.00 0.00 0.00 0.00 0.00 0.00 0.00 0.00 0.00 0.00 0.00 0.00 0.00 0.00 0.00 0.00 0.00 0.00 0.00 0.00 0.00 0.00 0.00 0.00 0.00 0.00 0.00 0.00 0.00 0.00 0.00 0.00 0.00 0.00 0.00 0.00 0.00 0.00 0.00 0.00 0.00 0.00 0.00 0.00 0.00
0.00 0.00 0.00 0.00 0.00 0.00 0.00 0.00 0.00 0.00 0.00 0.00 0.00 0.00 0.00 0.00 0.00 0.00 0.00 0.00 0.00 0.00 0.00 0.00 0.00 0.00 0.00 0.00 0.00 0.00 0.00 0.00 0.00 0.00 0.00 0.00 0.00 0.00 0.00 0.00 0.00 0.00 0.00 0.00 0.00 0.00 0.00 0.00 0.00 0.00 0.00 0.00 0.00 0.00 0.00 0.00 0.00 0.00 0.00 0.00 0.00 0.00 0.00 0.00 0.00 0.00 0.00 0.00 0.00 0.00 0.00 0.00 0.00 0.00 0.00 0.00 0.00 0.00 0.00 0.00 0.00 0.00 0.00 0.00
0.00 0.00 0.00 0.00 0.00 0.00 0.00 0.00 0.00 0.00 0.00 0.00 0.00 0.00 0.00 0.00 0.00 0.00 0.00 0.00 0.00 0.00 0.00 0.00 0.00 0.00 0.00 0.00 0.00 0.00 0.00 0.00 0.00 0.00 0.00 0.00 0.00 0.00 0.00 0.00 0.00 0.00 0.00 0.00 0.00 0.00 0.00 0.00 0.00 0.00 0.00 0.00 0.00 0.00 0.00 0.00 0.00 0.00 0.00 0.00 0.00 0.00 0.00 0.00 0.00 0.00 0.00 0.00 0.00 0.00 0.00 0.00 0.00 0.00 0.00 0.00 0.00 0.00 0.00 0.00 0.00 0.00 0.00 0.00
