QPF/QPF_202208082200-30.txt
ncols 525
nrows 625
xllcorner -31082
yllcorner 11395
cellsize 1000.0
NODATA_value -9999.0
[rows 228 to 265 of 625, columns 336 to 419 of 525]
1.33 1.28 1.24 1.20 1.09 1.05 1.07 1.06 1.07 1.10 1.09 0.98 0.94 0.70 0.65 0.63 0.62 0.51 0.42 0.30 0.22 0.18 0.18 0.15 0.13 0.15 0.16 0.16 0.15 0.16 0.18 0.19 0.22 0.28 0.32 0.37 0.39 0.43 0.45 0.50 0.47 0.52 0.53 0.54 0.54 0.59 0.57 0.61 0.67 0.68 0.68 0.66 0.65 0.77 0.72 0.84 0.96 0.94 0.91 0.98 0.98 1.01 1.09 1.01 1.04 1.04 0.97 0.92 0.87 0.74 0.72 0.67 0.58 0.69 0.66 0.70 0.69 0.81 1.00 1.02 0.96 0.92 0.84 0.75
1.33 1.28 1.25 1.23 1.15 1.06 0.99 1.06 1.01 1.07 1.02 0.93 0.87 0.65 0.59 0.62 0.55 0.45 0.40 0.27 0.20 0.16 0.15 0.13 0.12 0.13 0.16 0.14 0.15 0.15 0.18 0.19 0.23 0.28 0.32 0.40 0.44 0.46 0.49 0.51 0.54 0.58 0.53 0.58 0.58 0.55 0.58 0.60 0.59 0.67 0.71 0.69 0.69 0.80 0.88 1.00 1.08 1.01 0.91 0.92 0.90 0.95 0.92 1.02 0.96 0.97 0.93 0.89 0.84 0.75 0.72 0.62 0.66 0.63 0.71 0.63 0.54 0.83 0.85 0.85 0.85 0.80 0.73 0.74
1.36 1.28 1.26 1.19 1.17 0.99 0.95 0.95 0.99 0.95 0.99 0.90 0.82 0.64 0.61 0.55 0.55 0.42 0.35 0.23 0.19 0.16 0.15 0.13 0.13 0.14 0.15 0.15 0.15 0.15 0.19 0.24 0.27 0.32 0.36 0.42 0.44 0.48 0.48 0.54 0.56 0.59 0.53 0.60 0.54 0.59 0.61 0.61 0.61 0.66 0.66 0.61 0.68 0.85 0.86 0.81 0.92 0.76 0.85 0.90 0.94 0.98 0.92 0.87 0.89 0.85 0.88 0.89 0.84 0.72 0.67 0.67 0.60 0.56 0.57 0.61 0.72 0.73 0.73 0.71 0.70 0.76 0.68 0.72
1.39 1.35 1.33 1.28 1.19 0.99 0.93 0.94 0.90 0.99 0.93 0.87 0.80 0.58 0.57 0.48 0.43 0.33 0.28 0.19 0.15 0.12 0.12 0.12 0.12 0.13 0.14 0.14 0.15 0.15 0.19 0.21 0.25 0.30 0.36 0.42 0.47 0.48 0.47 0.51 0.55 0.60 0.61 0.58 0.58 0.59 0.58 0.55 0.60 0.65 0.59 0.58 0.74 0.80 0.68 0.71 0.62 0.68 0.83 0.88 0.88 1.01 1.06 0.91 0.81 0.88 0.82 0.83 0.79 0.69 0.66 0.57 0.53 0.45 0.43 0.28 0.50 0.63 0.61 0.45 0.55 0.58 0.61 0.70
1.39 1.26 1.21 1.16 1.10 0.93 0.91 0.85 0.87 0.87 0.87 0.72 0.71 0.47 0.45 0.40 0.37 0.31 0.27 0.16 0.14 0.10 0.11 0.12 0.11 0.10 0.12 0.12 0.12 0.16 0.19 0.23 0.26 0.32 0.34 0.41 0.45 0.48 0.47 0.52 0.61 0.58 0.62 0.56 0.59 0.61 0.62 0.66 0.64 0.53 0.34 0.38 0.49 0.74 0.76 0.78 0.74 0.73 0.82 0.80 0.82 1.02 1.17 1.07 0.98 0.86 0.84 0.76 0.75 0.66 0.60 0.52 0.41 0.44 0.50 0.53 0.59 0.57 0.55 0.51 0.48 0.43 0.43 0.57
1.36 1.25 1.14 1.09 0.99 0.86 0.79 0.78 0.78 0.81 0.76 0.60 0.64 0.42 0.42 0.37 0.34 0.23 0.18 0.13 0.12 0.09 0.10 0.11 0.12 0.11 0.13 0.12 0.13 0.14 0.15 0.19 0.24 0.26 0.31 0.42 0.45 0.51 0.53 0.58 0.57 0.59 0.59 0.60 0.55 0.56 0.54 0.60 0.49 0.37 0.22 0.30 0.59 0.69 0.71 0.69 0.67 0.64 0.66 0.74 0.54 1.00 1.13 1.00 0.96 0.86 0.80 0.78 0.68 0.67 0.58 0.46 0.36 0.48 0.47 0.50 0.53 0.51 0.43 0.34 0.21 0.19 0.20 0.37
1.25 1.15 1.07 1.00 0.94 0.76 0.72 0.69 0.68 0.71 0.65 0.53 0.45 0.26 0.29 0.27 0.22 0.16 0.15 0.10 0.07 0.07 0.09 0.09 0.08 0.07 0.11 0.09 0.10 0.14 0.16 0.23 0.24 0.27 0.32 0.38 0.46 0.51 0.57 0.56 0.53 0.59 0.55 0.57 0.55 0.52 0.58 0.59 0.73 0.84 0.61 0.53 0.52 0.71 0.70 0.70 0.59 0.51 0.59 0.72 0.87 0.96 1.21 0.95 0.93 0.85 0.79 0.79 0.69 0.59 0.52 0.39 0.33 0.32 0.44 0.39 0.38 0.42 0.39 0.31 0.15 0.11 0.19 0.21
1.18 1.00 0.95 0.91 0.82 0.65 0.65 0.59 0.61 0.61 0.59 0.38 0.29 0.16 0.19 0.18 0.17 0.11 0.11 0.07 0.05 0.06 0.07 0.09 0.10 0.09 0.10 0.12 0.11 0.12 0.13 0.22 0.25 0.31 0.35 0.39 0.48 0.53 0.55 0.54 0.58 0.58 0.58 0.54 0.56 0.60 0.58 0.63 0.46 0.69 0.56 0.61 0.63 0.71 0.69 0.68 0.61 0.62 0.68 0.72 0.73 0.90 1.06 0.99 0.84 0.78 0.75 0.71 0.67 0.56 0.43 0.29 0.29 0.38 0.36 0.38 0.44 0.48 0.47 0.45 0.28 0.27 0.29 0.32
1.02 0.90 0.85 0.80 0.74 0.59 0.57 0.51 0.52 0.53 0.47 0.31 0.27 0.12 0.13 0.13 0.12 0.07 0.04 0.03 0.03 0.04 0.05 0.06 0.06 0.08 0.07 0.09 0.09 0.12 0.12 0.21 0.26 0.33 0.39 0.45 0.49 0.53 0.51 0.56 0.55 0.57 0.59 0.56 0.54 0.56 0.58 0.43 0.55 0.59 0.60 0.69 0.73 0.71 0.73 0.73 0.67 0.53 0.60 0.60 0.59 0.67 0.72 0.84 0.79 0.75 0.71 0.69 0.63 0.55 0.46 0.36 0.43 0.43 0.32 0.26 0.41 0.43 0.46 0.52 0.47 0.42 0.44 0.41
0.87 0.77 0.70 0.66 0.63 0.50 0.47 0.41 0.38 0.40 0.35 0.23 0.14 0.04 0.05 0.06 0.06 0.05 0.02 0.02 0.01 0.03 0.05 0.06 0.06 0.09 0.10 0.10 0.10 0.10 0.15 0.20 0.26 0.33 0.38 0.45 0.48 0.54 0.57 0.61 0.61 0.61 0.63 0.59 0.56 0.52 0.62 0.68 0.74 0.70 0.68 0.70 0.60 0.76 0.72 0.69 0.56 0.57 0.62 0.69 0.57 0.38 0.46 0.55 0.71 0.72 0.67 0.58 0.55 0.43 0.31 0.23 0.35 0.36 0.12 0.15 0.14 0.25 0.46 0.51 0.53 0.58 0.47 0.38
0.73 0.60 0.58 0.52 0.49 0.33 0.34 0.27 0.23 0.25 0.21 0.11 0.08 0.00 0.02 0.03 0.03 0.02 0.01 0.00 0.01 0.01 0.02 0.04 0.04 0.04 0.07 0.07 0.11 0.10 0.15 0.18 0.26 0.30 0.41 0.48 0.50 0.57 0.59 0.60 0.59 0.61 0.61 0.59 0.56 0.59 0.60 0.66 0.75 0.67 0.65 0.61 0.46 0.57 0.61 0.60 0.50 0.39 0.58 0.59 0.56 0.52 0.34 0.35 0.53 0.66 0.62 0.60 0.52 0.40 0.22 0.11 0.21 0.17 0.17 0.11 0.09 0.19 0.25 0.34 0.46 0.49 0.42 0.31
0.54 0.48 0.44 0.34 0.25 0.15 0.16 0.14 0.10 0.11 0.09 0.05 0.03 0.00 0.00 0.00 0.01 0.00 0.01 0.00 0.00 0.00 0.01 0.02 0.04 0.05 0.08 0.08 0.08 0.10 0.14 0.19 0.18 0.18 0.22 0.41 0.45 0.53 0.56 0.57 0.56 0.58 0.55 0.54 0.51 0.58 0.50 0.58 0.66 0.66 0.63 0.42 0.37 0.47 0.56 0.48 0.54 0.49 0.59 0.62 0.56 0.51 0.38 0.49 0.53 0.55 0.58 0.54 0.55 0.43 0.32 0.15 0.13 0.07 0.23 0.23 0.06 0.11 0.15 0.16 0.41 0.45 0.44 0.27
0.44 0.36 0.28 0.18 0.12 0.02 0.02 0.01 0.01 0.02 0.01 0.00 0.01 0.00 0.00 0.00 0.00 0.00 0.00 0.00 0.00 0.00 0.00 0.01 0.01 0.03 0.05 0.08 0.09 0.12 0.12 0.13 0.14 0.18 0.19 0.32 0.44 0.49 0.55 0.57 0.56 0.58 0.58 0.59 0.54 0.51 0.52 0.60 0.65 0.66 0.64 0.59 0.55 0.56 0.55 0.58 0.58 0.53 0.57 0.58 0.53 0.50 0.39 0.34 0.47 0.51 0.57 0.57 0.55 0.37 0.26 0.10 0.08 0.11 0.19 0.22 0.20 0.21 0.19 0.26 0.36 0.36 0.30 0.14
0.20 0.15 0.12 0.06 0.02 0.00 0.00 0.00 0.00 0.00 0.00 0.00 0.00 0.00 0.00 0.00 0.00 0.00 0.00 0.00 0.00 0.00 0.00 0.00 0.00 0.01 0.04 0.04 0.08 0.10 0.13 0.13 0.14 0.10 0.19 0.31 0.40 0.48 0.51 0.52 0.50 0.53 0.52 0.50 0.41 0.36 0.35 0.49 0.54 0.55 0.62 0.60 0.57 0.60 0.59 0.63 0.62 0.60 0.60 0.59 0.54 0.42 0.33 0.53 0.62 0.57 0.59 0.63 0.58 0.45 0.22 0.05 0.05 0.07 0.09 0.19 0.13 0.27 0.28 0.25 0.33 0.30 0.19 0.09
0.08 0.06 0.03 0.00 0.01 0.00 0.00 0.00 0.00 0.00 0.00 0.00 0.00 0.00 0.00 0.00 0.00 0.00 0.00 0.00 0.00 0.00 0.00 0.00 0.00 0.02 0.02 0.04 0.07 0.09 0.12 0.16 0.15 0.20 0.25 0.37 0.38 0.49 0.46 0.49 0.49 0.50 0.46 0.47 0.37 0.29 0.31 0.44 0.53 0.54 0.61 0.60 0.59 0.62 0.63 0.70 0.65 0.60 0.55 0.54 0.55 0.52 0.54 0.58 0.66 0.63 0.57 0.58 0.59 0.42 0.37 0.11 0.07 0.06 0.04 0.08 0.14 0.25 0.39 0.37 0.39 0.39 0.29 0.15
0.02 0.00 0.00 0.00 0.00 0.00 0.00 0.00 0.00 0.00 0.00 0.00 0.00 0.00 0.00 0.00 0.00 0.00 0.00 0.00 0.00 0.00 0.00 0.01 0.00 0.00 0.03 0.05 0.09 0.13 0.16 0.20 0.23 0.27 0.30 0.41 0.36 0.42 0.41 0.37 0.42 0.49 0.49 0.51 0.48 0.45 0.35 0.42 0.46 0.48 0.55 0.54 0.55 0.60 0.60 0.58 0.57 0.51 0.52 0.50 0.47 0.55 0.61 0.62 0.59 0.58 0.55 0.56 0.52 0.44 0.35 0.22 0.12 0.07 0.03 0.03 0.06 0.31 0.30 0.36 0.43 0.41 0.38 0.28
0.00 0.00 0.00 0.00 0.00 0.00 0.00 0.00 0.00 0.00 0.00 0.00 0.00 0.00 0.00 0.00 0.00 0.00 0.00 0.00 0.00 0.00 0.00 0.00 0.00 0.03 0.04 0.06 0.06 0.14 0.19 0.24 0.28 0.31 0.33 0.37 0.35 0.36 0.34 0.33 0.42 0.45 0.46 0.48 0.49 0.43 0.42 0.37 0.46 0.49 0.53 0.53 0.52 0.59 0.54 0.59 0.57 0.54 0.54 0.52 0.50 0.51 0.57 0.50 0.54 0.56 0.56 0.55 0.52 0.39 0.35 0.31 0.29 0.14 0.06 0.06 0.02 0.15 0.24 0.30 0.31 0.40 0.45 0.41
0.00 0.00 0.00 0.00 0.00 0.00 0.00 0.00 0.00 0.00 0.00 0.00 0.00 0.00 0.00 0.00 0.00 0.00 0.00 0.00 0.00 0.00 0.00 0.00 0.00 0.03 0.05 0.06 0.08 0.13 0.16 0.21 0.23 0.27 0.30 0.34 0.31 0.30 0.20 0.29 0.40 0.43 0.43 0.45 0.44 0.43 0.38 0.39 0.43 0.47 0.49 0.49 0.51 0.54 0.57 0.57 0.55 0.50 0.49 0.46 0.39 0.40 0.31 0.35 0.45 0.51 0.53 0.49 0.37 0.32 0.26 0.33 0.32 0.30 0.15 0.10 0.07 0.07 0.14 0.20 0.24 0.32 0.35 0.46
0.00 0.00 0.00 0.00 0.00 0.00 0.00 0.00 0.00 0.00 0.00 0.00 0.00 0.00 0.00 0.00 0.00 0.00 0.00 0.00 0.00 0.00 0.00 0.00 0.01 0.02 0.04 0.04 0.07 0.12 0.13 0.19 0.24 0.27 0.26 0.26 0.27 0.23 0.18 0.31 0.35 0.44 0.42 0.40 0.37 0.35 0.36 0.34 0.39 0.43 0.45 0.50 0.50 0.54 0.53 0.54 0.54 0.50 0.50 0.48 0.45 0.45 0.39 0.38 0.46 0.46 0.44 0.50 0.47 0.24 0.24 0.36 0.35 0.31 0.22 0.18 0.13 0.18 0.14 0.12 0.19 0.26 0.33 0.42
0.00 0.00 0.00 0.00 0.00 0.00 0.00 0.00 0.00 0.00 0.00 0.00 0.00 0.00 0.00 0.00 0.00 0.00 0.00 0.00 0.00 0.00 0.00 0.01 0.01 0.02 0.05 0.05 0.08 0.10 0.15 0.17 0.19 0.18 0.21 0.19 0.21 0.27 0.27 0.31 0.38 0.41 0.39 0.36 0.37 0.35 0.32 0.28 0.31 0.36 0.42 0.47 0.49 0.50 0.52 0.54 0.53 0.49 0.46 0.43 0.40 0.45 0.30 0.23 0.31 0.37 0.49 0.52 0.51 0.43 0.37 0.38 0.36 0.27 0.19 0.20 0.20 0.23 0.14 0.13 0.15 0.25 0.22 0.32
0.00 0.00 0.00 0.00 0.00 0.00 0.00 0.00 0.00 0.00 0.00 0.00 0.00 0.00 0.00 0.00 0.00 0.00 0.00 0.00 0.00 0.00 0.00 0.00 0.02 0.03 0.04 0.07 0.09 0.12 0.15 0.16 0.19 0.21 0.17 0.14 0.19 0.27 0.27 0.30 0.30 0.33 0.33 0.30 0.30 0.30 0.26 0.24 0.28 0.34 0.39 0.46 0.46 0.47 0.46 0.52 0.52 0.45 0.43 0.39 0.40 0.32 0.27 0.32 0.30 0.34 0.45 0.51 0.50 0.45 0.47 0.43 0.39 0.24 0.20 0.21 0.16 0.07 0.03 0.03 0.17 0.24 0.38 0.47
0.00 0.00 0.00 0.00 0.00 0.00 0.00 0.00 0.00 0.00 0.00 0.00 0.00 0.00 0.00 0.00 0.00 0.00 0.00 0.00 0.00 0.00 0.00 0.01 0.03 0.07 0.07 0.11 0.12 0.14 0.15 0.20 0.23 0.23 0.20 0.22 0.25 0.24 0.21 0.22 0.18 0.22 0.23 0.23 0.23 0.25 0.23 0.20 0.23 0.22 0.29 0.34 0.38 0.42 0.45 0.50 0.51 0.45 0.43 0.43 0.38 0.41 0.42 0.29 0.30 0.28 0.38 0.47 0.45 0.45 0.47 0.49 0.48 0.40 0.28 0.17 0.06 0.01 0.00 0.00 0.13 0.18 0.15 0.47
0.00 0.00 0.00 0.00 0.00 0.00 0.00 0.00 0.00 0.00 0.00 0.00 0.00 0.00 0.00 0.00 0.00 0.00 0.00 0.00 0.00 0.00 0.00 0.01 0.04 0.07 0.10 0.12 0.15 0.15 0.17 0.22 0.24 0.24 0.24 0.24 0.19 0.17 0.18 0.14 0.12 0.12 0.13 0.17 0.18 0.19 0.17 0.14 0.17 0.22 0.29 0.32 0.36 0.39 0.40 0.45 0.45 0.43 0.39 0.37 0.35 0.43 0.43 0.36 0.25 0.24 0.21 0.30 0.32 0.33 0.39 0.48 0.48 0.43 0.32 0.24 0.06 0.00 0.00 0.02 0.09 0.17 0.28 0.38
0.00 0.00 0.00 0.00 0.00 0.00 0.00 0.00 0.00 0.00 0.00 0.00 0.00 0.00 0.00 0.00 0.00 0.00 0.00 0.00 0.00 0.00 0.03 0.06 0.08 0.09 0.12 0.13 0.15 0.17 0.20 0.25 0.24 0.27 0.27 0.27 0.20 0.19 0.12 0.10 0.08 0.09 0.07 0.09 0.12 0.09 0.10 0.11 0.12 0.18 0.21 0.21 0.29 0.28 0.35 0.43 0.42 0.40 0.37 0.34 0.34 0.41 0.38 0.38 0.26 0.20 0.16 0.14 0.18 0.24 0.36 0.48 0.51 0.45 0.43 0.37 0.14 0.01 0.02 0.05 0.09 0.16 0.19 0.34
0.00 0.00 0.00 0.00 0.00 0.00 0.00 0.00 0.00 0.00 0.00 0.00 0.00 0.00 0.00 0.00 0.00 0.00 0.00 0.00 0.00 0.02 0.04 0.06 0.08 0.10 0.13 0.13 0.15 0.17 0.21 0.21 0.21 0.25 0.24 0.23 0.19 0.16 0.12 0.07 0.07 0.07 0.08 0.07 0.07 0.07 0.07 0.07 0.11 0.12 0.16 0.18 0.23 0.25 0.27 0.38 0.34 0.34 0.31 0.27 0.30 0.34 0.34 0.29 0.28 0.16 0.16 0.18 0.18 0.22 0.31 0.39 0.45 0.44 0.43 0.35 0.32 0.20 0.18 0.08 0.10 0.16 0.19 0.38
0.00 0.00 0.00 0.00 0.00 0.00 0.00 0.00 0.00 0.00 0.00 0.00 0.00 0.00 0.00 0.00 0.00 0.00 0.00 0.00 0.01 0.01 0.05 0.06 0.08 0.10 0.12 0.15 0.16 0.17 0.20 0.21 0.23 0.22 0.22 0.22 0.19 0.17 0.13 0.08 0.07 0.05 0.03 0.04 0.04 0.02 0.02 0.03 0.05 0.08 0.10 0.12 0.13 0.17 0.18 0.30 0.29 0.28 0.23 0.23 0.21 0.21 0.28 0.24 0.22 0.16 0.13 0.17 0.16 0.23 0.25 0.34 0.41 0.38 0.39 0.31 0.26 0.30 0.23 0.16 0.12 0.14 0.24 0.36
0.00 0.00 0.00 0.00 0.00 0.00 0.00 0.00 0.00 0.00 0.00 0.00 0.00 0.00 0.00 0.00 0.00 0.00 0.00 0.00 0.00 0.02 0.05 0.07 0.08 0.11 0.13 0.13 0.14 0.13 0.18 0.20 0.15 0.12 0.15 0.12 0.16 0.13 0.08 0.05 0.07 0.04 0.04 0.02 0.01 0.02 0.02 0.00 0.01 0.04 0.07 0.06 0.12 0.13 0.14 0.25 0.22 0.22 0.21 0.17 0.14 0.21 0.24 0.23 0.16 0.14 0.13 0.08 0.15 0.20 0.22 0.30 0.30 0.27 0.29 0.17 0.14 0.20 0.20 0.20 0.13 0.12 0.24 0.33
0.00 0.00 0.00 0.00 0.00 0.00 0.00 0.00 0.00 0.00 0.00 0.00 0.00 0.00 0.00 0.00 0.00 0.00 0.00 0.00 0.01 0.03 0.04 0.06 0.08 0.08 0.10 0.11 0.13 0.16 0.16 0.15 0.09 0.06 0.07 0.04 0.08 0.08 0.08 0.05 0.04 0.01 0.01 0.00 0.00 0.00 0.00 0.00 0.00 0.00 0.02 0.01 0.04 0.08 0.10 0.19 0.17 0.23 0.15 0.17 0.14 0.19 0.18 0.19 0.16 0.08 0.00 0.02 0.09 0.18 0.16 0.17 0.13 0.11 0.14 0.08 0.05 0.05 0.12 0.14 0.09 0.08 0.14 0.19
0.00 0.00 0.00 0.00 0.00 0.00 0.00 0.00 0.00 0.00 0.00 0.00 0.00 0.00 0.00 0.00 0.00 0.00 0.00 0.00 0.01 0.02 0.05 0.07 0.10 0.11 0.10 0.09 0.10 0.10 0.10 0.12 0.10 0.06 0.02 0.02 0.01 0.03 0.02 0.02 0.02 0.00 0.00 0.00 0.00 0.00 0.00 0.00 0.00 0.00 0.00 0.00 0.01 0.07 0.05 0.09 0.11 0.15 0.07 0.08 0.11 0.15 0.19 0.15 0.14 0.09 0.00 0.00 0.06 0.15 0.15 0.17 0.14 0.09 0.06 0.08 0.04 0.03 0.02 0.09 0.10 0.08 0.11 0.24
0.00 0.00 0.00 0.00 0.00 0.00 0.00 0.00 0.00 0.00 0.00 0.00 0.00 0.00 0.00 0.00 0.00 0.00 0.00 0.00 0.01 0.01 0.06 0.07 0.08 0.08 0.09 0.05 0.04 0.06 0.09 0.12 0.07 0.08 0.04 0.03 0.01 0.00 0.01 0.01 0.00 0.00 0.00 0.00 0.00 0.00 0.00 0.00 0.00 0.00 0.00 0.00 0.00 0.04 0.05 0.08 0.08 0.10 0.07 0.05 0.03 0.13 0.16 0.16 0.15 0.17 0.00 0.01 0.03 0.10 0.14 0.11 0.06 0.08 0.05 0.08 0.00 0.02 0.04 0.11 0.12 0.14 0.13 0.26
0.00 0.00 0.00 0.00 0.00 0.00 0.00 0.00 0.00 0.00 0.00 0.00 0.00 0.00 0.00 0.00 0.00 0.00 0.00 0.00 0.03 0.02 0.04 0.05 0.08 0.10 0.06 0.04 0.03 0.01 0.05 0.09 0.08 0.04 0.03 0.02 0.03 0.01 0.00 0.00 0.00 0.00 0.00 0.00 0.00 0.00 0.00 0.00 0.00 0.00 0.00 0.00 0.00 0.03 0.04 0.05 0.04 0.05 0.06 0.06 0.05 0.13 0.14 0.18 0.14 0.06 0.01 0.03 0.04 0.06 0.10 0.11 0.07 0.05 0.00 0.04 0.04 0.04 0.02 0.04 0.03 0.05 0.13 0.20
0.00 0.00 0.00 0.00 0.00 0.00 0.00 0.00 0.00 0.00 0.00 0.00 0.00 0.00 0.00 0.00 0.00 0.00 0.00 0.00 0.03 0.03 0.03 0.05 0.06 0.05 0.04 0.09 0.00 0.03 0.06 0.10 0.08 0.05 0.02 0.01 0.00 0.00 0.00 0.00 0.00 0.00 0.00 0.00 0.00 0.00 0.00 0.00 0.00 0.00 0.00 0.00 0.00 0.00 0.00 0.03 0.06 0.04 0.05 0.02 0.07 0.11 0.13 0.16 0.14 0.07 0.04 0.01 0.00 0.01 0.09 0.11 0.05 0.04 0.03 0.13 0.09 0.04 0.06 0.11 0.05 0.02 0.11 0.32
0.00 0.00 0.00 0.00 0.00 0.00 0.00 0.00 0.00 0.00 0.00 0.00 0.00 0.00 0.00 0.00 0.00 0.00 0.00 0.01 0.02 0.03 0.04 0.04 0.05 0.03 0.02 0.01 0.01 0.04 0.05 0.05 0.05 0.02 0.02 0.00 0.00 0.00 0.00 0.00 0.00 0.00 0.00 0.00 0.00 0.00 0.00 0.00 0.00 0.00 0.00 0.00 0.00 0.00 0.00 0.03 0.03 0.00 0.02 0.03 0.04 0.12 0.15 0.18 0.14 0.05 0.01 0.00 0.00 0.00 0.00 0.06 0.01 0.04 0.06 0.14 0.28 0.27 0.23 0.24 0.15 0.17 0.23 0.35
0.00 0.00 0.00 0.00 0.00 0.00 0.00 0.00 0.00 0.00 0.00 0.00 0.00 0.00 0.00 0.00 0.00 0.00 0.00 0.00 0.02 0.04 0.02 0.03 0.02 0.01 0.01 0.01 0.00 0.03 0.01 0.05 0.02 0.02 0.00 0.00 0.00 0.00 0.00 0.00 0.00 0.00 0.00 0.00 0.00 0.00 0.00 0.00 0.00 0.00 0.00 0.00 0.00 0.00 0.00 0.01 0.00 0.04 0.02 0.02 0.05 0.12 0.15 0.17 0.14 0.05 0.00 0.00 0.00 0.00 0.00 0.00 0.01 0.12 0.19 0.30 0.40 0.48 0.44 0.41 0.31 0.27 0.30 0.38
0.00 0.00 0.00 0.00 0.00 0.00 0.00 0.00 0.00 0.00 0.00 0.00 0.00 0.00 0.00 0.00 0.00 0.00 0.00 0.00 0.00 0.03 0.03 0.01 0.00 0.00 0.01 0.01 0.00 0.00 0.00 0.01 0.01 0.00 0.00 0.00 0.00 0.00 0.00 0.00 0.00 0.00 0.00 0.00 0.00 0.00 0.00 0.00 0.00 0.00 0.00 0.00 0.00 0.00 0.00 0.00 0.00 0.01 0.02 0.07 0.06 0.12 0.12 0.16 0.14 0.05 0.00 0.00 0.00 0.00 0.00 0.00 0.00 0.16 0.30 0.40 0.45 0.49 0.43 0.40 0.34 0.36 0.37 0.38
0.00 0.00 0.00 0.00 0.00 0.00 0.00 0.00 0.00 0.00 0.00 0.00 0.00 0.00 0.00 0.00 0.00 0.00 0.00 0.00 0.00 0.00 0.00 0.00 0.00 0.00 0.00 0.00 0.00 0.00 0.00 0.00 0.00 0.00 0.00 0.00 0.00 0.00 0.00 0.00 0.00 0.00 0.00 0.00 0.00 0.00 0.00 0.00 0.00 0.00 0.00 0.00 0.00 0.00 0.00 0.00 0.00 0.00 0.01 0.07 0.04 0.08 0.10 0.10 0.11 0.07 0.00 0.00 0.00 0.00 0.00 0.00 0.01 0.21 0.34 0.44 0.46 0.45 0.39 0.32 0.30 0.37 0.38 0.37
0.00 0.00 0.00 0.00 0.00 0.00 0.00 0.00 0.00 0.00 0.00 0.00 0.00 0.00 0.00 0.00 0.00 0.00 0.00 0.00 0.00 0.00 0.00 0.00 0.00 0.00 0.00 0.00 0.00 0.00 0.00 0.00 0.00 0.00 0.00 0.00 0.00 0.00 0.00 0.00 0.00 0.00 0.00 0.00 0.00 0.00 0.00 0.00 0.00 0.00 0.00 0.00 0.00 0.00 0.00 0.00 0.00 0.03 0.02 0.08 0.05 0.11 0.10 0.13 0.12 0.07 0.01 0.00 0.00 0.00 0.00 0.00 0.12 0.17 0.27 0.38 0.33 0.34 0.32 0.31 0.30 0.33 0.34 0.37
0.00 0.00 0.00 0.00 0.00 0.00 0.00 0.00 0.00 0.00 0.00 0.00 0.00 0.00 0.00 0.00 0.00 0.00 0.00 0.00 0.00 0.00 0.00 0.00 0.00 0.00 0.00 0.00 0.00 0.00 0.00 0.00 0.00 0.00 0.00 0.00 0.00 0.00 0.00 0.00 0.00 0.00 0.00 0.00 0.00 0.00 0.00 0.00 0.00 0.00 0.00 0.00 0.00 0.00 0.00 0.00 0.00 0.02 0.00 0.02 0.06 0.11 0.12 0.12 0.12 0.08 0.01 0.00 0.00 0.00 0.00 0.01 0.03 0.07 0.21 0.36 0.40 0.40 0.29 0.30 0.29 0.30 0.33 0.30
