QPF/QPF_202208082200-130.txt
ncols 525
nrows 625
xllcorner -31082
yllcorner 11395
cellsize 1000.0
NODATA_value -9999.0
[rows 204 to 237 of 625, columns 308 to 384 of 525]
34.34 41.59 47.59 50.10 55.18 59.87 56.38 56.73 52.46 48.29 38.82 21.51 20.10 0.60 1.00 1.00 1.16 1.77 1.89 1.74 1.72 1.84 1.93 1.92 1.85 1.85 1.66 1.71 1.81 1.52 1.39 1.38 1.23 1.10 1.07 1.03 0.96 0.79 0.81 0.78 0.79 0.57 0.62 0.66 0.64 0.44 0.45 0.42 0.46 0.33 0.33 0.36 0.32 0.43 0.49 0.53 0.64 0.68 0.73 0.79 0.84 0.87 0.87 0.86 0.82 0.76 0.73 0.68 0.68 1.05 1.04 1.07 1.02 0.32 0.39 0.37 0.40
35.00 41.05 46.54 50.26 56.36 58.84 57.86 56.92 50.17 48.67 37.95 22.98 18.34 1.33 1.82 2.14 1.97 2.63 2.64 1.98 1.95 1.92 2.01 1.99 1.95 1.91 1.85 1.92 1.88 1.49 1.35 1.32 1.21 1.07 1.05 1.10 1.01 0.88 0.89 0.91 0.88 0.62 0.65 0.65 0.67 0.44 0.43 0.43 0.46 0.37 0.38 0.39 0.37 0.47 0.48 0.52 0.58 0.62 0.70 0.80 0.84 0.83 0.85 0.87 0.85 0.76 0.72 0.65 0.66 0.99 1.03 0.99 0.92 0.35 0.39 0.32 0.36
34.32 40.00 45.48 50.03 57.04 60.05 60.93 59.61 52.59 46.56 37.40 23.80 17.19 1.74 2.35 1.93 2.14 2.97 3.00 2.56 2.51 2.28 2.35 2.28 2.21 2.10 2.07 2.06 2.09 1.61 1.47 1.42 1.35 1.13 1.10 1.15 1.07 0.92 0.88 0.94 0.89 0.66 0.69 0.67 0.69 0.43 0.41 0.44 0.46 0.41 0.39 0.42 0.40 0.52 0.54 0.53 0.59 0.60 0.69 0.74 0.84 0.85 0.86 0.88 0.86 0.79 0.77 0.66 0.68 1.02 1.02 1.03 0.94 0.35 0.41 0.34 0.36
31.71 37.16 42.27 49.08 55.06 58.92 61.21 65.14 64.98 61.72 48.26 35.80 23.35 8.57 7.66 5.86 5.58 5.21 4.94 4.24 3.90 3.54 3.46 3.21 3.10 2.67 2.50 2.31 2.28 1.79 1.68 1.57 1.44 1.22 1.15 1.18 1.12 0.89 0.84 0.89 0.88 0.73 0.72 0.68 0.70 0.46 0.42 0.45 0.46 0.45 0.44 0.51 0.50 0.66 0.70 0.65 0.71 0.69 0.73 0.80 0.85 0.88 0.89 0.89 0.93 0.86 0.83 0.78 0.78 1.08 1.14 1.12 1.04 0.59 0.65 0.63 0.66
28.13 32.13 36.98 42.56 48.77 50.76 53.25 55.41 53.21 49.96 39.22 28.09 18.91 6.91 6.69 5.69 5.34 5.19 4.82 4.12 3.87 3.54 3.49 3.16 3.17 2.75 2.61 2.44 2.28 1.85 1.72 1.63 1.55 1.26 1.17 1.21 1.14 0.91 0.84 0.89 0.87 0.73 0.75 0.72 0.72 0.44 0.43 0.42 0.42 0.43 0.41 0.48 0.50 0.69 0.72 0.69 0.75 0.68 0.70 0.74 0.76 0.80 0.87 0.88 0.89 0.90 0.85 0.81 0.79 1.10 1.06 1.11 1.07 0.63 0.64 0.63 0.66
25.48 27.30 30.97 35.50 39.40 39.25 40.92 42.88 40.21 37.88 30.37 23.26 15.44 7.39 6.47 5.62 5.31 5.27 4.79 4.27 4.04 3.64 3.59 3.35 3.29 2.90 2.77 2.67 2.52 2.03 1.83 1.63 1.61 1.36 1.30 1.21 1.16 0.99 0.97 0.99 0.96 0.76 0.74 0.74 0.76 0.50 0.43 0.40 0.41 0.42 0.40 0.48 0.49 0.67 0.75 0.76 0.79 0.71 0.73 0.70 0.76 0.78 0.82 0.90 0.90 0.91 0.89 0.85 0.83 1.13 1.08 1.09 1.00 0.61 0.62 0.60 0.64
20.77 21.75 24.12 27.09 29.13 27.72 28.58 31.25 28.89 28.62 23.64 17.92 12.65 6.55 6.02 5.46 5.23 5.32 4.88 4.30 4.21 3.74 3.61 3.45 3.37 2.92 2.86 2.67 2.59 1.94 1.88 1.69 1.57 1.40 1.32 1.24 1.18 0.96 0.94 0.95 0.95 0.78 0.79 0.78 0.71 0.50 0.44 0.43 0.44 0.39 0.41 0.46 0.48 0.70 0.77 0.77 0.83 0.76 0.72 0.78 0.79 0.76 0.82 0.86 0.86 0.90 0.85 0.86 0.83 1.05 1.07 1.03 1.03 0.67 0.62 0.62 0.62
16.54 14.87 15.93 17.64 18.78 15.73 15.50 14.82 13.07 10.48 8.83 7.32 6.43 3.88 4.04 4.02 3.81 4.09 3.90 3.62 3.57 3.19 3.00 2.93 2.86 2.73 2.73 2.58 2.49 1.78 1.68 1.52 1.38 1.33 1.27 1.17 1.07 0.87 0.86 0.87 0.91 0.74 0.69 0.67 0.67 0.47 0.41 0.35 0.35 0.22 0.20 0.26 0.28 0.49 0.51 0.58 0.60 0.47 0.49 0.47 0.51 0.57 0.60 0.59 0.65 0.79 0.74 0.70 0.71 0.89 0.89 0.84 0.81 0.49 0.53 0.47 0.52
12.32 11.84 12.12 12.98 14.02 12.71 12.37 12.06 10.69 8.58 7.35 6.84 6.16 4.13 4.16 4.11 4.10 4.37 4.15 3.88 3.83 3.23 3.12 3.05 2.86 2.81 2.70 2.54 2.37 1.74 1.65 1.41 1.31 1.15 1.13 1.05 1.02 0.83 0.83 0.82 0.87 0.67 0.65 0.57 0.58 0.45 0.40 0.34 0.35 0.18 0.19 0.24 0.28 0.50 0.53 0.54 0.60 0.43 0.47 0.51 0.51 0.60 0.62 0.62 0.65 0.73 0.70 0.68 0.66 0.88 0.87 0.82 0.82 0.53 0.51 0.51 0.50
7.88 7.91 8.29 8.69 8.99 8.03 8.68 8.58 8.15 7.03 6.59 5.60 5.59 4.23 4.28 4.50 4.37 4.70 4.44 4.17 3.94 3.28 3.10 3.09 2.87 2.72 2.62 2.44 2.29 1.64 1.52 1.49 1.34 1.14 1.16 1.12 1.08 0.88 0.86 0.88 0.89 0.65 0.64 0.59 0.57 0.40 0.37 0.40 0.37 0.17 0.20 0.22 0.26 0.46 0.50 0.44 0.50 0.36 0.43 0.53 0.53 0.61 0.63 0.57 0.57 0.68 0.67 0.65 0.66 0.89 0.84 0.82 0.76 0.51 0.53 0.50 0.48
6.67 7.01 7.30 7.46 7.96 7.51 7.74 7.55 7.20 6.50 6.12 5.62 5.47 4.42 4.42 4.55 4.42 4.75 4.66 4.39 4.17 3.20 3.06 2.94 2.84 2.70 2.64 2.40 2.33 1.70 1.53 1.49 1.38 1.14 1.09 1.08 1.06 0.89 0.88 0.88 0.89 0.61 0.60 0.60 0.60 0.38 0.37 0.39 0.36 0.16 0.17 0.21 0.29 0.48 0.45 0.48 0.50 0.35 0.43 0.48 0.52 0.64 0.62 0.62 0.57 0.64 0.65 0.60 0.65 0.90 0.85 0.81 0.76 0.53 0.55 0.48 0.51
5.08 5.40 5.55 5.35 5.52 6.11 6.26 6.31 6.02 6.22 6.25 6.44 6.49 5.66 5.61 5.28 5.19 5.44 5.39 5.03 4.81 3.84 3.62 3.19 3.11 2.84 2.78 2.58 2.38 1.80 1.58 1.55 1.47 1.26 1.19 1.15 1.10 0.91 0.90 0.87 0.87 0.50 0.49 0.42 0.42 0.26 0.27 0.28 0.26 0.07 0.07 0.10 0.16 0.36 0.34 0.39 0.44 0.30 0.39 0.39 0.39 0.48 0.48 0.48 0.46 0.57 0.56 0.57 0.56 0.71 0.75 0.69 0.67 0.49 0.48 0.46 0.40
4.71 5.20 5.21 4.94 5.04 5.08 5.57 5.69 5.55 5.89 5.98 5.87 5.77 4.98 5.03 5.00 4.88 5.17 5.16 4.88 4.86 3.67 3.63 3.19 3.10 2.89 2.74 2.58 2.50 1.92 1.72 1.60 1.50 1.29 1.22 1.15 1.14 0.93 0.93 0.87 0.84 0.47 0.48 0.41 0.40 0.28 0.32 0.29 0.28 0.10 0.12 0.18 0.18 0.36 0.38 0.40 0.45 0.29 0.35 0.41 0.40 0.48 0.46 0.48 0.47 0.57 0.57 0.53 0.58 0.69 0.71 0.70 0.63 0.42 0.43 0.41 0.38
4.36 4.84 4.96 4.72 4.90 4.86 5.01 5.16 5.26 5.37 5.17 5.12 4.95 4.47 4.43 4.44 4.70 4.83 4.78 4.42 4.19 3.45 3.36 3.03 2.84 2.79 2.63 2.51 2.42 1.92 1.79 1.65 1.47 1.29 1.21 1.11 1.09 0.92 0.92 0.91 0.86 0.48 0.49 0.42 0.43 0.33 0.37 0.32 0.28 0.09 0.08 0.10 0.11 0.33 0.36 0.41 0.47 0.33 0.35 0.37 0.36 0.45 0.43 0.48 0.49 0.59 0.55 0.54 0.57 0.68 0.69 0.71 0.66 0.43 0.46 0.46 0.45
4.41 4.73 4.83 4.41 4.56 4.24 4.44 4.51 4.79 5.00 4.79 4.57 4.60 4.26 4.26 4.32 4.43 4.36 4.46 4.16 4.03 3.32 3.27 3.04 2.81 2.73 2.54 2.47 2.31 1.85 1.75 1.64 1.48 1.29 1.24 1.12 1.08 0.94 0.93 0.92 0.89 0.53 0.52 0.48 0.46 0.32 0.35 0.32 0.32 0.12 0.11 0.13 0.12 0.33 0.34 0.43 0.43 0.30 0.32 0.32 0.32 0.39 0.42 0.43 0.41 0.54 0.56 0.47 0.52 0.64 0.65 0.67 0.66 0.40 0.42 0.42 0.42
3.31 3.59 3.54 3.18 3.23 2.79 2.73 2.89 3.00 3.77 3.79 3.71 3.76 3.79 3.88 3.99 4.04 4.22 4.18 3.94 3.84 3.32 3.17 2.86 2.66 2.59 2.43 2.29 2.11 1.63 1.60 1.46 1.38 1.16 1.11 1.04 1.05 0.87 0.88 0.79 0.76 0.44 0.41 0.38 0.34 0.14 0.19 0.18 0.17 0.00 0.01 0.05 0.08 0.23 0.21 0.25 0.28 0.11 0.09 0.11 0.09 0.17 0.18 0.22 0.27 0.38 0.37 0.35 0.34 0.43 0.45 0.42 0.40 0.15 0.15 0.19 0.19
3.42 3.66 3.44 3.17 3.11 2.85 2.81 2.72 2.91 3.67 3.68 3.63 3.59 3.71 3.80 3.95 3.95 4.04 4.10 3.81 3.78 3.10 3.02 2.71 2.60 2.52 2.37 2.26 2.02 1.55 1.45 1.31 1.29 1.12 1.11 1.03 1.03 0.85 0.83 0.78 0.73 0.45 0.45 0.40 0.33 0.13 0.21 0.25 0.24 0.03 0.01 0.07 0.07 0.25 0.24 0.26 0.30 0.09 0.08 0.08 0.06 0.21 0.22 0.20 0.25 0.37 0.36 0.35 0.35 0.38 0.36 0.33 0.32 0.09 0.08 0.12 0.13
3.21 3.41 3.31 3.02 2.86 2.79 2.60 2.55 2.65 3.11 3.43 3.36 3.44 3.56 3.64 3.63 3.58 3.84 3.56 3.45 3.39 2.86 2.69 2.42 2.28 2.24 2.15 2.11 2.02 1.52 1.40 1.32 1.31 1.20 1.23 1.12 1.09 0.78 0.81 0.80 0.72 0.41 0.39 0.30 0.28 0.21 0.25 0.24 0.22 0.05 0.04 0.07 0.04 0.25 0.21 0.28 0.30 0.09 0.09 0.07 0.05 0.18 0.15 0.21 0.24 0.37 0.37 0.37 0.36 0.36 0.35 0.32 0.32 0.08 0.11 0.15 0.20
2.96 3.13 3.24 2.88 2.78 2.74 2.71 2.60 2.71 3.00 3.25 3.43 3.55 3.66 3.68 3.75 3.74 3.74 3.49 3.55 3.20 2.67 2.41 2.19 2.18 2.25 2.17 2.22 2.09 1.46 1.47 1.40 1.41 1.25 1.30 1.18 1.17 0.83 0.83 0.78 0.76 0.42 0.39 0.38 0.31 0.23 0.30 0.26 0.24 0.08 0.10 0.10 0.10 0.25 0.22 0.27 0.32 0.10 0.09 0.07 0.06 0.17 0.16 0.20 0.22 0.32 0.33 0.34 0.33 0.33 0.30 0.30 0.32 0.09 0.09 0.15 0.15
3.32 3.55 3.42 3.15 3.06 3.13 3.12 3.01 2.92 3.18 3.25 3.77 3.83 4.21 3.99 4.10 4.31 4.11 4.04 3.81 3.71 2.78 2.73 2.68 2.71 2.83 2.78 2.65 2.55 2.19 2.15 2.26 2.28 2.02 1.99 1.87 1.79 1.42 1.35 1.20 1.15 0.78 0.70 0.69 0.70 0.71 0.71 0.67 0.69 0.37 0.41 0.34 0.32 0.52 0.50 0.48 0.50 0.22 0.24 0.23 0.22 0.25 0.23 0.22 0.23 0.21 0.22 0.20 0.21 0.23 0.21 0.21 0.17 0.00 0.00 0.00 0.00
3.28 3.18 3.20 3.19 3.16 3.18 3.10 2.85 2.92 2.89 2.87 3.28 3.54 3.96 3.98 4.03 3.96 3.68 3.83 3.62 3.44 2.73 2.64 2.53 2.63 2.76 2.70 2.63 2.47 2.20 2.20 2.30 2.19 1.98 2.00 1.85 1.76 1.35 1.28 1.10 1.09 0.73 0.75 0.69 0.69 0.74 0.69 0.73 0.70 0.36 0.41 0.34 0.31 0.48 0.45 0.48 0.46 0.22 0.22 0.19 0.21 0.21 0.21 0.19 0.19 0.19 0.21 0.19 0.17 0.19 0.18 0.19 0.20 0.00 0.00 0.00 0.00
3.31 3.37 3.41 3.37 3.30 3.40 3.28 3.11 3.07 2.92 2.82 2.97 3.75 3.95 4.07 3.88 3.77 3.72 3.37 3.31 3.14 2.53 2.44 2.31 2.35 2.52 2.45 2.39 2.32 2.11 2.15 2.32 2.29 1.98 1.96 1.82 1.71 1.30 1.20 1.04 1.02 0.69 0.73 0.66 0.66 0.66 0.62 0.64 0.62 0.35 0.37 0.33 0.31 0.49 0.44 0.47 0.45 0.23 0.24 0.19 0.22 0.22 0.19 0.20 0.17 0.15 0.17 0.15 0.15 0.19 0.19 0.14 0.15 0.00 0.00 0.00 0.00
3.29 3.29 3.39 3.27 3.41 3.58 3.26 3.18 2.97 2.82 2.67 2.61 3.45 3.79 3.65 3.68 3.69 3.21 3.21 3.12 3.00 2.36 2.27 2.09 2.04 2.35 2.26 2.23 2.25 2.15 2.20 2.28 2.21 1.95 1.88 1.85 1.80 1.32 1.18 1.03 1.01 0.76 0.72 0.71 0.63 0.69 0.63 0.59 0.60 0.36 0.35 0.31 0.29 0.43 0.40 0.42 0.42 0.17 0.16 0.12 0.14 0.17 0.18 0.15 0.13 0.14 0.16 0.14 0.14 0.18 0.18 0.15 0.16 0.00 0.00 0.00 0.00
3.27 2.96 3.06 3.15 3.17 3.48 3.25 3.13 2.94 2.73 2.49 2.26 2.51 2.87 2.66 3.02 3.16 2.56 2.61 2.57 2.43 2.36 2.13 1.94 1.96 2.12 1.97 1.90 1.80 1.66 1.64 1.64 1.53 1.35 1.38 1.35 1.25 0.89 0.82 0.67 0.65 0.67 0.66 0.68 0.67 0.74 0.72 0.65 0.67 0.44 0.41 0.42 0.39 0.45 0.40 0.47 0.43 0.19 0.17 0.16 0.14 0.13 0.15 0.08 0.06 0.06 0.06 0.06 0.06 0.10 0.07 0.04 0.03 0.00 0.00 0.00 0.00
2.97 2.91 3.01 2.92 2.85 3.08 2.97 2.93 2.88 2.76 2.52 2.47 2.63 2.74 2.62 3.01 2.98 2.57 2.46 2.43 2.32 2.11 2.04 1.81 1.93 2.02 1.97 1.89 1.71 1.51 1.48 1.44 1.30 1.21 1.17 1.16 1.15 0.74 0.72 0.65 0.62 0.64 0.64 0.64 0.62 0.73 0.74 0.63 0.64 0.42 0.40 0.38 0.36 0.45 0.40 0.43 0.39 0.17 0.16 0.15 0.16 0.10 0.09 0.05 0.05 0.04 0.06 0.05 0.04 0.07 0.05 0.05 0.04 0.00 0.00 0.00 0.00
2.71 2.81 2.78 2.68 2.79 2.86 2.94 2.97 2.85 2.58 2.73 2.73 2.95 2.71 2.61 2.46 2.50 2.26 2.40 2.42 2.19 2.10 1.75 1.71 1.76 1.81 1.76 1.65 1.50 1.38 1.34 1.17 1.16 1.15 1.05 1.05 1.08 0.70 0.74 0.62 0.60 0.56 0.55 0.53 0.51 0.64 0.63 0.60 0.59 0.36 0.32 0.33 0.31 0.35 0.33 0.35 0.35 0.17 0.16 0.15 0.11 0.04 0.02 0.02 0.00 0.02 0.02 0.01 0.02 0.04 0.05 0.03 0.02 0.00 0.00 0.00 0.00
2.35 2.41 2.58 2.48 2.41 2.53 2.79 2.77 2.69 2.44 2.63 2.79 2.74 2.69 2.67 2.45 2.42 2.21 2.11 2.16 1.94 1.87 1.75 1.66 1.72 1.79 1.69 1.55 1.41 1.27 1.24 1.07 1.13 1.06 1.02 0.92 0.97 0.73 0.72 0.61 0.54 0.56 0.55 0.52 0.46 0.60 0.62 0.59 0.56 0.32 0.29 0.29 0.29 0.32 0.30 0.35 0.35 0.14 0.14 0.12 0.09 0.03 0.01 0.00 0.00 0.02 0.03 0.02 0.00 0.06 0.03 0.02 0.00 0.00 0.00 0.00 0.00
0.45 0.50 0.50 0.46 0.44 0.65 0.62 0.65 0.55 0.25 0.23 0.26 0.22 0.13 0.20 0.26 0.29 0.23 0.24 0.20 0.20 0.19 0.16 0.16 0.17 0.44 0.38 0.33 0.31 0.20 0.23 0.26 0.29 0.39 0.39 0.37 0.43 0.33 0.34 0.29 0.26 0.35 0.34 0.33 0.27 0.50 0.51 0.43 0.42 0.10 0.08 0.10 0.06 0.02 0.04 0.04 0.06 0.00 0.00 0.00 0.00 0.00 0.00 0.00 0.00 0.00 0.00 0.00 0.00 0.02 0.03 0.00 0.00 0.00 0.00 0.00 0.00
0.37 0.43 0.43 0.42 0.38 0.65 0.60 0.58 0.51 0.21 0.21 0.21 0.19 0.10 0.11 0.20 0.21 0.15 0.14 0.15 0.12 0.09 0.11 0.11 0.12 0.43 0.37 0.34 0.32 0.17 0.20 0.25 0.25 0.35 0.33 0.33 0.38 0.25 0.28 0.26 0.22 0.33 0.31 0.30 0.25 0.51 0.52 0.46 0.43 0.08 0.07 0.07 0.05 0.02 0.02 0.03 0.03 0.00 0.00 0.00 0.00 0.00 0.00 0.00 0.00 0.00 0.00 0.00 0.00 0.03 0.01 0.00 0.00 0.00 0.00 -0.00 -0.00
0.25 0.28 0.26 0.20 0.19 0.51 0.45 0.48 0.40 0.08 0.03 0.07 0.04 0.01 0.01 0.04 0.05 0.04 0.05 0.05 0.04 0.05 0.04 0.06 0.09 0.38 0.35 0.35 0.30 0.23 0.20 0.26 0.26 0.29 0.27 0.25 0.30 0.19 0.18 0.16 0.13 0.25 0.24 0.26 0.21 0.40 0.39 0.47 0.41 0.07 0.05 0.07 0.05 0.04 0.04 0.02 0.03 0.00 0.00 0.00 0.00 0.00 0.00 0.00 0.00 0.00 0.00 0.00 0.00 0.01 0.00 0.01 0.01 0.00 0.00 -0.00 -0.00
0.24 0.27 0.25 0.21 0.16 0.45 0.41 0.47 0.39 0.07 0.08 0.06 0.05 0.04 0.04 0.09 0.07 0.06 0.05 0.05 0.07 0.07 0.05 0.07 0.10 0.32 0.29 0.35 0.34 0.19 0.24 0.24 0.27 0.26 0.31 0.24 0.27 0.20 0.21 0.17 0.11 0.24 0.24 0.23 0.16 0.44 0.38 0.51 0.45 0.04 0.02 0.05 0.04 0.04 0.00 0.02 0.04 0.00 0.00 0.00 0.00 0.00 0.00 0.00 0.00 0.00 0.00 0.00 0.00 0.02 0.02 0.02 0.03 0.00 0.00 0.00 0.00
0.44 0.45 0.44 0.45 0.39 0.83 0.82 0.91 0.82 0.54 0.45 0.43 0.41 0.30 0.29 0.32 0.28 0.15 0.17 0.13 0.13 0.22 0.19 0.24 0.28 0.54 0.58 0.65 0.62 0.44 0.52 0.44 0.51 0.47 0.48 0.52 0.51 0.35 0.42 0.33 0.36 0.49 0.50 0.45 0.42 0.63 0.54 0.52 0.47 0.01 0.00 0.00 0.00 0.00 0.00 0.00 0.00 0.00 0.00 0.00 0.00 0.00 0.00 0.00 0.00 0.00 0.00 0.00 0.00 0.00 0.01 0.04 0.02 0.00 0.00 0.00 0.00
0.38 0.38 0.38 0.41 0.35 0.74 0.67 0.86 0.84 0.56 0.53 0.46 0.47 0.28 0.30 0.31 0.30 0.18 0.19 0.13 0.12 0.17 0.18 0.19 0.24 0.46 0.55 0.56 0.60 0.44 0.47 0.44 0.53 0.49 0.48 0.53 0.49 0.36 0.39 0.26 0.37 0.43 0.42 0.37 0.36 0.59 0.54 0.51 0.45 0.02 0.00 0.00 0.00 0.00 0.00 0.00 0.00 0.00 0.00 0.00 0.00 0.00 0.00 0.00 0.00 0.00 0.00 0.00 0.00 0.02 0.01 0.08 0.05 0.00 0.01 0.01 0.02
0.11 0.23 0.21 0.25 0.26 0.50 0.58 0.62 0.57 0.37 0.33 0.22 0.29 0.22 0.23 0.21 0.18 0.12 0.09 0.07 0.07 0.14 0.11 0.11 0.15 0.34 0.36 0.40 0.42 0.32 0.36 0.42 0.48 0.44 0.42 0.48 0.50 0.29 0.28 0.26 0.27 0.46 0.45 0.46 0.46 0.69 0.68 0.52 0.44 0.00 0.00 0.00 0.00 0.00 0.00 0.00 0.00 -0.00 0.00 0.00 0.00 0.00 0.00 0.00 0.00 0.00 0.00 0.00 0.00 0.03 0.04 0.05 0.06 0.04 0.06 0.02 0.01
