QPF/QPF_202208082200-60.txt
ncols 525
nrows 625
xllcorner -31082
yllcorner 11395
cellsize 1000.0
NODATA_value -9999.0
[rows 228 to 265 of 625, columns 168 to 251 of 525]
4.01 5.90 5.38 3.99 4.04 3.36 3.75 3.62 3.62 3.93 3.82 3.43 2.88 2.58 2.80 3.23 3.52 5.12 4.72 5.51 5.22 4.60 5.64 7.08 8.84 10.91 13.58 18.27 19.78 18.50 15.72 12.15 11.34 9.76 9.75 10.41 9.79 8.71 8.59 9.11 8.73 8.79 8.47 7.88 8.75 9.81 10.25 11.40 11.82 12.23 11.36 10.04 8.34 5.99 5.52 5.77 5.61 6.50 6.33 5.88 5.73 4.99 4.89 4.62 4.56 4.28 4.40 4.65 4.89 5.20 5.24 5.39 5.39 5.01 4.90 4.28 4.12 3.91 3.34 2.57 2.23 2.06 1.93 1.56
5.30 7.55 6.21 6.43 6.05 4.29 4.46 3.94 4.08 3.77 3.54 3.26 3.23 2.69 2.71 2.92 3.37 4.72 4.62 4.73 4.54 4.57 4.82 4.94 5.66 8.20 10.61 14.82 15.86 15.65 13.62 10.47 10.13 8.97 9.21 10.02 9.99 8.90 8.65 9.24 8.66 9.13 8.51 7.53 8.04 8.64 9.18 9.83 10.32 10.30 9.33 8.39 7.41 5.68 5.25 5.21 5.10 6.10 5.92 5.48 5.30 4.68 4.64 4.59 4.54 4.25 4.30 4.41 4.53 4.74 4.72 4.81 4.80 4.55 4.33 3.93 3.73 3.37 2.85 2.25 1.80 1.86 1.65 1.39
6.58 9.43 8.26 8.69 7.34 4.77 4.55 4.62 4.34 4.06 3.70 3.58 3.31 2.79 2.65 2.69 3.24 4.25 4.37 4.14 4.01 3.62 3.96 3.76 4.45 6.05 8.21 10.36 12.95 13.54 11.92 9.58 9.47 8.83 8.85 10.40 9.91 8.49 8.99 9.06 8.66 8.78 8.43 7.10 7.56 7.93 8.05 8.65 8.81 8.75 7.91 7.34 6.61 5.11 4.87 4.99 4.84 5.82 5.65 5.29 5.01 4.35 4.29 4.32 4.24 3.95 4.01 4.15 4.28 4.47 4.43 4.42 4.30 4.07 3.94 3.50 3.23 2.94 2.49 1.84 1.58 1.54 1.33 1.12
13.72 13.52 10.73 11.16 9.54 5.40 5.29 5.01 4.53 3.96 3.56 3.43 3.28 2.70 2.87 2.80 3.14 3.90 3.78 3.50 3.44 2.93 2.88 2.22 2.57 3.83 4.98 7.71 9.01 9.75 8.92 7.83 9.06 9.63 10.50 12.55 12.53 9.67 9.71 9.67 9.01 9.51 9.27 7.75 8.18 8.00 8.00 8.01 7.91 6.96 6.71 6.10 5.51 4.65 4.30 4.31 4.01 4.97 4.64 4.36 4.08 3.68 3.71 3.78 3.77 3.61 3.69 3.72 3.81 4.01 3.93 3.80 3.66 3.39 3.25 2.84 2.64 2.29 1.90 1.32 0.99 1.03 0.90 0.81
16.73 15.15 12.69 13.10 10.30 5.41 5.26 5.02 4.25 4.06 3.73 3.46 3.45 2.82 2.66 2.69 3.09 3.97 3.97 3.64 3.64 3.08 3.01 2.18 2.41 3.28 4.14 5.86 6.97 8.03 8.41 7.85 8.60 9.84 11.20 13.83 12.61 10.37 9.54 8.85 8.01 8.13 7.83 6.72 6.62 6.49 6.42 6.34 6.32 5.86 5.72 5.04 4.91 3.90 3.76 3.82 3.67 4.64 4.40 4.32 3.99 3.59 3.56 3.71 3.68 3.49 3.55 3.57 3.73 3.94 3.88 3.73 3.61 3.37 3.27 2.93 2.74 2.44 2.09 1.46 1.18 1.11 1.01 0.86
22.53 17.51 14.50 12.80 9.64 5.36 4.85 4.52 4.03 3.91 3.68 3.45 3.38 3.08 2.94 2.80 3.38 4.32 4.32 3.52 3.68 3.27 3.07 2.26 2.26 2.38 3.50 4.31 5.38 6.30 7.19 7.46 8.49 9.65 10.74 13.66 13.70 10.12 8.72 7.88 6.59 6.46 6.22 5.38 5.16 5.21 4.94 5.10 5.12 4.88 4.99 4.27 4.35 3.74 3.68 3.81 3.37 4.52 4.15 4.11 3.76 3.35 3.35 3.46 3.42 3.26 3.29 3.36 3.52 3.94 3.86 3.68 3.56 3.26 3.15 2.84 2.63 2.31 1.99 1.38 1.11 1.06 1.01 1.08
19.77 15.33 11.73 9.99 8.09 4.56 3.88 4.00 3.66 3.60 3.57 3.35 3.44 3.20 3.28 3.07 3.56 4.39 4.51 4.02 3.90 3.44 3.25 2.59 2.24 2.40 3.26 4.13 5.07 5.82 7.13 7.90 8.28 9.31 10.30 12.35 12.05 9.19 7.76 6.53 5.68 5.59 5.26 4.65 4.40 4.28 4.13 4.24 4.26 4.39 4.59 4.09 4.29 3.51 3.75 4.03 3.73 4.58 4.15 4.00 3.70 3.26 3.23 3.34 3.30 3.09 3.12 3.12 3.25 3.75 3.67 3.53 3.47 3.22 3.12 2.83 2.70 2.53 2.25 1.63 1.40 1.43 1.16 1.04
14.80 11.02 8.81 6.57 5.24 3.48 2.80 3.17 2.98 3.18 3.22 3.22 3.40 3.19 3.25 3.18 3.35 4.25 4.48 3.94 4.15 3.72 3.17 2.84 2.33 2.02 2.71 2.91 3.59 4.36 5.59 6.72 7.12 7.44 8.37 10.79 9.68 7.63 6.30 5.14 4.57 3.93 3.53 3.44 3.21 3.51 3.40 3.74 3.84 4.35 4.59 4.49 4.86 4.11 4.34 4.53 4.38 4.60 4.13 3.82 3.55 2.85 2.81 3.06 2.96 2.64 2.72 2.70 2.73 3.31 3.31 3.16 3.08 2.86 2.72 2.45 2.26 2.16 1.84 1.26 1.08 0.97 0.91 0.97
11.06 8.35 6.76 4.99 4.01 2.68 2.44 2.49 2.38 2.50 2.62 2.53 2.84 2.68 2.90 2.68 3.04 3.70 3.95 3.61 3.84 3.52 3.12 2.67 2.39 2.04 2.54 2.74 3.33 3.77 4.45 5.18 5.34 5.84 7.04 8.81 7.64 5.50 4.64 3.92 3.44 3.34 3.13 3.20 3.01 3.24 3.17 3.51 3.57 3.88 4.03 3.87 4.09 3.45 3.62 3.76 3.60 3.84 3.59 3.25 3.10 2.37 2.40 2.57 2.64 2.34 2.48 2.40 2.47 2.96 2.99 2.98 2.93 2.79 2.74 2.50 2.38 2.22 1.98 1.61 1.48 1.38 1.10 1.03
7.71 5.93 4.76 3.67 2.79 2.02 1.74 1.89 1.69 1.88 1.90 2.01 2.35 2.10 2.16 2.14 2.42 2.75 3.11 2.68 3.32 3.23 2.90 2.59 2.29 2.00 2.06 1.96 2.35 2.80 3.29 3.71 3.67 3.93 4.08 5.69 4.46 3.44 3.32 3.18 2.88 2.69 2.53 2.70 2.44 2.65 2.65 2.98 2.97 3.17 3.21 3.04 3.13 2.67 2.84 2.88 2.80 2.94 2.70 2.58 2.46 1.93 1.82 2.19 2.21 1.98 2.16 2.24 2.41 2.81 2.78 2.82 2.77 2.68 2.71 2.44 2.23 2.22 2.08 1.52 1.35 1.33 1.00 1.07
5.43 4.39 3.54 2.59 2.22 1.44 1.47 1.41 1.40 1.52 1.60 1.71 1.89 1.97 1.95 2.03 2.10 2.51 2.72 2.34 2.61 2.72 2.73 2.69 2.56 2.20 2.02 1.94 2.15 2.40 2.83 2.70 2.85 2.77 2.81 3.96 3.81 2.77 2.67 2.67 2.51 2.44 2.43 2.54 2.28 2.47 2.47 2.86 2.80 2.68 2.67 2.57 2.52 2.08 2.20 2.29 2.28 2.44 2.39 2.24 2.21 1.83 1.82 2.02 2.07 1.71 1.91 2.03 2.27 2.67 2.64 2.60 2.57 2.49 2.52 2.38 2.29 2.17 1.98 1.69 1.48 1.35 1.06 1.11
3.42 2.72 2.29 2.04 1.57 1.02 0.98 1.07 1.10 1.12 1.20 1.20 1.39 1.20 1.37 1.44 1.65 1.88 2.10 1.70 2.08 1.86 2.12 2.04 1.78 1.97 1.56 1.59 1.68 1.61 1.85 1.80 1.61 1.89 1.79 2.64 2.28 1.81 1.86 1.91 2.01 1.81 1.69 1.89 1.80 1.85 1.83 1.81 1.88 1.75 1.71 1.60 1.64 1.32 1.39 1.42 1.41 1.63 1.66 1.70 1.70 1.62 1.63 1.94 2.06 1.89 2.15 2.42 2.65 3.15 3.05 2.94 2.93 2.81 2.80 2.57 2.55 2.42 2.22 1.91 1.72 1.69 1.39 1.46
2.86 2.38 2.03 1.54 1.40 0.85 0.82 0.93 0.92 0.95 0.97 0.97 1.01 0.97 0.99 1.18 1.25 1.52 1.79 1.71 1.88 1.69 1.77 1.60 1.36 1.62 1.38 1.66 1.72 1.60 1.74 1.63 1.53 1.75 1.61 2.11 1.99 1.73 1.78 1.73 1.80 1.57 1.56 1.90 1.78 1.88 1.78 1.86 1.86 1.77 1.68 1.62 1.60 1.25 1.26 1.26 1.22 1.42 1.47 1.52 1.46 1.41 1.45 1.69 1.76 1.57 1.75 1.97 2.23 2.70 2.61 2.46 2.51 2.41 2.35 2.17 2.14 2.14 1.96 1.84 1.63 1.67 1.40 1.56
2.36 2.01 1.77 1.34 1.18 0.68 0.76 0.70 0.73 0.71 0.73 0.72 0.70 0.61 0.62 0.85 0.81 0.95 1.21 1.40 1.72 1.66 1.69 1.42 1.25 1.25 1.10 1.22 1.30 1.22 1.31 1.31 1.28 1.62 1.44 1.79 1.65 1.55 1.58 1.52 1.71 1.27 1.35 1.67 1.59 1.69 1.64 1.66 1.64 1.49 1.41 1.25 1.26 0.96 0.95 0.89 0.89 1.11 1.07 1.14 1.18 1.14 1.15 1.26 1.44 1.38 1.44 1.63 1.67 2.03 1.92 1.80 1.86 1.73 1.68 1.58 1.61 1.72 1.61 1.56 1.37 1.41 1.23 1.24
1.97 1.64 1.48 0.98 0.88 0.53 0.67 0.65 0.53 0.53 0.52 0.56 0.59 0.57 0.61 0.49 0.58 0.74 0.83 1.09 1.31 1.33 1.33 1.03 0.95 1.02 0.77 0.94 1.09 0.96 1.10 0.99 1.04 1.34 1.27 1.75 1.60 1.50 1.48 1.53 1.62 1.13 1.16 1.56 1.46 1.62 1.51 1.46 1.43 1.31 1.18 1.10 1.15 0.97 0.93 0.93 0.90 1.01 1.00 1.04 1.08 1.06 1.00 0.99 1.03 0.93 1.07 1.12 1.21 1.67 1.62 1.53 1.57 1.51 1.50 1.44 1.46 1.65 1.56 1.43 1.28 1.30 1.06 1.08
1.43 1.13 0.91 0.76 0.53 0.17 0.20 0.23 0.20 0.27 0.27 0.35 0.22 0.16 0.10 0.18 0.39 0.57 0.53 0.32 0.55 0.88 0.87 0.85 0.62 0.52 0.57 0.70 0.52 0.49 0.63 0.56 0.71 0.99 0.93 1.14 1.17 1.20 1.21 1.26 1.45 0.86 0.86 1.25 1.11 1.22 1.09 1.11 0.96 0.79 0.67 0.73 0.59 0.38 0.33 0.35 0.33 0.33 0.33 0.40 0.35 0.28 0.34 0.29 0.32 0.29 0.42 0.50 0.60 1.00 1.05 1.07 1.09 1.07 1.14 1.12 1.10 1.38 1.37 1.30 1.12 1.25 1.06 1.04
1.23 0.88 0.84 0.64 0.49 0.20 0.18 0.17 0.12 0.15 0.14 0.10 0.09 0.00 0.01 0.08 0.16 0.19 0.20 0.29 0.21 0.66 0.69 0.57 0.60 0.37 0.56 0.63 0.50 0.44 0.67 0.52 0.60 0.88 0.80 1.09 1.06 1.07 1.10 1.10 1.22 0.79 0.81 1.11 0.98 1.15 1.00 0.97 0.88 0.70 0.72 0.58 0.48 0.31 0.32 0.31 0.29 0.26 0.29 0.33 0.29 0.25 0.29 0.23 0.23 0.25 0.34 0.46 0.61 0.92 0.93 0.94 1.00 0.93 0.99 0.93 0.97 1.29 1.31 1.14 1.06 1.19 1.00 0.99
0.94 0.56 0.37 0.26 0.14 0.06 0.06 0.00 0.01 0.02 0.02 0.02 0.03 0.00 0.00 0.01 0.03 0.08 0.10 0.09 0.16 0.58 0.57 0.36 0.13 0.07 0.14 0.22 0.32 0.40 0.50 0.57 0.52 0.61 0.56 0.75 0.80 0.96 0.98 0.94 1.05 0.79 0.65 0.90 0.80 0.87 0.74 0.73 0.66 0.56 0.49 0.51 0.41 0.24 0.25 0.28 0.23 0.22 0.22 0.27 0.22 0.24 0.24 0.18 0.20 0.14 0.24 0.32 0.38 0.66 0.70 0.80 0.80 0.72 0.77 0.77 0.81 1.09 1.03 0.95 0.89 0.96 0.76 0.80
0.86 0.50 0.38 0.24 0.15 0.04 0.06 0.00 0.00 0.00 0.00 0.00 0.00 0.00 0.00 0.00 0.00 0.00 0.00 0.00 0.01 0.13 0.23 0.09 0.15 0.01 0.07 0.13 0.10 0.20 0.47 0.51 0.48 0.47 0.40 0.57 0.66 0.80 0.80 0.81 0.84 0.74 0.62 0.74 0.69 0.75 0.65 0.70 0.67 0.58 0.54 0.50 0.43 0.20 0.21 0.24 0.20 0.15 0.14 0.18 0.15 0.18 0.18 0.13 0.16 0.12 0.19 0.26 0.36 0.59 0.60 0.70 0.70 0.66 0.69 0.67 0.71 1.01 1.00 0.86 0.78 0.91 0.72 0.68
0.61 0.38 0.26 0.09 0.05 0.01 0.04 0.00 0.00 0.00 0.00 0.00 0.00 0.00 0.00 0.00 0.00 0.00 0.00 0.00 0.00 0.00 0.02 0.06 0.00 0.00 0.00 0.00 0.00 0.01 0.02 0.10 0.07 0.18 0.12 0.23 0.31 0.41 0.55 0.60 0.63 0.41 0.32 0.27 0.26 0.45 0.40 0.39 0.27 0.24 0.24 0.22 0.19 0.11 0.10 0.13 0.12 0.11 0.11 0.18 0.20 0.25 0.25 0.17 0.18 0.12 0.16 0.23 0.27 0.56 0.53 0.59 0.53 0.58 0.59 0.54 0.50 0.79 0.79 0.67 0.63 0.67 0.46 0.63
0.70 0.51 0.27 0.11 0.06 0.01 0.02 0.00 0.00 0.00 0.00 0.00 0.00 0.00 0.00 0.00 0.00 0.00 0.00 0.00 0.00 0.00 0.00 0.03 0.00 0.00 0.00 0.00 0.00 0.02 0.00 0.01 0.01 0.12 0.08 0.10 0.13 0.26 0.32 0.48 0.56 0.30 0.25 0.22 0.18 0.37 0.32 0.31 0.22 0.19 0.20 0.18 0.15 0.09 0.08 0.10 0.09 0.08 0.08 0.14 0.12 0.17 0.15 0.10 0.11 0.07 0.12 0.17 0.24 0.46 0.47 0.51 0.48 0.53 0.54 0.46 0.46 0.72 0.66 0.66 0.56 0.54 0.52 0.50
0.23 0.15 0.10 0.03 0.01 0.01 0.02 0.00 0.00 0.00 0.00 0.00 0.00 0.00 0.00 0.00 0.00 0.00 0.00 0.00 0.00 0.00 0.00 0.00 0.00 0.00 0.06 0.00 0.00 0.00 0.00 0.00 0.00 0.04 0.01 0.02 0.03 0.13 0.23 0.37 0.38 0.19 0.12 0.13 0.11 0.28 0.24 0.18 0.14 0.12 0.10 0.09 0.08 0.03 0.04 0.05 0.03 0.02 0.03 0.07 0.05 0.08 0.08 0.04 0.05 0.02 0.04 0.11 0.16 0.40 0.38 0.41 0.37 0.36 0.36 0.27 0.27 0.56 0.55 0.57 0.55 0.59 0.39 0.39
0.32 0.10 0.14 0.06 0.01 0.01 0.00 0.00 0.00 0.00 0.00 0.00 0.00 0.00 0.00 0.00 0.00 0.00 0.00 0.00 0.00 0.00 0.00 0.00 0.00 0.00 0.00 0.00 0.01 0.00 0.00 0.00 0.00 0.00 0.00 0.00 0.00 0.08 0.07 0.20 0.20 0.07 0.06 0.09 0.06 0.20 0.18 0.15 0.10 0.08 0.08 0.04 0.04 0.00 0.00 0.01 0.01 0.00 0.00 0.02 0.01 0.02 0.02 0.00 0.01 0.00 0.01 0.06 0.08 0.31 0.30 0.31 0.30 0.29 0.30 0.25 0.24 0.43 0.40 0.41 0.39 0.46 0.36 0.25
0.13 0.05 0.08 0.00 0.00 0.00 0.00 0.00 0.00 0.00 0.00 0.00 0.00 0.00 0.00 0.00 0.00 0.00 0.00 0.00 0.00 0.00 0.00 0.00 0.00 0.00 0.00 0.00 0.00 0.00 0.00 0.00 0.00 0.00 0.00 0.00 0.00 0.00 0.01 0.05 0.04 0.00 0.00 0.04 0.01 0.09 0.06 0.03 0.05 0.03 0.03 0.00 0.00 0.00 0.00 0.00 0.00 0.00 0.00 0.00 0.00 0.00 0.00 0.00 0.00 0.00 0.00 0.03 0.01 0.19 0.19 0.21 0.21 0.22 0.23 0.17 0.18 0.22 0.20 0.17 0.17 0.18 0.16 0.08
0.18 0.08 0.07 0.00 0.00 0.00 0.00 0.00 0.00 0.00 0.00 0.00 0.00 0.00 0.00 0.00 0.00 0.00 0.00 0.00 0.00 0.00 0.00 0.00 0.00 0.00 0.00 0.00 0.00 0.00 0.00 0.00 0.00 0.00 0.00 0.00 0.00 0.00 0.00 0.00 0.00 0.00 0.00 0.03 0.01 0.06 0.05 0.01 0.02 0.01 0.00 0.00 0.00 0.00 0.00 0.00 0.00 0.00 0.00 0.00 0.00 0.00 0.00 0.00 0.00 0.00 0.00 0.00 0.01 0.13 0.13 0.15 0.16 0.15 0.15 0.12 0.11 0.13 0.11 0.10 0.08 0.09 0.06 0.01
0.18 0.10 0.15 0.01 0.00 0.01 0.00 0.00 0.00 0.00 0.00 0.00 0.00 0.00 0.00 0.00 0.00 0.00 0.00 0.00 0.00 0.00 0.00 0.00 0.00 0.00 0.00 0.00 0.00 0.00 0.00 0.00 0.00 0.00 0.00 0.00 0.00 0.00 0.00 0.00 0.00 0.00 0.00 0.00 0.00 0.00 0.00 0.00 0.00 0.00 0.00 0.00 0.00 0.00 0.00 0.00 0.00 0.00 0.00 0.00 0.00 0.00 0.00 0.00 0.00 0.00 0.00 0.00 0.01 0.07 0.08 0.10 0.11 0.11 0.09 0.06 0.06 0.05 0.04 0.03 0.01 0.00 0.00 0.00
0.16 0.15 0.19 0.00 0.00 0.00 0.00 0.00 0.00 0.00 0.00 0.00 0.00 0.00 0.00 0.00 0.00 0.00 0.00 0.00 0.00 0.00 0.00 0.00 0.00 0.00 0.00 0.00 0.00 0.00 0.00 0.00 0.00 0.00 0.00 0.00 0.00 0.00 0.00 0.00 0.00 0.00 0.00 0.00 0.00 0.00 0.00 0.00 0.00 0.00 0.00 0.00 0.00 0.00 0.00 0.00 0.00 0.00 0.00 0.00 0.00 0.00 0.00 0.00 0.00 0.00 0.00 0.00 0.00 0.03 0.03 0.04 0.05 0.05 0.03 0.02 0.03 0.02 0.01 0.00 0.00 0.00 0.00 0.00
0.35 0.38 0.17 0.05 0.01 0.00 0.00 0.00 0.00 0.00 0.00 0.00 0.00 0.00 0.00 0.00 0.00 0.00 0.00 0.00 0.00 0.00 0.00 0.00 0.00 0.00 0.00 0.00 0.00 0.00 0.00 0.00 0.00 0.00 0.00 0.00 0.00 0.00 0.00 0.00 0.00 0.00 0.00 0.00 0.00 0.00 0.00 0.00 0.00 0.00 0.00 0.00 0.00 0.00 0.00 0.00 0.00 0.00 0.00 0.00 0.00 0.00 0.00 0.00 0.00 0.00 0.00 0.00 0.00 0.00 0.00 0.00 0.00 0.00 0.00 0.00 0.00 0.00 0.00 0.00 0.00 0.00 0.00 0.00
0.30 0.25 0.20 0.02 0.01 0.00 0.00 0.00 0.00 0.00 0.00 0.00 0.00 0.00 0.00 0.00 0.00 0.00 0.00 0.00 0.00 0.00 0.00 0.00 0.00 0.00 0.00 0.00 0.00 0.00 0.00 0.00 0.00 0.00 0.00 0.00 0.00 0.00 0.00 0.00 0.00 0.00 0.00 0.00 0.00 0.00 0.00 0.00 0.00 0.00 0.00 0.00 0.00 0.00 0.00 0.00 0.00 0.00 0.00 0.00 0.00 0.00 0.00 0.00 0.00 0.00 0.00 0.00 0.00 0.00 0.00 0.00 0.00 0.00 0.00 0.00 0.00 0.00 0.00 0.00 0.00 0.00 0.00 0.00
0.28 0.35 0.29 0.02 0.01 0.00 0.00 0.00 0.00 0.00 0.00 0.00 0.00 0.00 0.00 0.00 0.00 0.00 0.00 0.00 0.00 0.00 0.00 0.00 0.00 0.00 0.00 0.00 0.00 0.00 0.00 0.00 0.00 0.00 0.00 0.00 0.00 0.00 0.00 0.00 0.00 0.00 0.00 0.00 0.00 0.00 0.00 0.00 0.00 0.00 0.00 0.00 0.00 0.00 0.00 0.00 0.00 0.00 0.00 0.00 0.00 0.00 0.00 0.00 0.00 0.00 0.00 0.00 0.00 0.00 0.00 0.00 0.00 0.00 0.00 0.00 0.00 0.00 0.00 0.00 0.00 0.00 0.00 0.00
0.03 0.10 0.06 0.00 0.00 0.00 0.00 0.00 0.00 0.00 0.00 0.00 0.00 0.00 0.00 0.00 0.00 0.00 0.00 0.00 0.00 0.00 0.00 0.00 0.00 0.00 0.00 0.00 0.00 0.00 0.00 0.00 0.00 0.00 0.00 0.00 0.00 0.00 0.00 0.00 0.00 0.00 0.00 0.00 0.00 0.00 0.00 0.00 0.00 0.00 0.00 0.00 0.00 0.00 0.00 0.00 0.00 0.00 0.00 0.00 0.00 0.00 0.00 0.00 0.00 0.00 0.00 0.00 0.00 0.00 0.00 0.00 0.00 0.00 0.00 0.00 0.00 0.00 0.00 0.00 0.00 0.00 0.00 0.00
0.00 0.00 0.00 0.00 0.00 0.00 0.00 0.00 0.00 0.00 0.00 0.00 0.00 0.00 0.00 0.00 0.00 0.00 0.00 0.00 0.00 0.00 0.00 0.00 0.00 0.00 0.00 0.00 0.00 0.00 0.00 0.00 0.00 0.00 0.00 0.00 0.00 0.00 0.00 0.00 0.00 0.00 0.00 0.00 0.00 0.00 0.00 0.00 0.00 0.00 0.00 0.00 0.00 0.00 0.00 0.00 0.00 0.00 0.00 0.00 0.00 0.00 0.00 0.00 0.00 0.00 0.00 0.00 0.00 0.00 0.00 0.00 0.00 0.00 0.00 0.00 0.00 0.00 0.00 0.00 0.00 0.00 0.00 0.00
0.00 0.00 0.00 0.00 0.00 0.00 0.00 0.00 0.00 0.00 0.00 0.00 0.00 0.00 0.00 0.00 0.00 0.00 0.00 0.00 0.00 0.00 0.00 0.00 0.00 0.00 0.00 0.00 0.00 0.00 0.00 0.00 0.00 0.00 0.00 0.00 0.00 0.00 0.00 0.00 0.00 0.00 0.00 0.00 0.00 0.00 0.00 0.00 0.00 0.00 0.00 0.00 0.00 0.00 0.00 0.00 0.00 0.00 0.00 0.00 0.00 0.00 0.00 0.00 0.00 0.00 0.00 0.00 0.00 0.00 0.00 0.00 0.00 0.00 0.00 0.00 0.00 0.00 0.00 0.00 0.00 0.00 0.00 0.00
0.00 0.00 0.00 0.00 0.00 0.00 0.00 0.00 0.00 0.00 0.00 0.00 0.00 0.00 0.00 0.00 0.00 0.00 0.00 0.00 0.00 0.00 0.00 0.00 0.00 0.00 0.00 0.00 0.00 0.00 0.00 0.00 0.00 0.00 0.00 0.00 0.00 0.00 0.00 0.00 0.00 0.00 0.00 0.00 0.00 0.00 0.00 0.00 0.00 0.00 0.00 0.00 0.00 0.00 0.00 0.00 0.00 0.00 0.00 0.00 0.00 0.00 0.00 0.00 0.00 0.00 0.00 0.00 0.00 0.00 0.00 0.00 0.00 0.00 0.00 0.00 0.00 0.00 0.00 0.00 0.00 0.00 0.00 0.00
0.00 0.00 0.00 0.00 0.00 0.00 0.00 0.00 0.00 0.00 0.00 0.00 0.00 0.00 0.00 0.00 0.00 0.00 0.00 0.00 0.00 0.00 0.00 0.00 0.00 0.00 0.00 0.00 0.00 0.00 0.00 0.00 0.00 0.00 0.00 0.00 0.00 0.00 0.00 0.00 0.00 0.00 0.00 0.00 0.00 0.00 0.00 0.00 0.00 0.00 0.00 0.00 0.00 0.00 0.00 0.00 0.00 0.00 0.00 0.00 0.00 0.00 0.00 0.00 0.00 0.00 0.00 0.00 0.00 0.00 0.00 0.00 0.00 0.00 0.00 0.00 0.00 0.00 0.00 0.00 0.00 0.00 0.00 0.00
0.00 0.00 0.00 0.00 0.00 0.00 0.00 0.00 0.00 0.00 0.00 0.00 0.00 0.00 0.00 0.00 0.00 0.00 0.00 0.00 0.00 0.00 0.00 0.00 0.00 0.00 0.00 0.00 0.00 0.00 0.00 0.00 0.00 0.00 0.00 0.00 0.00 0.00 0.00 0.00 0.00 0.00 0.00 0.00 0.00 0.00 0.00 0.00 0.00 0.00 0.00 0.00 0.00 0.00 0.00 0.00 0.00 0.00 0.00 0.00 0.00 0.00 0.00 0.00 0.00 0.00 0.00 0.00 0.00 0.00 0.00 0.00 0.00 0.00 0.00 0.00 0.00 0.00 0.00 0.00 0.00 0.00 0.00 0.00
0.00 0.00 0.00 0.00 0.00 0.00 0.00 0.00 0.00 0.00 0.00 0.00 0.00 0.00 0.00 0.00 0.00 0.00 0.00 0.00 0.00 0.00 0.00 0.00 0.00 0.00 0.00 0.00 0.00 0.00 0.00 0.00 0.00 0.00 0.00 0.00 0.00 0.00 0.00 0.00 0.00 0.00 0.00 0.00 0.00 0.00 0.00 0.00 0.00 0.00 0.00 0.00 0.00 0.00 0.00 0.00 0.00 0.00 0.00 0.00 0.00 0.00 0.00 0.00 0.00 0.00 0.00 0.00 0.00 0.00 0.00 0.00 0.00 0.00 0.00 0.00 0.00 0.00 0.00 0.00 0.00 0.00 0.00 0.00
0.00 0.00 0.00 0.00 0.00 0.00 0.00 0.00 0.00 0.00 0.00 0.00 0.00 0.00 0.00 0.00 0.00 0.00 0.00 0.00 0.00 0.00 0.00 0.00 0.00 0.00 0.00 0.00 0.00 0.00 0.00 0.00 0.00 0.00 0.00 0.00 0.00 0.00 0.00 0.00 0.00 0.00 0.00 0.00 0.00 0.00 0.00 0.00 0.00 0.00 0.00 0.00 0.00 0.00 0.00 0.00 0.00 0.00 0.00 0.00 0.00 0.00 0.00 0.00 0.00 0.00 0.00 0.00 0.00 0.00 0.00 0.00 0.00 0.00 0.00 0.00 0.00 0.00 0.00 0.00 0.00 0.00 0.00 0.00
