QPF/QPF_202208082200-60.txt
ncols 525
nrows 625
xllcorner -31082
yllcorner 11395
cellsize 1000.0
NODATA_value -9999.0
[rows 190 to 227 of 625, columns 168 to 251 of 525]
0.00 0.00 0.00 0.00 0.00 0.00 0.00 0.00 0.00 0.00 0.00 0.00 0.00 0.00 0.00 0.00 0.00 0.00 0.00 0.00 0.00 0.00 0.00 0.00 0.00 0.00 0.00 0.00 0.00 0.00 0.00 0.00 0.00 0.00 0.00 0.00 0.00 0.00 0.00 0.00 0.00 0.00 0.00 0.00 0.00 0.00 0.00 0.00 0.00 0.00 0.00 0.00 0.00 0.14 0.07 0.20 0.18 0.09 0.27 0.52 0.60 0.93 1.09 1.42 1.37 2.34 2.30 3.04 4.13 5.20 4.01 2.79 2.51 2.55 1.96 2.03 1.34 1.10 0.96 0.95 1.03 0.77 0.71 0.63
0.00 0.00 0.00 0.00 0.00 0.00 0.00 0.00 0.00 0.00 0.00 0.00 0.00 0.00 0.00 0.00 0.00 0.00 0.00 0.00 0.00 0.00 0.00 0.00 0.00 0.00 0.01 0.19 0.33 0.49 0.49 0.34 0.34 0.22 0.20 0.18 0.20 0.27 0.23 0.17 0.11 0.12 0.16 0.22 0.17 0.11 0.15 0.20 0.27 0.14 0.01 0.08 0.07 0.48 0.49 0.41 0.54 0.60 0.61 0.62 0.89 1.16 1.59 2.17 2.38 2.99 3.23 4.25 5.30 6.31 6.08 4.74 4.01 3.95 2.72 3.07 2.28 1.63 1.71 1.75 1.86 1.29 1.24 0.70
0.00 0.00 0.00 0.00 0.00 0.00 0.00 0.00 0.00 0.00 0.00 0.00 0.00 0.00 0.00 0.00 0.00 0.00 0.00 0.00 0.00 0.00 0.00 0.02 0.00 0.08 0.10 0.30 0.41 0.74 0.77 0.65 0.66 0.46 0.42 0.38 0.45 0.55 0.43 0.30 0.13 0.24 0.33 0.53 0.42 0.37 0.33 0.34 0.42 0.47 0.21 0.24 0.12 0.42 0.43 0.54 0.59 0.55 0.80 0.96 1.25 1.55 2.09 2.67 2.87 3.81 3.92 4.70 5.51 6.96 6.94 6.21 5.45 4.71 3.67 3.51 2.81 2.65 2.70 2.43 2.31 1.68 1.55 1.58
0.00 0.00 0.00 0.00 0.00 0.00 0.00 0.00 0.00 0.00 0.00 0.00 0.00 0.00 0.00 0.00 0.00 0.00 0.00 0.00 0.00 0.00 0.00 0.03 0.01 0.04 0.13 0.37 0.39 1.17 1.59 1.94 2.01 2.10 1.48 0.69 0.78 0.74 0.69 0.61 0.41 0.21 0.19 0.24 0.34 0.29 0.32 0.34 0.41 0.30 0.13 0.33 0.42 0.60 0.53 0.61 0.78 0.79 1.14 1.24 1.45 1.84 2.22 2.83 3.12 3.65 4.21 5.08 5.98 6.78 6.00 5.64 4.77 4.42 3.62 3.91 3.65 3.42 3.24 3.23 3.00 2.61 2.66 2.52
0.00 0.00 0.00 0.00 0.00 0.00 0.00 0.00 0.00 0.00 0.00 0.00 0.00 0.00 0.00 0.00 0.00 0.00 0.00 0.02 0.01 0.01 0.08 0.18 0.15 0.24 0.36 0.81 0.79 1.86 2.09 1.98 2.24 2.46 2.57 1.26 0.94 0.93 0.88 0.60 0.35 0.35 0.54 0.49 0.38 0.51 0.36 0.48 0.39 0.43 0.26 0.35 0.24 0.38 0.56 0.57 0.77 0.87 1.27 1.44 1.71 1.95 2.44 2.91 3.18 3.60 4.17 4.81 5.34 6.20 6.01 5.46 4.80 4.30 4.12 4.65 4.12 4.22 3.97 3.97 3.79 3.50 3.38 3.28
0.00 0.00 0.00 0.00 0.00 0.00 0.00 0.00 0.00 0.00 0.00 0.00 0.00 0.00 0.00 0.00 0.00 0.04 0.01 0.06 0.08 0.21 0.31 0.55 0.58 0.87 1.34 1.48 1.57 2.65 2.35 2.49 2.26 1.54 2.13 1.27 1.15 1.12 0.81 0.62 0.39 0.27 0.12 0.08 0.07 0.03 0.16 0.07 0.06 0.09 0.06 0.29 0.21 0.19 0.51 0.56 0.69 0.78 1.01 1.59 1.89 2.30 2.51 2.65 2.99 3.66 4.14 4.59 5.31 5.33 5.49 5.21 5.02 4.71 5.58 5.44 5.57 5.26 4.91 4.96 4.74 4.27 4.67 4.57
0.00 0.00 0.00 0.00 0.00 0.00 0.00 0.00 0.00 0.00 0.00 0.00 0.00 0.00 0.00 0.00 0.00 0.06 0.06 0.08 0.14 0.22 0.47 0.74 1.06 1.58 1.78 1.97 2.21 3.06 2.98 2.99 3.38 2.31 2.52 1.94 1.73 1.64 1.59 1.27 0.66 0.24 0.18 0.18 0.22 0.05 0.13 0.13 0.13 0.22 0.08 0.17 0.26 0.20 0.44 0.81 0.87 1.06 1.10 1.60 2.20 2.51 2.61 2.94 2.89 3.92 4.10 4.78 5.32 5.68 6.00 6.05 6.25 6.42 6.70 6.71 6.74 6.37 5.93 5.93 5.37 4.73 5.16 4.69
0.00 0.00 0.00 0.00 0.00 0.07 0.03 0.07 0.00 0.00 0.00 0.00 0.00 0.00 0.00 0.00 0.00 0.06 0.10 0.23 0.51 0.60 0.71 1.11 1.39 2.11 2.34 2.30 2.39 3.64 3.91 4.38 4.75 3.76 3.00 2.09 1.75 1.77 1.37 1.50 0.98 0.73 0.90 0.93 0.98 0.60 0.62 0.56 0.45 0.45 0.38 0.28 0.34 0.36 0.33 0.88 0.87 0.74 0.85 1.46 1.73 2.43 2.60 3.04 3.44 5.39 6.24 7.31 7.20 7.91 8.03 7.43 7.30 8.75 9.15 8.36 8.29 7.29 7.13 7.65 6.25 6.07 6.21 5.14
0.00 0.00 0.00 0.02 0.00 0.22 0.14 0.12 0.10 0.00 0.00 0.00 0.00 0.00 0.00 0.00 0.11 0.16 0.27 0.42 0.51 0.76 0.92 1.28 1.73 2.58 2.65 2.78 3.20 3.87 4.04 4.34 4.56 3.87 3.58 2.62 2.53 2.61 2.02 2.16 1.54 0.94 1.24 1.33 1.19 0.96 0.86 0.82 0.71 0.57 0.56 0.52 0.54 0.56 0.79 1.08 1.31 1.07 1.29 1.83 1.97 2.68 2.84 3.47 4.26 6.49 6.96 7.90 7.91 9.99 9.86 9.99 11.15 11.90 11.99 11.42 11.28 8.35 7.87 8.60 7.38 6.77 6.81 6.44
0.00 0.00 0.00 0.06 0.06 0.52 0.44 0.46 0.32 0.01 0.04 0.05 0.00 0.13 0.14 0.20 0.19 0.53 0.69 0.89 1.05 1.77 2.04 2.10 2.64 3.46 3.66 4.40 4.47 5.15 5.33 5.59 6.22 6.26 5.91 4.65 4.90 4.70 3.88 3.92 3.60 2.80 2.95 3.46 2.85 2.35 2.18 1.99 1.79 1.43 1.17 0.87 0.66 0.52 0.72 1.00 1.30 1.42 1.88 2.52 2.47 2.80 3.79 4.46 4.87 8.28 9.59 10.90 12.03 15.30 15.76 16.06 17.60 17.49 16.48 14.84 13.20 10.83 10.02 10.14 8.84 8.95 9.69 8.91
0.02 0.06 0.08 0.12 0.17 0.68 0.62 0.66 0.58 0.05 0.07 0.09 0.04 0.35 0.32 0.42 0.43 0.66 0.99 1.20 1.33 1.95 2.40 2.53 3.00 4.36 4.38 5.16 5.20 5.58 6.02 6.32 6.89 7.55 6.84 6.35 6.53 6.43 5.75 6.93 6.40 4.60 4.71 4.31 3.67 2.65 3.40 3.01 3.08 2.65 2.38 1.71 1.50 1.27 1.50 1.25 1.74 2.05 1.97 2.65 4.38 5.74 5.64 7.38 9.87 14.79 16.68 16.38 18.39 20.07 21.70 21.24 22.78 22.91 20.59 17.29 15.25 11.47 10.89 11.43 10.16 10.76 11.90 12.06
0.67 1.20 1.26 1.29 1.28 1.53 1.52 1.16 0.91 0.11 0.24 0.32 0.28 0.47 0.44 0.66 0.67 1.25 1.57 1.59 2.08 2.94 3.52 3.09 3.86 5.88 6.50 7.22 7.07 7.75 7.80 6.92 7.52 8.09 8.96 8.29 8.64 8.07 7.46 7.28 8.42 8.44 8.01 7.15 6.01 4.12 5.04 5.55 5.19 5.56 5.48 5.40 3.73 2.53 3.25 3.70 4.44 5.31 4.79 6.47 7.13 8.94 10.95 10.41 14.71 20.32 19.86 18.77 21.56 23.54 25.79 25.70 25.51 25.08 23.99 21.40 16.90 15.88 14.69 13.30 13.06 15.35 16.97 17.95
1.11 1.81 1.97 2.19 1.92 2.47 2.00 1.53 1.27 0.52 0.40 0.55 0.52 0.81 0.71 0.86 1.01 1.42 1.82 2.01 2.29 3.76 4.32 4.11 4.42 6.86 7.86 8.44 7.95 8.96 9.61 8.96 9.18 9.70 9.94 11.20 12.12 12.30 11.21 10.44 12.14 11.33 13.12 12.90 10.70 7.98 10.53 11.12 10.54 9.27 9.64 8.70 8.23 5.30 6.27 7.03 8.14 10.25 7.10 6.79 8.17 10.37 14.12 16.54 18.71 25.05 23.64 23.04 24.15 24.60 25.99 27.24 27.97 26.85 26.10 24.18 20.15 19.10 17.69 17.55 16.72 18.06 21.46 24.62
1.71 2.17 2.24 2.44 2.07 2.74 2.31 1.35 1.28 0.44 0.53 0.67 0.79 1.03 0.96 0.94 0.97 1.61 2.23 2.80 3.25 5.22 6.42 7.00 6.99 9.40 8.76 9.30 9.17 9.58 11.18 11.22 11.59 10.69 11.17 11.93 14.23 15.36 13.65 13.13 15.23 14.46 18.86 19.69 19.57 18.45 21.73 22.44 19.02 13.54 12.61 13.10 13.90 9.76 9.88 11.69 14.16 16.85 12.96 13.95 16.03 19.10 22.89 26.25 29.12 31.63 29.43 27.01 27.01 24.86 29.37 28.65 30.49 30.08 28.22 28.05 23.01 22.46 23.19 22.16 22.21 27.31 30.87 33.65
1.99 2.81 2.65 2.65 3.07 3.95 3.34 1.69 1.41 0.78 0.85 0.96 1.11 1.21 1.23 1.05 0.98 1.85 2.42 3.44 4.07 6.04 7.56 8.29 8.71 10.21 9.97 10.03 10.25 11.10 12.36 12.51 12.61 11.60 11.83 12.10 15.70 15.44 14.51 14.19 17.87 18.25 24.40 26.10 25.45 24.06 27.74 30.89 27.48 20.93 19.72 17.50 18.05 15.86 17.32 19.89 22.56 24.71 20.29 19.77 24.32 27.01 29.63 29.59 32.52 32.01 28.71 28.27 26.60 24.05 25.51 27.29 29.73 30.75 31.36 32.84 26.64 29.68 30.47 29.49 31.44 34.74 39.07 41.53
2.91 3.17 3.15 3.38 3.22 4.34 3.34 1.94 1.53 1.03 0.86 0.81 0.79 1.24 1.49 1.61 1.51 2.26 3.23 4.17 5.91 8.04 9.06 9.62 10.35 12.94 12.13 12.46 11.52 11.23 12.61 13.13 11.83 10.39 10.24 12.09 14.19 15.42 14.34 15.76 17.93 19.24 21.88 27.08 28.90 22.80 25.88 28.03 27.21 23.59 20.35 19.39 20.09 19.13 20.79 23.08 26.19 27.47 25.81 25.91 31.85 35.78 36.01 35.16 34.81 32.93 30.65 28.69 25.99 21.41 22.98 25.97 30.05 32.80 35.76 37.55 30.78 36.67 37.23 35.79 37.61 43.05 49.30 50.16
4.12 4.60 4.46 4.48 3.96 4.69 3.69 1.99 1.66 1.18 1.19 0.94 1.14 1.54 1.47 1.84 1.64 2.81 3.57 5.29 6.57 8.90 10.65 11.73 12.11 15.00 14.88 13.87 13.23 11.60 13.66 13.55 13.87 10.86 12.18 12.35 13.57 12.86 14.73 16.10 19.24 19.81 22.46 25.06 26.63 27.98 26.54 28.06 28.62 27.58 24.31 20.89 22.19 23.06 26.39 27.14 30.34 35.52 34.17 36.25 40.50 45.13 42.36 39.91 35.95 32.12 30.00 27.54 24.25 21.07 22.71 26.22 30.01 32.99 38.29 39.68 33.58 45.40 43.81 40.09 40.81 45.10 54.01 56.22
4.78 3.83 4.23 4.40 3.61 4.20 2.98 1.88 1.69 1.26 1.37 1.42 1.69 2.10 2.22 2.57 2.58 3.78 5.04 6.03 7.47 8.74 10.51 11.89 12.25 15.23 13.98 13.77 13.69 12.52 14.06 14.47 12.81 10.20 10.87 11.92 12.39 12.80 14.28 16.61 20.11 20.45 20.76 20.80 23.64 23.56 23.43 23.89 24.89 25.16 22.09 20.68 20.77 24.25 28.66 29.38 33.55 35.98 34.82 38.35 41.19 43.24 37.98 37.01 33.37 26.28 25.07 23.79 22.55 21.61 24.40 28.61 32.42 37.83 45.42 43.91 41.90 51.49 46.14 44.17 45.40 49.34 56.13 54.93
5.06 4.20 4.35 4.67 3.50 3.95 2.55 2.00 1.81 1.35 1.35 1.46 1.76 2.36 2.27 2.80 2.88 4.31 5.39 6.26 7.89 10.33 11.18 11.12 13.47 16.82 15.08 15.02 14.13 12.33 13.44 14.00 13.50 9.20 9.45 11.33 11.20 10.00 11.44 13.38 14.26 12.65 10.45 10.64 12.34 15.57 18.72 20.42 20.52 20.28 19.86 18.79 18.84 23.33 29.09 33.11 36.65 39.26 40.53 42.27 42.95 42.32 37.34 35.92 29.97 23.44 22.84 20.03 21.36 23.20 27.49 31.15 35.50 42.04 47.97 44.56 46.16 52.85 45.44 41.72 46.16 46.76 53.69 52.56
4.37 4.05 4.24 4.21 3.42 3.09 2.01 1.79 1.65 1.33 1.33 1.58 1.96 2.68 2.84 3.30 3.50 4.57 6.18 6.37 8.33 10.94 13.17 12.70 14.62 17.25 14.71 12.94 13.12 11.50 12.90 12.87 11.78 9.28 8.33 8.20 8.35 8.54 9.49 9.57 9.13 8.14 7.60 7.05 7.13 7.95 11.99 15.57 15.88 16.63 14.44 15.01 16.77 22.73 29.38 34.52 39.54 41.48 36.42 35.54 34.34 37.71 31.95 29.55 25.10 19.85 19.33 18.42 21.87 26.60 31.53 35.86 39.63 46.97 54.65 48.07 51.27 55.26 48.22 47.29 44.17 45.33 48.98 48.26
2.97 2.18 2.80 3.32 3.04 2.81 1.66 1.48 1.79 1.07 1.36 1.59 1.96 3.04 2.92 3.94 4.13 5.96 7.60 8.23 9.17 10.89 12.86 12.81 13.06 15.02 13.99 14.17 13.46 12.44 11.69 11.92 11.71 7.61 7.06 6.46 5.95 6.04 6.22 7.27 6.76 7.06 6.92 6.31 6.45 7.72 10.46 12.79 12.72 13.58 13.07 14.62 16.42 20.58 26.64 32.35 41.02 41.72 38.32 32.31 30.31 33.84 29.65 26.38 23.02 18.97 18.36 20.69 23.62 28.90 33.41 38.06 44.10 50.34 51.79 51.13 53.26 52.70 48.12 46.45 42.52 39.85 43.71 43.74
1.67 1.42 1.49 2.47 2.64 2.26 1.70 1.83 1.80 1.58 1.83 1.67 2.22 3.63 3.46 4.26 4.60 6.07 7.64 8.50 9.67 10.64 11.97 12.54 13.88 14.33 13.82 15.07 13.33 12.14 12.29 10.84 10.24 7.28 6.28 4.88 5.08 4.46 4.96 6.26 6.94 8.56 8.18 8.65 9.25 10.03 12.67 13.17 14.03 14.28 13.83 14.18 15.31 19.27 23.04 29.61 37.73 38.91 37.16 26.20 25.68 27.68 23.30 21.84 21.47 18.81 18.97 20.65 24.90 30.00 32.43 37.50 46.26 47.58 50.96 49.50 51.87 50.96 45.93 43.40 39.11 36.64 36.07 35.04
1.02 1.18 1.16 2.01 2.20 2.44 1.75 1.90 1.79 1.45 1.75 2.46 3.03 4.43 4.13 4.66 5.35 6.28 8.18 9.01 9.29 9.99 11.11 12.96 13.81 14.42 12.85 13.92 15.75 15.42 15.15 13.22 11.57 8.17 6.64 5.47 5.71 5.06 5.21 5.99 6.13 8.70 9.19 10.60 11.74 12.71 14.86 15.89 16.44 15.98 14.63 14.82 15.50 17.54 20.46 26.85 31.89 33.67 32.94 26.86 24.66 25.12 21.47 20.50 20.11 18.01 20.79 24.57 28.76 31.96 36.05 42.97 47.88 49.79 50.37 48.46 49.89 46.21 41.42 38.04 35.75 31.60 30.40 27.85
0.82 1.20 1.03 1.95 2.14 2.34 1.98 2.06 1.70 1.52 2.17 2.53 3.29 5.18 4.90 5.23 5.17 6.12 7.60 8.69 8.95 8.66 9.65 11.62 12.80 14.56 14.70 17.11 19.43 23.14 22.91 18.79 16.05 12.00 10.57 7.41 7.68 6.95 6.61 7.22 8.21 11.17 12.58 14.44 15.43 16.22 17.60 17.08 17.08 17.82 17.29 16.24 16.72 14.77 14.10 17.80 23.98 24.98 25.52 23.76 21.11 21.88 19.16 17.76 17.77 17.92 20.71 25.30 28.97 32.75 35.41 40.20 43.83 46.29 47.14 43.16 42.52 39.88 36.46 31.95 28.98 25.49 24.59 21.74
0.70 1.05 1.04 1.73 2.34 2.32 2.29 2.82 2.15 1.88 1.93 2.97 3.71 5.19 5.12 5.34 5.56 6.04 7.46 8.65 9.10 9.41 9.29 10.92 13.00 16.18 19.66 21.60 26.80 29.75 27.50 24.73 22.64 18.85 15.92 11.94 11.44 9.75 9.54 11.32 11.16 14.78 17.48 20.75 21.80 21.01 20.22 19.64 18.97 17.78 17.16 16.01 16.10 13.75 15.01 16.35 19.83 21.10 21.27 21.08 18.25 21.02 18.17 17.58 17.77 17.78 22.13 23.71 27.75 30.83 32.75 36.18 41.75 42.77 43.69 40.71 40.77 37.47 33.82 29.87 26.57 22.42 21.23 18.81
0.73 1.05 1.17 1.90 2.38 2.43 2.49 2.64 2.12 2.19 2.39 3.07 4.10 5.47 5.67 5.54 5.60 6.31 6.34 7.06 7.44 7.58 8.66 11.04 14.21 17.93 23.53 27.34 32.03 32.39 29.72 30.93 30.70 26.26 23.43 22.19 19.64 14.25 14.08 15.58 16.69 19.84 22.01 25.99 27.64 26.52 24.06 22.22 20.65 18.76 17.61 15.94 15.89 12.78 13.34 14.00 16.35 17.97 18.15 17.96 16.53 18.47 16.21 14.94 13.95 15.60 18.04 20.05 23.56 26.71 29.16 31.53 36.48 37.77 39.48 37.30 35.49 33.27 28.59 23.44 20.39 18.09 16.62 14.25
0.88 1.26 1.65 2.07 2.61 2.49 2.67 2.66 2.20 2.49 2.32 3.53 4.23 5.67 5.63 5.33 5.38 6.10 6.25 6.48 6.54 7.10 9.32 11.44 13.86 18.31 24.50 29.89 33.69 34.39 34.62 35.12 35.42 32.08 29.13 28.29 25.98 19.23 19.51 21.19 21.79 23.59 25.79 28.37 30.23 28.59 27.01 24.03 21.75 18.24 17.17 15.14 14.75 12.94 13.13 12.78 13.87 14.58 15.05 15.69 14.78 16.92 14.75 14.09 13.27 14.23 16.22 17.32 19.78 22.27 25.08 26.88 31.48 32.49 34.38 32.70 31.95 30.18 24.89 20.77 19.06 15.78 15.59 12.95
0.82 1.29 1.59 2.17 2.01 2.02 2.22 2.15 2.15 2.49 2.70 3.65 4.09 4.94 5.30 5.15 5.25 6.09 6.08 6.62 6.33 6.80 8.46 11.93 15.05 20.09 25.26 29.78 35.22 37.39 38.53 41.75 40.96 37.96 34.14 32.06 31.25 27.24 24.83 25.03 24.53 25.78 27.70 30.05 31.07 32.15 29.71 25.53 22.29 19.62 17.98 15.54 15.39 13.51 13.34 12.63 12.43 12.64 13.30 13.77 13.40 14.61 13.53 12.43 11.93 11.59 12.78 13.54 15.14 17.69 19.95 22.41 25.92 27.38 28.83 27.27 26.20 23.88 18.05 15.88 12.60 12.00 11.23 9.66
0.86 1.38 1.79 1.77 1.96 2.08 2.18 2.07 2.11 2.22 2.85 3.86 4.20 5.01 4.94 5.17 5.00 5.62 5.55 5.75 5.85 6.45 8.76 12.07 16.79 21.89 27.58 31.63 37.10 39.48 41.43 45.32 45.35 41.79 37.15 34.24 32.23 27.16 26.26 25.49 24.01 26.52 28.32 30.57 31.33 32.63 31.09 27.52 23.24 20.31 18.07 15.19 14.57 12.78 12.45 12.12 11.60 11.19 11.55 12.00 12.03 13.02 12.31 11.40 10.85 10.07 10.47 10.92 12.07 14.20 16.27 18.28 21.25 22.09 23.97 22.78 21.74 19.63 16.14 13.11 10.52 9.67 9.00 7.29
0.58 0.79 1.01 1.40 1.39 1.74 1.89 1.77 1.89 1.97 2.27 3.59 4.42 4.40 4.75 5.01 4.83 5.42 5.71 6.29 6.02 6.92 9.64 13.79 17.65 24.07 28.69 32.49 37.99 41.40 43.36 48.58 47.56 44.37 40.18 34.75 30.90 26.52 27.74 25.31 24.21 24.77 26.46 28.88 31.30 32.63 30.19 28.68 24.66 20.85 18.65 15.59 14.82 13.01 12.70 12.93 12.06 11.00 11.33 11.25 11.17 11.42 10.84 10.68 10.31 10.20 10.72 10.66 11.40 12.66 13.88 16.18 18.30 18.77 19.62 18.88 17.77 16.85 13.26 10.91 9.01 8.62 8.12 6.89
0.78 0.87 0.84 1.31 1.45 1.65 1.76 1.85 1.77 1.94 2.37 3.66 3.96 4.37 4.44 5.07 4.84 5.78 5.72 6.30 6.49 6.66 9.41 13.60 17.96 24.23 30.57 37.07 40.68 44.02 46.75 49.76 48.97 45.65 40.33 33.99 30.31 24.84 24.24 22.94 21.61 21.52 23.78 25.66 28.48 30.40 28.74 27.41 23.67 20.47 18.23 16.11 15.21 13.21 12.83 12.94 11.96 10.89 10.86 10.53 10.70 11.01 10.56 10.50 10.16 9.70 10.20 9.96 10.43 11.33 12.25 13.67 15.27 15.34 15.66 14.71 14.16 13.09 10.47 8.72 7.75 7.35 6.60 5.36
0.78 1.10 0.93 1.18 1.31 1.53 1.89 1.92 2.09 2.14 2.33 3.46 3.72 3.98 4.25 4.92 4.87 6.31 6.58 7.14 7.13 6.76 10.38 14.85 18.50 24.63 32.70 38.92 41.50 46.09 46.25 48.29 46.73 43.19 37.70 31.23 27.77 20.99 20.62 19.70 18.23 18.78 20.47 21.81 24.46 26.88 26.62 25.58 21.94 19.92 17.28 16.27 15.39 13.56 12.91 13.19 12.09 10.79 10.61 10.02 10.08 10.00 9.66 9.89 9.68 9.30 9.74 9.85 10.38 11.48 12.03 12.96 13.90 13.74 13.76 12.92 11.87 11.43 9.57 7.87 6.92 6.57 5.85 4.42
1.04 1.13 1.15 1.24 1.13 1.36 1.51 1.89 1.99 2.10 2.38 2.95 3.30 3.43 3.69 4.73 4.95 6.50 6.54 7.42 8.04 8.19 10.96 15.27 19.11 27.04 34.44 38.20 42.18 45.09 45.53 46.07 43.44 39.27 34.18 27.60 23.40 17.34 16.39 15.79 14.23 15.64 17.00 18.51 20.88 23.67 24.26 23.15 20.22 17.92 16.97 16.14 15.65 13.60 12.89 13.24 11.60 10.24 10.22 9.42 9.50 9.19 8.84 9.38 9.20 9.01 9.18 9.38 9.98 10.98 11.58 11.99 12.82 12.16 11.96 10.98 9.88 9.56 8.11 6.81 5.92 5.61 5.16 3.99
0.83 1.03 1.05 1.13 1.08 1.32 1.24 1.70 1.72 1.82 1.98 2.46 2.60 2.84 3.70 4.54 4.70 6.71 6.67 7.52 8.50 8.26 10.71 15.16 19.47 27.29 33.47 39.13 40.11 40.97 41.27 40.62 37.93 32.95 28.16 23.17 19.56 14.61 13.36 12.35 11.10 11.56 13.44 14.26 16.42 19.12 19.45 18.98 17.30 16.49 15.91 15.41 15.02 12.78 11.76 12.23 10.92 10.34 10.59 10.21 10.50 9.92 9.44 9.67 9.64 9.27 9.16 9.39 9.66 10.78 10.99 11.25 11.54 11.10 10.75 10.07 8.94 8.36 6.97 5.75 5.01 4.81 4.46 3.65
1.07 0.72 0.77 1.08 0.99 1.26 1.39 1.78 1.75 1.82 1.89 2.50 2.38 2.40 2.82 4.54 4.63 6.91 6.96 7.10 8.06 7.83 10.62 14.83 19.85 26.98 33.19 36.17 34.31 34.99 34.29 33.25 31.05 27.41 23.00 18.88 15.98 12.74 11.78 10.42 9.22 10.27 11.38 12.48 13.92 16.42 16.38 16.43 15.07 15.47 15.24 14.35 14.39 11.63 10.51 10.64 9.63 9.50 9.76 9.27 9.35 8.41 8.07 7.94 8.03 7.84 7.76 7.90 8.34 9.36 9.70 9.78 10.08 9.70 9.40 8.74 7.94 7.65 6.52 5.29 4.55 4.32 3.82 3.13
1.84 2.35 1.54 1.71 1.74 1.32 1.55 1.96 2.17 2.36 2.50 2.72 2.29 1.99 2.36 4.18 4.61 6.67 7.05 7.01 6.93 7.35 9.79 13.77 17.25 23.40 28.15 31.53 30.61 29.15 27.40 25.00 23.45 20.06 17.14 15.63 13.03 11.43 10.09 9.67 8.68 9.17 10.27 10.79 11.60 13.66 14.01 14.61 14.30 15.23 14.58 13.45 12.83 9.94 8.77 8.70 8.05 8.66 8.81 8.24 7.98 7.09 6.79 6.46 6.42 6.12 6.06 6.32 6.92 7.86 8.00 8.14 8.11 7.66 7.28 6.44 6.07 6.01 5.17 4.19 3.58 3.20 2.73 2.26
2.04 2.08 2.42 1.90 1.96 1.44 1.70 2.11 2.41 2.61 2.48 2.66 1.95 2.20 2.58 3.88 4.17 6.00 6.27 6.02 5.84 5.80 8.53 12.24 15.97 20.52 24.10 27.90 27.41 26.57 22.37 19.51 17.49 15.32 13.73 12.53 11.41 9.98 9.19 8.83 8.00 8.08 8.93 9.41 10.54 12.63 12.82 13.72 13.53 14.72 14.08 12.69 11.54 8.67 7.97 7.81 7.30 8.15 8.18 7.74 7.63 6.37 6.00 5.42 5.43 5.34 5.41 5.60 5.97 6.76 6.92 7.00 6.92 6.44 6.18 5.48 5.18 5.01 4.45 3.59 3.13 2.69 2.32 2.13
3.30 4.39 4.66 3.71 3.40 2.75 2.97 2.88 3.25 3.71 3.54 3.12 2.74 2.43 2.75 3.66 4.04 5.62 5.57 5.92 5.88 5.75 7.27 10.03 11.70 15.56 19.71 23.51 23.30 21.87 18.48 14.26 13.11 11.32 10.85 10.75 10.12 9.33 8.99 8.58 8.17 7.98 8.30 8.38 9.67 11.03 11.38 12.49 12.60 13.48 12.66 11.10 9.30 6.41 5.94 6.10 5.77 6.64 6.44 6.02 5.92 5.17 4.98 4.67 4.72 4.61 4.70 4.85 5.26 5.70 5.75 5.91 5.90 5.49 5.47 4.76 4.58 4.45 3.93 3.24 2.75 2.60 2.26 2.09
