QPF/QPF_202208082200-80.txt
ncols 525
nrows 625
xllcorner -31082
yllcorner 11395
cellsize 1000.0
NODATA_value -9999.0
[rows 190 to 227 of 625, columns 252 to 335 of 525]
0.42 0.36 0.39 0.38 0.31 0.05 0.05 0.05 0.03 0.14 0.08 0.15 0.10 0.05 0.06 0.04 0.01 0.00 0.00 0.00 0.00 0.00 0.00 0.00 0.00 0.00 0.00 0.00 0.00 0.00 0.00 0.00 0.00 0.00 0.00 0.00 0.00 0.00 0.00 0.00 0.02 0.03 0.01 0.04 0.04 0.01 0.01 0.02 -0.01 0.21 0.10 0.49 0.43 0.60 0.52 0.89 1.11 1.21 1.45 1.87 2.55 2.94 4.26 5.65 7.01 13.48 15.30 16.59 18.99 16.19 16.19 13.29 12.57 14.27 12.78 12.46 12.72 11.80 12.08 12.60 12.85 13.34 13.17 13.47
0.82 0.63 0.34 0.33 0.37 0.01 0.02 0.03 0.14 0.54 0.55 0.74 0.73 0.95 1.14 1.20 0.55 0.00 0.02 0.01 0.07 0.00 -0.00 0.00 0.00 0.01 0.00 0.01 0.00 0.01 0.01 0.01 0.01 0.00 0.00 0.00 0.00 0.01 0.01 0.01 0.01 0.00 0.01 0.00 -0.04 0.06 0.01 0.12 0.09 0.47 0.55 0.70 0.80 1.00 0.90 1.45 2.16 1.86 2.27 3.09 3.84 5.75 8.47 9.55 12.07 17.22 19.26 20.69 22.20 19.78 18.47 15.61 15.05 16.60 14.80 13.82 14.30 13.15 13.55 13.92 13.73 14.57 13.57 13.30
0.90 0.63 0.61 0.46 0.54 0.04 0.05 0.13 0.06 0.31 0.11 1.05 0.95 1.73 1.18 1.16 0.59 -0.01 0.46 0.07 0.37 0.28 0.12 0.02 0.00 0.01 -0.01 0.01 0.00 0.00 0.02 -0.02 0.03 0.00 0.00 0.01 0.00 0.02 -0.02 -0.01 0.01 0.00 0.00 0.04 0.08 0.04 -0.01 0.24 0.07 0.65 0.61 0.97 1.04 1.41 1.42 2.20 2.36 2.37 2.30 3.12 3.83 5.82 9.12 10.29 13.31 18.31 21.63 21.89 21.33 17.90 16.11 14.72 14.70 14.31 13.74 12.68 12.67 11.35 11.69 12.51 12.08 12.81 12.05 11.88
1.14 1.15 1.14 1.11 1.35 0.61 0.43 0.42 0.43 0.66 0.53 1.48 1.66 1.47 1.34 1.60 1.73 0.07 0.30 0.31 0.28 0.04 0.06 0.03 0.01 0.05 0.02 0.04 0.01 0.01 0.03 0.10 0.04 0.00 0.00 0.00 -0.01 0.00 0.02 0.03 0.01 0.00 0.00 0.01 0.01 0.02 0.06 0.35 0.20 0.88 0.89 1.12 1.17 2.04 1.62 2.71 2.98 3.14 3.27 3.72 4.41 7.93 10.06 11.53 14.62 19.51 21.59 22.47 20.58 15.79 14.39 13.12 12.96 13.24 12.05 11.33 11.05 10.25 9.71 10.08 10.05 10.19 9.88 9.75
1.49 1.09 1.28 0.83 0.89 0.08 0.19 0.47 0.36 1.07 1.04 1.19 1.91 3.80 2.84 3.27 2.47 0.26 1.50 0.96 1.49 0.52 0.17 0.12 0.00 0.17 0.07 0.03 0.02 0.01 -0.04 0.14 0.01 0.02 0.01 0.00 0.01 0.04 0.00 0.01 0.01 0.01 0.02 0.15 0.11 0.17 0.28 0.51 0.44 1.09 1.18 1.27 1.57 2.32 2.29 2.55 2.56 3.13 3.02 3.48 4.27 6.44 7.43 8.75 10.63 15.51 19.15 19.11 19.51 13.27 11.72 9.93 8.43 10.27 9.94 9.17 8.63 8.42 8.67 8.81 8.59 9.08 8.53 8.47
1.05 1.25 1.46 1.10 1.40 0.85 0.68 0.79 0.84 1.06 0.95 1.48 1.52 3.58 2.48 2.66 1.37 0.22 1.51 1.19 2.08 0.49 0.23 0.62 0.21 0.44 0.24 0.38 0.43 0.26 0.23 0.22 0.24 0.08 0.10 0.03 0.04 0.10 -0.01 0.09 0.06 0.46 0.47 0.84 0.64 1.06 0.72 0.71 0.93 1.10 1.28 1.46 1.93 2.58 2.48 2.85 2.88 3.54 3.62 3.95 4.52 6.51 7.07 7.75 9.02 12.83 15.72 17.31 17.85 12.92 10.57 8.69 7.10 8.10 8.06 7.42 7.41 6.84 6.97 6.68 6.80 6.51 6.66 6.46
1.27 1.08 1.62 1.23 1.34 0.85 0.88 1.11 2.00 2.50 2.06 1.99 2.13 2.94 3.41 2.62 1.91 0.94 1.17 1.26 2.15 1.09 1.54 1.49 1.09 0.98 0.78 0.54 0.77 1.10 1.34 1.05 0.55 0.67 0.30 0.45 0.24 0.27 0.29 0.38 0.73 0.57 0.79 0.82 0.87 0.95 1.14 1.16 1.12 1.49 1.60 1.68 1.85 2.46 2.60 2.83 2.89 3.42 3.44 3.89 4.22 5.41 5.99 6.77 7.31 9.27 10.20 10.29 12.44 10.14 9.21 7.71 6.77 6.97 6.80 6.27 5.83 5.73 5.80 5.77 5.70 5.83 5.65 5.51
1.90 1.78 2.10 1.47 1.44 0.45 1.08 0.96 1.19 1.48 1.45 1.57 2.05 3.82 3.99 3.94 3.54 1.72 2.05 1.14 2.32 1.51 1.99 2.60 1.85 2.65 2.10 2.97 3.85 4.21 4.62 2.43 2.45 1.18 1.19 0.86 1.31 1.21 1.12 1.10 0.99 0.94 1.20 1.53 1.70 2.03 1.81 2.05 2.25 2.22 2.00 1.76 1.95 2.20 2.59 2.72 2.82 3.29 3.37 3.80 4.13 4.52 4.95 5.77 6.31 6.85 7.60 8.02 7.73 7.23 6.71 6.17 5.54 5.89 5.50 5.56 5.36 5.07 5.06 5.30 5.08 4.90 4.83 4.64
1.70 1.63 1.55 1.31 1.47 1.00 1.00 1.25 1.40 1.24 1.25 1.57 2.27 3.52 3.59 3.85 4.23 2.81 3.39 2.30 2.51 2.66 2.91 4.25 3.87 4.46 4.47 6.01 7.34 8.15 6.80 5.09 3.76 2.00 1.83 1.62 1.69 1.20 1.08 1.33 1.47 1.36 1.61 1.91 1.86 1.99 2.30 2.37 2.43 2.37 2.31 1.86 2.03 2.00 2.32 2.56 2.71 3.18 3.48 3.63 3.86 4.15 4.58 5.35 5.88 6.07 6.01 6.44 6.98 5.85 6.27 5.66 5.19 5.28 5.19 5.05 5.23 4.88 4.74 4.63 4.47 4.28 4.15 4.12
2.23 2.15 2.54 1.85 1.95 1.05 1.43 1.63 2.13 2.36 2.34 2.46 3.84 5.57 6.17 6.50 6.53 5.24 5.76 4.38 4.62 4.82 4.82 6.01 7.86 9.56 11.79 12.79 17.80 17.34 13.38 12.32 8.89 3.97 3.45 2.72 3.46 2.56 2.72 2.63 2.81 2.33 2.24 2.26 2.63 3.29 3.36 3.93 3.59 3.91 3.46 2.74 2.73 2.38 2.58 3.06 3.04 3.55 3.34 3.45 3.62 3.72 4.09 4.20 4.62 4.70 4.79 5.27 5.40 5.23 4.99 5.04 4.80 5.27 5.02 4.80 5.04 4.51 4.55 4.62 4.31 3.82 3.76 3.62
2.25 1.56 2.05 1.96 1.90 1.29 1.85 2.01 3.09 3.37 3.07 3.24 4.35 6.15 7.64 8.65 8.33 7.32 8.22 8.85 8.10 8.87 9.24 10.18 13.37 16.46 20.34 21.20 22.01 22.05 21.16 20.27 14.09 6.00 4.90 4.39 4.29 2.42 2.91 3.15 3.41 2.87 2.70 3.27 2.85 3.57 3.82 4.09 4.06 3.86 3.56 2.67 2.50 2.42 2.62 3.12 3.11 3.74 3.75 3.67 3.83 4.03 4.22 4.40 4.70 4.98 4.87 5.49 5.45 4.99 5.02 4.81 4.63 5.15 4.89 4.74 4.66 4.32 4.29 4.23 4.00 3.54 3.57 3.38
1.49 1.21 1.07 1.45 1.70 1.87 1.81 2.38 3.20 5.16 5.31 6.35 6.69 9.13 9.23 13.00 14.69 14.68 12.53 15.49 17.49 18.07 17.77 18.52 22.85 25.49 26.81 26.13 23.28 25.79 24.32 20.97 16.25 10.02 7.59 6.43 6.17 3.57 4.47 5.26 5.95 4.61 3.88 4.42 3.92 4.62 5.17 5.11 4.94 4.10 3.66 2.81 2.88 2.76 2.95 3.34 3.30 3.78 3.85 4.03 4.22 4.52 4.94 4.94 5.24 5.42 5.34 5.99 5.73 5.11 4.91 4.69 4.43 4.82 4.76 4.66 4.52 3.95 4.02 3.96 3.71 3.51 3.26 3.08
1.65 1.30 1.50 1.37 1.76 3.16 3.96 4.29 4.74 6.16 7.43 8.86 9.09 12.53 15.73 21.64 24.15 22.64 21.42 26.48 26.68 27.90 27.56 28.77 29.78 33.92 33.98 33.18 30.48 30.37 29.28 25.98 20.96 14.01 11.70 8.70 7.52 4.04 4.88 5.62 6.63 5.74 5.58 5.45 4.73 5.58 5.46 5.55 5.26 4.24 4.17 3.30 3.37 2.97 3.18 3.61 3.57 4.27 4.14 4.38 4.53 4.87 5.26 5.07 5.43 5.42 5.60 6.16 5.97 5.05 5.03 4.66 4.51 4.74 4.66 4.55 4.33 3.90 3.77 3.60 3.49 2.94 3.02 2.86
2.83 2.16 2.37 2.32 2.45 3.34 4.65 6.04 5.77 7.39 9.10 10.46 12.91 17.96 21.34 27.42 29.17 29.56 27.29 28.13 31.55 36.83 38.32 38.62 36.23 37.07 35.24 34.12 32.00 32.58 29.34 25.63 21.88 15.83 12.67 9.17 7.86 4.09 4.49 6.37 8.70 7.71 7.05 6.86 5.86 6.40 6.62 6.41 6.04 5.04 5.27 4.09 3.89 3.73 3.91 4.49 4.40 5.03 5.00 5.01 5.28 5.94 5.89 5.68 5.80 5.52 5.58 5.82 5.97 4.90 4.78 4.65 4.67 5.00 4.73 4.60 4.42 3.73 3.68 3.44 3.27 2.97 2.91 2.69
3.70 3.79 3.53 4.15 3.71 5.00 5.89 6.68 7.77 8.46 10.31 11.73 15.18 19.82 24.71 30.45 32.92 32.63 31.17 31.94 35.18 40.24 41.46 40.42 38.67 38.38 36.38 33.71 30.95 30.84 28.46 26.09 22.90 17.87 14.81 11.33 10.38 5.44 5.28 6.33 7.81 7.88 7.55 7.23 6.34 6.61 6.67 6.50 6.34 5.47 5.15 4.35 4.25 3.88 4.08 4.55 4.57 5.33 5.19 5.18 5.25 5.96 6.03 5.91 5.92 5.65 5.67 5.74 5.85 4.95 4.78 4.95 4.95 5.13 4.87 4.72 4.55 3.77 3.62 3.40 3.21 2.92 2.85 2.57
6.21 6.22 6.82 7.60 6.77 6.14 7.02 7.72 8.52 9.41 10.85 12.59 15.03 20.87 25.04 32.57 34.70 37.79 33.14 34.62 37.49 42.67 45.42 43.46 42.01 40.86 38.18 35.51 32.54 30.32 27.22 25.60 21.64 16.78 14.54 12.35 10.46 6.16 6.15 7.03 8.06 8.54 8.17 8.31 7.21 7.42 6.96 6.57 6.13 4.96 5.11 4.44 4.25 3.97 4.01 4.44 4.89 5.24 5.16 5.22 5.31 6.19 6.36 6.21 6.08 5.58 5.48 5.39 5.63 4.74 4.79 4.88 4.59 5.09 5.06 4.52 4.24 3.43 3.31 3.14 2.95 2.76 2.65 2.56
8.07 8.20 8.67 9.54 8.97 8.50 8.55 8.43 8.73 10.57 12.52 14.36 15.75 21.36 26.95 33.10 33.75 38.13 33.96 33.82 37.02 40.43 40.64 40.64 39.24 38.03 36.30 33.12 30.49 26.49 23.55 21.81 18.93 14.54 12.58 11.24 9.88 6.58 6.45 7.05 7.55 7.66 7.76 7.59 6.93 7.29 6.92 6.62 6.15 5.26 5.31 4.45 4.41 4.24 4.41 4.69 4.95 5.57 5.41 5.52 5.42 6.32 6.26 6.50 6.26 5.67 5.55 5.61 5.66 4.59 4.72 4.91 4.92 5.51 5.19 4.80 4.43 3.40 3.23 3.08 2.97 2.84 2.65 2.62
9.85 9.70 10.37 11.87 13.20 12.57 11.43 10.77 11.30 13.46 15.66 18.74 19.76 24.85 30.09 37.27 38.09 40.51 38.49 37.17 36.87 36.84 36.56 35.31 33.11 31.69 28.86 26.58 23.32 19.51 16.79 14.76 12.71 9.56 9.15 8.56 7.99 6.47 6.77 6.98 7.38 7.43 7.32 7.13 6.84 7.86 7.33 6.65 6.22 5.09 5.14 4.71 4.44 4.70 4.67 4.97 5.16 5.95 5.98 6.16 6.08 6.85 6.68 7.00 6.81 6.39 6.35 6.38 6.36 5.25 5.25 5.50 5.65 6.04 5.81 5.18 4.83 3.66 3.51 3.14 2.97 2.99 2.81 2.74
10.80 11.40 11.94 11.75 13.52 13.76 13.62 13.96 12.68 14.55 19.21 20.41 24.44 28.65 32.69 36.53 37.49 40.94 36.70 33.31 34.11 33.31 32.15 30.94 28.80 27.20 24.77 23.22 20.20 16.29 13.43 11.69 9.74 7.92 7.74 7.42 6.80 5.93 6.29 6.53 7.03 7.45 6.82 6.68 6.73 8.19 7.41 6.66 6.03 5.04 5.23 4.55 4.43 4.95 4.81 5.18 5.26 5.86 6.19 6.37 6.25 6.89 6.72 7.12 7.05 6.53 6.55 6.29 6.43 5.36 5.29 5.50 5.63 5.97 5.65 5.25 4.95 3.73 3.57 3.18 2.96 3.02 2.86 2.84
14.66 14.96 15.35 16.24 16.75 17.17 16.26 16.74 15.72 19.28 22.51 22.68 27.71 31.91 36.03 36.68 35.99 36.96 33.84 30.67 31.20 28.46 27.40 24.84 23.56 21.65 19.95 19.33 16.76 13.62 11.30 9.47 8.39 7.01 6.86 6.31 6.14 5.61 5.70 5.81 6.23 6.76 6.75 6.78 6.63 7.14 6.73 6.33 5.74 4.73 4.88 4.48 4.70 5.00 5.28 5.58 5.72 6.17 6.22 6.56 6.58 7.19 7.08 7.67 7.45 6.78 6.72 6.47 6.42 5.51 5.56 5.76 5.89 6.18 5.77 5.32 5.01 3.78 3.64 3.25 3.14 3.14 3.09 2.96
17.87 20.46 18.67 16.35 17.75 18.54 19.20 18.53 17.27 22.67 22.52 21.84 28.91 32.23 34.78 34.01 31.04 32.63 29.14 25.15 24.71 22.24 22.12 19.62 18.13 16.36 14.67 14.20 12.55 9.58 8.41 7.27 6.77 5.65 5.70 5.25 5.06 5.04 5.09 5.26 5.82 6.66 7.07 6.74 6.53 6.79 6.88 6.47 5.48 4.48 4.53 4.44 4.38 5.07 5.28 5.64 5.81 6.11 6.02 6.49 6.66 7.22 7.22 7.79 7.60 6.82 6.69 6.54 6.52 5.72 5.66 6.00 6.27 6.26 5.97 5.37 5.09 3.76 3.65 3.38 3.19 3.19 3.14 2.93
26.37 25.08 22.41 21.11 24.14 23.53 23.43 21.35 21.15 26.05 22.95 20.84 26.54 28.61 31.52 29.93 27.02 26.56 23.91 21.72 20.72 17.89 17.55 15.71 13.86 10.83 10.12 9.51 8.32 6.99 6.35 6.01 5.46 4.89 4.66 4.53 4.58 4.67 4.85 5.23 5.79 6.22 6.45 6.19 6.07 6.68 6.33 6.00 5.51 4.38 4.29 4.14 4.12 5.06 5.14 5.44 5.46 5.52 5.45 5.90 6.25 6.53 6.59 6.97 6.63 5.59 5.57 5.48 5.49 5.19 5.44 5.76 5.86 5.72 5.36 4.84 4.70 3.50 3.26 2.99 2.79 2.75 2.73 2.44
29.08 29.87 28.70 26.51 27.01 27.15 29.23 24.32 25.66 27.57 24.06 23.99 26.58 27.61 28.23 27.45 24.88 23.22 20.08 18.59 17.25 14.54 14.07 12.18 10.49 8.08 7.12 6.86 6.41 5.72 5.22 5.07 5.10 4.33 4.25 4.20 4.10 4.33 5.01 5.21 5.71 6.20 6.24 6.18 6.39 6.74 6.22 5.62 5.23 3.99 3.87 3.79 3.86 4.59 4.78 5.10 5.15 5.06 5.03 5.25 5.56 5.98 6.08 6.48 6.33 5.22 5.11 5.27 5.29 5.11 5.49 5.61 5.73 5.65 5.26 4.90 4.78 3.56 3.32 3.08 2.85 2.87 2.73 2.47
37.02 34.77 27.97 24.30 25.38 24.58 27.86 27.12 27.76 27.87 26.10 25.44 26.85 26.31 24.74 23.17 21.00 18.81 16.61 15.47 14.11 11.63 10.83 9.64 7.92 6.56 5.51 5.63 5.16 4.38 4.55 4.50 4.34 3.92 3.75 3.78 3.70 4.28 4.84 4.96 5.55 5.88 6.06 6.00 5.83 6.18 5.70 5.14 4.92 4.50 3.94 3.71 3.80 4.31 4.42 4.88 4.93 4.93 4.88 5.16 4.94 5.40 5.73 5.78 5.69 4.68 4.68 4.87 5.10 5.11 5.04 5.23 5.23 5.46 5.29 4.96 4.69 3.54 3.44 3.39 2.92 2.98 2.79 2.55
33.55 29.66 26.54 24.77 24.18 24.15 26.84 24.77 25.28 25.90 26.49 25.42 24.65 22.82 21.43 19.16 17.50 15.54 14.18 13.01 12.09 9.41 8.35 7.22 6.24 5.50 4.71 4.53 4.59 3.81 4.10 4.20 3.99 3.60 3.41 3.56 3.64 4.33 4.72 4.83 5.40 5.64 5.70 5.51 5.55 5.81 5.39 5.12 4.72 4.38 4.04 3.42 3.62 4.10 4.21 4.65 4.70 4.65 4.57 4.59 4.70 5.34 5.59 5.75 5.50 4.58 4.55 4.75 4.89 4.89 4.97 5.27 5.28 5.47 5.18 4.96 4.69 3.70 3.40 3.33 2.91 2.95 2.81 2.60
30.48 25.66 23.51 21.73 20.67 21.99 23.63 24.14 25.32 26.10 25.06 24.43 23.34 20.61 17.97 14.91 13.49 11.26 10.24 9.33 8.27 6.73 6.10 5.57 5.16 4.49 4.24 4.18 4.22 3.64 3.67 3.56 3.46 2.98 2.93 3.05 3.29 4.32 4.81 5.31 6.07 6.53 6.33 6.69 6.30 6.54 6.02 5.64 5.34 5.07 4.56 3.82 3.84 4.10 4.23 4.44 4.44 4.19 4.28 4.41 4.40 5.07 4.96 5.09 4.77 4.07 4.24 4.42 4.53 4.67 4.75 4.83 4.72 4.73 4.70 4.52 4.54 3.81 3.38 3.21 3.17 3.30 3.16 2.81
21.56 19.03 16.99 16.12 16.54 17.39 18.20 20.61 20.34 20.26 20.54 20.01 18.63 14.86 12.55 10.94 9.58 8.33 7.64 6.98 6.45 5.51 4.93 4.56 3.97 3.48 3.14 3.31 3.39 3.11 3.09 3.06 3.01 2.66 2.63 2.74 3.14 3.98 4.60 5.13 5.93 6.08 6.28 6.25 6.17 6.38 5.63 5.64 5.40 4.81 4.70 4.32 3.92 4.11 4.33 4.43 4.30 4.18 4.10 4.39 4.35 4.47 5.03 4.95 4.72 3.96 4.19 4.33 4.44 4.66 4.60 4.56 4.49 4.72 4.58 4.60 4.68 3.60 3.34 3.14 3.14 3.26 3.09 2.73
17.50 16.13 13.44 13.13 13.17 14.00 14.45 15.75 16.14 16.22 16.37 14.80 14.05 11.61 9.80 8.81 7.90 6.89 6.31 5.47 5.03 4.58 4.19 3.74 3.65 2.88 2.87 2.59 2.43 2.36 2.37 2.31 2.19 2.09 2.07 2.31 2.61 3.74 4.32 4.90 5.72 6.05 6.09 6.30 6.60 6.32 6.02 5.76 5.59 5.05 5.03 4.52 4.05 4.08 4.49 4.40 4.33 4.08 4.13 4.35 4.42 4.39 4.56 4.97 4.75 4.12 4.27 4.37 4.33 4.65 4.59 4.65 4.93 4.92 4.87 4.68 4.42 3.51 3.43 3.24 3.15 3.22 3.04 2.71
16.37 14.71 12.98 12.63 12.16 12.60 12.85 13.24 14.31 13.02 12.95 11.45 10.99 8.88 7.04 6.99 6.06 5.49 5.06 4.68 4.10 3.76 3.22 3.10 2.95 2.39 2.25 1.92 1.72 1.92 1.80 1.82 1.84 1.73 1.69 2.01 2.27 3.50 4.11 4.82 5.36 5.84 6.04 6.48 6.33 6.63 6.40 6.23 5.87 5.32 4.75 4.47 4.25 4.34 4.28 4.79 4.53 4.04 4.06 4.35 4.46 4.32 4.20 4.60 4.72 4.10 4.08 4.14 4.20 4.66 4.56 4.72 4.68 4.66 4.51 4.27 4.31 3.47 3.41 3.24 3.23 3.15 3.03 2.75
15.23 15.48 14.79 14.45 13.50 13.89 13.82 13.59 14.09 12.15 11.97 9.91 8.86 7.26 6.09 6.06 5.12 4.74 3.80 3.39 3.00 2.20 2.05 1.98 2.04 1.63 1.53 1.38 1.32 1.57 1.51 1.50 1.42 1.47 1.42 1.82 1.97 2.95 3.44 3.91 4.66 5.09 5.37 5.27 5.64 5.10 4.91 5.24 4.84 4.49 4.19 3.97 3.70 4.15 4.54 4.34 3.92 3.22 3.34 3.46 3.47 3.38 3.18 3.48 3.73 3.08 3.00 3.20 3.25 3.60 3.70 3.62 3.59 3.76 3.57 3.40 3.36 2.76 2.78 2.72 2.65 2.64 2.57 2.23
14.97 14.88 14.55 13.99 13.25 13.15 13.12 12.25 12.25 10.70 10.40 8.77 7.97 6.51 5.49 5.07 4.45 3.94 3.23 2.81 2.23 1.95 1.64 1.59 1.64 1.24 1.25 0.93 0.89 1.09 1.04 1.04 1.05 1.20 1.27 1.54 1.78 2.64 3.32 3.75 4.54 5.43 5.73 5.84 5.74 5.34 5.36 5.04 4.75 4.48 4.20 3.86 3.75 4.07 4.27 3.97 3.91 3.30 3.25 3.36 3.33 3.33 3.09 3.20 3.39 2.92 2.87 3.06 2.95 3.31 3.37 3.25 3.25 3.52 3.36 3.13 3.24 2.77 2.72 2.62 2.57 2.57 2.43 2.17
17.99 18.04 17.61 16.04 14.57 14.06 13.32 11.75 10.89 8.41 7.70 6.20 5.84 4.87 4.19 3.81 3.34 2.94 2.58 1.93 1.56 1.16 1.04 1.05 1.06 0.90 0.72 0.51 0.48 0.84 0.85 0.99 1.01 1.12 1.22 1.40 1.73 2.40 2.83 3.17 4.27 5.19 5.65 5.74 6.04 5.93 5.05 4.64 4.33 4.30 3.93 3.77 3.62 3.78 3.65 3.52 3.57 3.07 2.97 2.99 2.89 2.93 2.76 2.79 2.95 2.47 2.66 2.85 2.80 3.12 3.10 2.89 2.84 3.16 3.12 3.06 3.15 2.64 2.59 2.40 2.26 2.29 2.14 1.90
17.25 18.29 17.88 16.07 14.85 13.58 11.97 9.69 8.57 6.40 5.43 4.41 4.22 3.62 3.08 2.81 2.47 2.21 1.91 1.52 1.28 1.01 0.93 0.87 0.94 0.64 0.52 0.26 0.32 0.67 0.60 0.82 0.83 1.07 1.14 1.41 1.59 2.13 2.82 3.31 4.24 5.26 5.42 5.45 5.67 5.18 4.75 4.47 3.81 3.93 3.77 3.55 3.30 3.50 3.51 3.43 3.46 2.72 2.94 2.86 2.66 2.67 2.73 2.74 2.65 2.04 2.22 2.52 2.49 2.70 2.71 2.60 2.67 2.91 2.86 2.91 2.84 2.37 2.25 2.10 1.94 2.05 1.94 1.78
20.15 20.51 20.57 18.66 15.38 12.65 10.68 8.47 7.70 6.71 5.89 4.79 4.24 3.55 2.87 2.54 1.92 1.64 1.41 1.36 1.18 0.96 0.83 0.80 0.76 0.61 0.55 0.23 0.26 0.37 0.44 0.49 0.51 0.77 0.92 1.19 1.24 1.59 2.42 3.32 4.04 5.14 5.13 5.45 5.28 5.21 4.81 4.19 3.69 3.96 3.76 3.48 3.11 3.58 3.66 3.58 3.40 2.83 2.85 2.94 2.83 2.59 2.60 2.66 2.64 2.22 2.23 2.57 2.49 2.56 2.48 2.40 2.54 2.54 2.67 2.73 2.75 2.43 2.35 2.26 2.09 2.33 2.28 2.00
22.55 22.35 22.83 19.85 16.47 13.10 10.99 7.95 7.17 5.92 5.08 3.83 3.35 2.79 2.06 1.84 1.56 1.26 1.06 0.90 0.81 0.67 0.61 0.53 0.58 0.50 0.37 0.12 0.16 0.34 0.34 0.47 0.49 0.67 0.90 1.10 1.16 1.44 2.30 3.22 3.57 4.35 4.50 4.58 4.35 4.23 3.89 3.50 3.29 3.48 3.24 2.95 2.84 2.98 3.36 3.30 3.04 2.28 2.40 2.64 2.61 2.35 2.26 2.37 2.29 1.73 1.76 2.04 2.05 2.14 2.11 2.12 2.11 2.17 2.30 2.33 2.38 2.03 2.07 1.99 1.91 2.18 2.06 1.88
20.68 19.86 19.54 16.70 13.09 8.48 6.22 3.85 3.51 2.52 2.37 1.53 1.08 1.09 0.70 0.55 0.45 0.40 0.46 0.43 0.31 0.25 0.25 0.23 0.22 0.16 0.10 0.05 0.05 0.22 0.19 0.23 0.30 0.72 0.85 1.06 1.08 1.33 2.10 2.77 2.94 3.65 3.71 3.84 3.81 3.80 3.60 3.38 3.09 3.19 3.04 2.82 2.67 2.81 2.98 2.78 2.81 2.21 2.31 2.38 2.31 2.07 2.01 1.95 1.97 1.61 1.53 1.52 1.72 1.84 1.93 1.84 1.87 2.14 2.02 2.12 2.10 1.90 2.01 1.80 1.76 2.02 1.92 1.77
22.08 19.44 17.91 13.67 10.66 6.08 4.56 2.99 2.99 2.06 2.00 1.21 0.87 0.87 0.60 0.55 0.34 0.25 0.20 0.13 0.09 0.06 0.08 0.10 0.09 0.08 0.06 0.04 0.03 0.12 0.18 0.23 0.25 0.59 0.82 0.95 1.05 1.17 1.86 2.03 2.28 2.93 3.09 3.26 3.42 3.25 3.19 2.83 2.61 2.95 2.76 2.59 2.54 2.58 2.58 2.49 2.42 1.96 2.05 1.96 2.17 1.99 1.78 1.72 1.71 1.43 1.27 1.39 1.50 1.70 1.74 1.72 1.76 1.86 1.90 1.94 1.99 1.78 1.82 1.68 1.64 1.95 1.85 1.67
28.43 22.66 20.49 16.03 13.11 8.32 5.03 2.69 1.72 0.67 0.64 0.14 0.10 0.13 0.08 0.07 0.04 0.03 0.02 0.00 0.01 0.01 0.01 0.01 0.01 0.01 0.01 0.01 0.01 0.21 0.13 0.48 0.47 0.78 0.97 1.21 1.36 1.30 1.76 1.62 1.93 2.74 2.71 2.72 2.62 2.28 2.32 2.05 1.97 2.24 2.22 2.01 2.03 1.78 1.67 1.51 1.57 1.30 1.37 1.50 1.56 1.54 1.51 1.45 1.35 1.07 0.98 0.89 1.00 1.21 1.24 1.31 1.39 1.54 1.55 1.61 1.64 1.42 1.47 1.41 1.42 1.63 1.49 1.31
