QPF/QPF_202208082200-10.txt
ncols 525
nrows 625
xllcorner -31082
yllcorner 11395
cellsize 1000.0
NODATA_value -9999.0
[rows 102 to 135 of 625, columns 385 to 461 of 525]
-0.00 -0.00 -0.00 -0.00 -0.00 -0.00 -0.00 -0.00 -0.00 -0.00 -0.00 -0.00 -0.00 -0.00 -0.00 -0.00 -0.00 -0.00 -0.00 -0.00 -0.00 -0.00 -0.00 -0.00 -0.00 -0.00 -0.00 -0.00 -0.00 -0.00 -0.00 -0.00 -0.00 -0.00 -0.00 -0.00 -0.00 -0.00 -0.00 -0.00 -0.01 0.01 0.08 0.24 0.37 0.46 0.58 0.69 0.86 0.87 0.86 0.91 1.08 1.15 1.23 1.39 1.59 1.73 2.00 2.27 2.66 2.52 2.45 2.14 1.96 1.48 1.22 0.87 0.71 0.65 0.62 0.63 0.57 0.61 0.57 0.61 0.68
-0.00 -0.00 -0.00 -0.00 -0.00 -0.00 -0.00 -0.00 -0.00 -0.00 -0.00 -0.00 -0.00 -0.00 -0.00 -0.00 -0.00 -0.00 -0.00 -0.00 -0.00 -0.00 -0.00 -0.00 -0.00 -0.00 -0.00 -0.00 -0.00 -0.00 -0.00 -0.00 -0.00 -0.00 -0.00 -0.00 -0.00 -0.00 -0.00 0.00 -0.01 0.06 0.19 0.35 0.51 0.60 0.69 0.84 1.07 1.13 1.06 1.19 1.36 1.40 1.52 1.56 1.73 1.84 2.16 2.41 2.61 2.47 2.42 2.08 2.00 1.53 1.34 1.02 0.82 0.72 0.59 0.61 0.60 0.62 0.65 0.61 0.70
-0.00 -0.00 -0.00 -0.00 -0.00 -0.00 -0.00 -0.00 -0.00 -0.00 -0.00 -0.00 -0.00 -0.00 -0.00 -0.00 -0.00 -0.00 -0.00 -0.00 -0.00 -0.00 -0.00 -0.00 -0.00 -0.00 -0.00 -0.00 -0.00 -0.00 -0.00 -0.00 -0.00 -0.00 -0.00 -0.00 -0.00 -0.00 -0.01 0.01 0.03 0.15 0.32 0.49 0.62 0.77 0.91 1.08 1.35 1.40 1.36 1.49 1.71 1.76 1.78 1.84 1.94 2.00 2.25 2.31 2.44 2.40 2.26 2.06 1.96 1.78 1.52 1.23 0.95 0.84 0.71 0.68 0.64 0.70 0.73 0.68 0.80
-0.00 -0.00 -0.00 -0.00 -0.00 -0.00 -0.00 -0.00 -0.00 -0.00 -0.00 -0.00 -0.00 -0.00 -0.00 -0.00 -0.00 -0.00 -0.00 -0.00 -0.00 -0.00 -0.00 -0.00 -0.00 -0.00 -0.00 -0.00 -0.00 -0.00 -0.00 -0.00 -0.00 -0.00 -0.00 -0.00 -0.00 -0.00 -0.02 0.03 0.12 0.25 0.46 0.64 0.82 0.93 1.08 1.18 1.55 1.65 1.70 1.78 1.97 1.96 1.97 1.99 2.17 2.10 2.44 2.43 2.48 2.34 2.19 2.08 1.97 1.84 1.62 1.43 1.14 0.92 0.79 0.77 0.76 0.75 0.77 0.80 0.86
-0.00 -0.00 -0.00 -0.00 -0.00 -0.00 -0.00 -0.00 -0.00 -0.00 -0.00 -0.00 -0.00 -0.00 -0.00 -0.00 -0.00 -0.00 -0.00 -0.00 -0.00 -0.00 -0.00 -0.00 -0.00 -0.00 -0.00 -0.00 -0.00 -0.00 -0.00 -0.00 -0.00 -0.00 -0.00 -0.00 -0.00 -0.01 0.00 0.12 0.26 0.39 0.61 0.78 0.99 1.13 1.35 1.41 1.73 1.95 2.00 2.04 2.16 2.06 2.12 2.19 2.27 2.36 2.41 2.43 2.51 2.34 2.38 2.23 2.16 1.90 1.69 1.57 1.30 1.11 0.91 0.90 0.84 0.79 0.86 0.91 1.00
-0.00 -0.00 -0.00 -0.00 -0.00 -0.00 -0.00 -0.00 -0.00 -0.00 -0.00 -0.00 -0.00 -0.00 -0.00 -0.00 -0.00 -0.00 -0.00 -0.00 -0.00 -0.00 -0.00 -0.00 -0.00 -0.00 -0.00 -0.00 -0.00 -0.00 -0.00 -0.00 -0.00 -0.00 -0.00 -0.00 -0.00 -0.02 0.03 0.23 0.39 0.54 0.77 0.96 1.21 1.26 1.52 1.71 2.03 2.04 2.14 2.14 2.31 2.25 2.13 2.30 2.32 2.38 2.39 2.45 2.56 2.52 2.56 2.39 2.27 2.17 1.86 1.75 1.42 1.33 1.09 0.95 0.82 0.87 0.91 0.97 1.06
-0.00 -0.00 -0.00 -0.00 -0.00 -0.00 -0.00 -0.00 -0.00 -0.00 -0.00 -0.00 -0.00 -0.00 -0.00 -0.00 -0.00 -0.00 -0.00 -0.00 -0.00 -0.00 -0.00 -0.00 -0.00 -0.00 -0.00 -0.00 -0.00 -0.00 -0.00 -0.00 -0.00 -0.00 -0.00 -0.00 -0.01 -0.02 0.12 0.35 0.53 0.67 0.90 1.12 1.27 1.40 1.73 1.87 2.23 2.20 2.30 2.39 2.43 2.49 2.34 2.38 2.40 2.53 2.69 2.79 2.87 2.94 2.87 2.70 2.43 2.25 2.05 1.89 1.56 1.45 1.16 1.14 0.90 0.88 0.96 1.02 1.12
-0.00 -0.00 -0.00 -0.00 -0.00 -0.00 -0.00 -0.00 -0.00 -0.00 -0.00 -0.00 -0.00 -0.00 -0.00 -0.00 -0.00 -0.00 -0.00 -0.00 -0.00 -0.00 -0.00 -0.00 -0.00 -0.00 -0.00 -0.00 -0.00 -0.00 -0.00 -0.00 -0.00 -0.00 -0.00 -0.01 -0.02 0.05 0.21 0.46 0.66 0.79 1.03 1.24 1.42 1.55 1.79 2.01 2.34 2.43 2.47 2.52 2.62 2.55 2.56 2.54 2.60 2.69 2.94 2.97 3.20 3.25 3.16 3.05 2.72 2.39 2.11 1.97 1.68 1.51 1.30 1.29 0.99 1.04 1.11 1.09 1.16
-0.00 -0.00 -0.00 -0.00 -0.00 -0.00 -0.00 -0.00 -0.00 -0.00 -0.00 -0.00 -0.00 -0.00 -0.00 -0.00 -0.00 -0.00 -0.00 -0.00 -0.00 -0.00 -0.00 -0.00 -0.00 -0.00 -0.00 -0.00 -0.00 -0.00 -0.00 -0.00 -0.00 -0.00 -0.00 -0.01 0.00 0.11 0.30 0.53 0.77 0.95 1.10 1.31 1.57 1.72 1.93 2.23 2.59 2.61 2.63 2.66 2.65 2.61 2.63 2.56 2.53 2.74 3.06 3.13 3.27 3.32 3.33 3.08 2.90 2.50 2.26 1.96 1.85 1.64 1.36 1.47 1.21 1.26 1.28 1.39 1.42
-0.00 -0.00 -0.00 -0.00 -0.00 -0.00 -0.00 -0.00 -0.00 -0.00 -0.00 -0.00 -0.00 -0.00 -0.00 -0.00 -0.00 -0.00 -0.00 -0.00 -0.00 -0.00 -0.00 -0.00 -0.00 -0.00 -0.00 -0.00 -0.00 -0.00 -0.00 -0.00 -0.00 -0.00 -0.00 -0.03 0.03 0.20 0.37 0.60 0.92 1.09 1.24 1.30 1.71 1.82 2.04 2.34 2.51 2.59 2.49 2.65 2.67 2.65 2.81 2.79 2.80 2.91 2.98 3.23 3.35 3.30 3.49 3.16 3.01 2.67 2.40 2.18 1.92 1.78 1.55 1.56 1.47 1.50 1.51 1.63 1.65
-0.00 -0.00 -0.00 -0.00 -0.00 -0.00 -0.00 -0.00 -0.00 -0.00 -0.00 -0.00 -0.00 -0.00 -0.00 -0.00 -0.00 -0.00 -0.00 -0.00 -0.00 -0.00 -0.00 -0.00 -0.00 -0.00 -0.00 -0.00 -0.00 -0.00 -0.00 -0.00 -0.00 -0.00 -0.01 -0.03 0.08 0.27 0.44 0.68 0.91 1.13 1.40 1.45 1.70 1.87 2.15 2.27 2.47 2.67 2.84 2.80 2.80 2.85 2.81 3.11 3.13 3.05 3.11 3.40 3.58 3.34 3.30 3.34 3.14 2.93 2.76 2.37 2.14 1.86 1.88 1.79 1.71 1.82 1.79 1.93 1.93
-0.00 -0.00 -0.00 -0.00 -0.00 -0.00 -0.00 -0.00 -0.00 -0.00 -0.00 -0.00 -0.00 -0.00 -0.00 -0.00 -0.00 -0.00 -0.00 -0.00 -0.00 -0.00 -0.00 -0.00 -0.00 -0.00 -0.00 -0.00 -0.00 -0.00 -0.00 -0.00 -0.00 -0.00 -0.01 0.01 0.19 0.34 0.48 0.73 1.04 1.22 1.43 1.67 1.74 1.94 2.22 2.43 2.59 2.82 3.00 3.07 3.08 3.01 2.93 3.22 3.22 3.33 3.33 3.40 3.39 3.41 3.34 3.26 3.32 3.14 2.97 2.66 2.63 2.52 2.47 2.31 2.30 2.20 2.23 2.21 2.19
-0.00 -0.00 -0.00 -0.00 -0.00 -0.00 -0.00 -0.00 -0.00 -0.00 -0.00 -0.00 -0.00 -0.00 -0.00 -0.00 -0.00 -0.00 -0.00 -0.00 -0.00 -0.00 -0.00 -0.00 -0.00 -0.00 -0.00 -0.00 -0.00 -0.00 -0.00 -0.00 -0.01 -0.01 0.02 0.12 0.28 0.38 0.49 0.73 0.91 1.09 1.32 1.57 1.73 1.90 2.18 2.41 2.65 2.89 3.23 3.26 3.43 3.46 3.49 3.41 3.50 3.61 3.45 3.40 3.32 3.58 3.57 3.49 3.51 3.45 3.28 3.23 3.19 2.99 2.87 2.70 2.70 2.50 2.54 2.56 2.38
-0.00 -0.00 -0.00 -0.00 -0.00 -0.00 -0.00 -0.00 -0.00 -0.00 -0.00 -0.00 -0.00 -0.00 -0.00 -0.00 -0.00 -0.00 -0.00 -0.00 -0.00 -0.00 -0.00 -0.00 -0.00 -0.00 -0.00 -0.00 -0.00 -0.01 -0.00 0.00 -0.00 0.02 0.11 0.22 0.33 0.40 0.52 0.66 0.87 1.05 1.18 1.48 1.78 1.89 2.18 2.41 2.66 2.88 3.06 3.51 3.84 3.92 3.98 3.96 3.88 3.84 3.69 3.66 3.52 3.55 3.48 3.70 3.63 3.75 3.57 3.53 3.57 3.56 3.25 3.26 3.06 2.89 2.60 2.63 2.59
-0.00 -0.00 -0.00 -0.00 -0.00 -0.00 -0.00 -0.00 -0.00 -0.00 -0.00 -0.00 -0.00 -0.00 -0.00 -0.00 -0.00 -0.00 -0.00 -0.00 -0.00 -0.00 -0.00 -0.00 -0.00 -0.00 -0.00 -0.00 -0.00 -0.00 0.04 0.03 -0.00 0.09 0.21 0.30 0.35 0.40 0.48 0.62 0.77 0.93 1.06 1.30 1.57 1.80 2.02 2.32 2.68 2.84 3.25 3.56 3.83 4.06 4.16 4.16 4.30 4.04 3.90 3.97 3.75 3.61 3.44 3.44 3.58 3.47 3.56 3.55 3.45 3.91 3.86 3.69 3.45 3.09 2.80 2.74 2.68
-0.00 -0.00 -0.00 -0.00 -0.00 -0.00 -0.00 -0.00 -0.00 -0.00 -0.00 -0.00 -0.00 -0.00 -0.00 -0.00 -0.00 -0.00 -0.00 -0.00 -0.00 -0.00 -0.00 -0.00 -0.00 -0.00 -0.00 -0.00 -0.00 0.00 0.08 0.07 0.00 0.10 0.22 0.34 0.38 0.42 0.47 0.58 0.64 0.77 0.90 1.09 1.35 1.64 1.81 2.14 2.45 2.74 3.22 3.48 3.80 3.96 4.35 4.44 4.35 4.27 4.22 3.98 3.85 3.69 3.33 3.23 3.27 3.30 3.22 3.21 3.43 3.53 3.74 3.57 3.51 3.10 2.94 2.86 2.67
-0.00 -0.00 -0.00 -0.00 -0.00 -0.00 -0.00 -0.00 -0.00 -0.00 -0.00 -0.00 -0.00 -0.00 -0.00 -0.00 -0.00 -0.00 -0.00 -0.00 -0.00 -0.00 -0.00 -0.00 -0.00 -0.00 -0.00 -0.01 -0.02 0.03 0.14 0.13 0.07 0.11 0.26 0.33 0.38 0.35 0.39 0.45 0.48 0.56 0.68 0.93 1.10 1.28 1.51 1.82 2.31 2.51 3.06 3.56 3.89 4.13 4.36 4.49 4.45 4.42 4.42 4.18 3.91 3.60 3.28 3.11 2.99 3.18 2.94 2.89 3.23 3.29 3.51 3.45 3.46 3.26 2.97 2.76 2.59
-0.00 -0.00 -0.00 -0.00 -0.00 -0.00 -0.00 -0.00 -0.00 -0.00 -0.00 -0.00 -0.00 -0.00 -0.00 -0.00 -0.00 -0.00 -0.00 -0.00 -0.00 -0.00 -0.00 -0.00 -0.00 -0.00 -0.00 -0.00 0.02 0.09 0.15 0.16 0.12 0.11 0.21 0.33 0.31 0.31 0.28 0.33 0.31 0.41 0.56 0.70 0.88 1.08 1.22 1.59 2.05 2.33 2.87 3.28 3.62 3.81 4.03 4.23 4.46 4.35 4.34 4.17 3.89 3.56 3.32 3.13 2.86 2.89 2.81 2.87 2.85 3.05 3.27 3.13 3.16 2.92 2.90 2.84 2.60
-0.00 -0.00 -0.00 -0.00 -0.00 -0.00 -0.00 -0.00 -0.00 -0.00 -0.00 -0.00 -0.00 -0.00 -0.00 -0.00 -0.00 -0.00 -0.00 -0.00 -0.00 -0.00 -0.00 -0.00 -0.00 -0.00 -0.01 0.01 0.10 0.17 0.19 0.20 0.19 0.18 0.22 0.27 0.28 0.24 0.17 0.17 0.17 0.29 0.43 0.58 0.71 0.92 1.07 1.33 1.96 2.31 2.72 3.14 3.69 3.57 3.82 4.02 4.24 4.33 4.41 4.19 4.10 3.62 3.28 3.12 2.82 2.81 2.69 2.84 2.76 2.86 3.09 3.00 3.03 2.84 2.84 2.72 2.59
-0.00 -0.00 -0.00 -0.00 -0.00 -0.00 -0.00 -0.00 -0.00 -0.00 -0.00 -0.00 -0.00 -0.00 -0.00 -0.00 -0.00 -0.00 -0.00 -0.00 -0.00 -0.00 -0.00 -0.00 -0.00 -0.00 -0.02 0.03 0.18 0.21 0.23 0.23 0.23 0.22 0.21 0.24 0.22 0.17 0.14 0.10 0.06 0.17 0.29 0.50 0.66 0.75 0.97 1.28 1.78 2.10 2.86 2.95 3.23 3.47 3.73 3.79 4.08 4.15 4.32 4.17 4.08 3.66 3.29 3.19 2.80 2.76 2.54 2.72 2.73 2.76 2.77 2.73 2.80 2.76 2.81 2.60 2.58
-0.00 -0.00 -0.00 -0.00 -0.00 -0.00 -0.00 -0.00 -0.00 -0.00 -0.00 -0.00 -0.00 -0.00 -0.00 -0.00 -0.00 -0.00 -0.00 -0.00 -0.00 -0.00 -0.00 -0.00 -0.00 -0.00 -0.04 0.09 0.25 0.26 0.27 0.30 0.29 0.27 0.26 0.25 0.21 0.17 0.15 0.11 0.09 0.10 0.23 0.47 0.65 0.74 1.06 1.29 1.79 2.14 2.53 2.82 3.32 3.33 3.55 3.79 4.01 3.96 4.39 4.20 3.98 3.48 3.41 3.22 2.92 2.87 2.67 2.62 2.53 2.61 2.70 2.69 2.72 2.68 2.73 2.57 2.54
-0.00 -0.00 -0.00 -0.00 -0.00 -0.00 -0.00 -0.00 -0.00 -0.00 -0.00 -0.00 -0.00 -0.00 -0.00 -0.00 -0.00 -0.00 -0.00 -0.00 -0.00 -0.00 -0.00 -0.00 -0.00 -0.00 -0.02 0.17 0.31 0.31 0.36 0.34 0.34 0.27 0.24 0.18 0.15 0.12 0.12 0.11 0.12 0.12 0.24 0.51 0.70 0.86 1.10 1.26 1.90 2.06 2.43 2.82 3.15 3.16 3.44 3.58 3.87 4.12 4.21 3.93 3.78 3.31 3.48 3.28 3.05 3.09 2.83 2.77 2.43 2.52 2.62 2.41 2.54 2.56 2.52 2.41 2.52
-0.00 -0.00 -0.00 -0.00 -0.00 -0.00 -0.00 -0.00 -0.00 -0.00 -0.00 -0.00 -0.00 -0.00 -0.00 -0.00 -0.00 -0.00 -0.00 -0.00 -0.00 -0.00 -0.00 -0.00 -0.01 0.00 0.05 0.27 0.43 0.39 0.45 0.39 0.38 0.29 0.23 0.16 0.13 0.11 0.11 0.15 0.19 0.23 0.38 0.61 0.81 0.96 1.21 1.50 1.85 2.10 2.39 2.73 3.10 3.10 3.29 3.37 3.77 3.92 4.12 3.80 3.72 3.78 3.45 3.39 3.21 3.10 2.88 2.80 2.52 2.41 2.55 2.42 2.38 2.18 2.26 2.33 2.30
-0.00 -0.00 -0.00 -0.00 -0.00 -0.00 -0.00 -0.00 -0.00 -0.00 -0.00 -0.00 -0.00 -0.00 -0.00 -0.00 -0.00 -0.00 -0.00 -0.00 -0.00 -0.00 -0.00 0.00 -0.01 0.03 0.12 0.35 0.47 0.47 0.45 0.43 0.35 0.29 0.21 0.13 0.09 0.05 0.10 0.16 0.25 0.34 0.52 0.73 0.98 1.12 1.37 1.66 1.98 2.08 2.40 2.73 2.97 2.86 2.92 3.22 3.71 3.76 3.94 3.80 3.92 3.72 3.52 3.44 3.24 3.14 2.77 2.73 2.58 2.39 2.35 2.27 2.26 2.11 2.14 2.04 2.11
-0.00 -0.00 -0.00 -0.00 -0.00 -0.00 -0.00 -0.00 -0.00 -0.00 -0.00 -0.00 -0.00 -0.00 -0.00 -0.00 -0.00 -0.00 -0.00 -0.00 -0.00 -0.00 -0.00 -0.01 -0.03 0.04 0.17 0.31 0.46 0.39 0.38 0.34 0.32 0.24 0.16 0.11 0.06 0.08 0.14 0.25 0.43 0.51 0.70 0.90 1.16 1.35 1.58 1.81 2.15 2.18 2.40 2.67 2.76 2.76 2.79 2.93 3.41 3.61 3.65 3.82 3.76 3.61 3.58 3.33 3.26 3.12 2.84 2.75 2.52 2.36 2.22 2.19 2.11 2.05 1.94 1.84 1.75
-0.00 -0.00 -0.00 -0.00 -0.00 -0.00 -0.00 -0.00 -0.00 -0.00 -0.00 -0.00 -0.00 -0.00 -0.00 -0.00 -0.00 -0.00 -0.00 -0.00 -0.00 -0.00 -0.00 -0.00 -0.02 0.03 0.16 0.31 0.34 0.29 0.22 0.26 0.20 0.19 0.09 0.09 0.03 0.11 0.23 0.39 0.55 0.69 0.93 1.08 1.35 1.52 1.76 1.95 2.26 2.38 2.55 2.78 2.87 2.87 2.85 2.88 3.02 3.42 3.55 3.67 3.68 3.60 3.48 3.34 3.20 3.20 2.89 2.61 2.53 2.48 2.38 2.17 2.02 1.96 1.94 1.74 1.67
-0.00 -0.00 -0.00 -0.00 -0.00 -0.00 -0.00 -0.00 -0.00 -0.00 -0.00 -0.00 -0.00 -0.00 -0.00 -0.00 -0.00 -0.00 -0.00 -0.00 -0.00 -0.00 -0.00 -0.01 -0.01 0.03 0.14 0.12 0.14 0.10 0.10 0.09 0.09 0.07 0.06 0.07 0.11 0.22 0.40 0.56 0.74 0.94 1.07 1.29 1.61 1.74 1.87 2.24 2.48 2.54 2.66 2.89 2.88 2.91 2.69 2.82 2.99 3.13 3.42 3.57 3.66 3.62 3.44 3.50 3.41 3.21 2.93 2.80 2.70 2.60 2.36 2.23 2.00 1.87 1.85 1.82 1.70
-0.00 -0.00 -0.00 -0.00 -0.00 -0.00 -0.00 -0.00 -0.00 -0.00 -0.00 -0.00 -0.00 -0.00 -0.00 -0.00 -0.00 -0.00 -0.00 -0.00 -0.00 -0.00 -0.00 -0.00 -0.02 0.01 0.03 0.03 0.03 0.03 0.03 0.03 0.03 0.03 0.02 0.12 0.24 0.38 0.60 0.74 1.06 1.23 1.33 1.58 1.72 1.98 2.10 2.32 2.60 2.69 2.84 2.81 2.86 2.88 2.68 2.80 2.86 2.98 3.19 3.47 3.63 3.53 3.50 3.42 3.44 3.22 3.11 3.10 2.91 2.60 2.32 2.23 2.05 1.92 1.76 1.79 1.72
-0.00 -0.00 -0.00 -0.00 -0.00 -0.00 -0.00 -0.00 -0.00 -0.00 -0.00 -0.00 -0.00 -0.00 -0.00 -0.00 -0.00 -0.00 -0.00 -0.00 -0.00 -0.00 -0.00 -0.00 -0.01 0.02 0.00 0.02 0.01 0.01 0.01 0.00 0.01 0.01 0.06 0.25 0.40 0.59 0.84 1.02 1.34 1.46 1.67 1.87 2.03 2.13 2.32 2.48 2.67 2.66 2.89 2.87 2.80 2.91 2.78 2.78 2.70 2.87 3.11 3.26 3.32 3.49 3.69 3.61 3.41 3.33 3.30 3.02 2.90 2.76 2.44 2.27 2.12 1.97 1.86 1.74 1.63
-0.00 -0.00 -0.00 -0.00 -0.00 -0.00 -0.00 -0.00 -0.00 -0.00 -0.00 -0.00 -0.00 -0.00 -0.00 -0.00 -0.00 -0.00 -0.00 -0.00 -0.00 -0.00 -0.00 -0.00 -0.00 0.00 -0.01 0.01 -0.00 0.00 0.02 0.01 -0.00 0.01 0.16 0.45 0.63 0.76 1.14 1.32 1.54 1.71 1.91 2.09 2.27 2.36 2.57 2.69 2.78 2.88 2.92 3.07 2.97 3.02 2.70 2.77 2.56 2.57 2.77 3.02 3.31 3.37 3.61 3.44 3.47 3.29 3.28 3.27 3.10 2.91 2.70 2.45 2.29 2.12 1.83 1.72 1.58
-0.00 -0.00 -0.00 -0.00 -0.00 -0.00 -0.00 -0.00 -0.00 -0.00 -0.00 -0.00 -0.00 -0.00 -0.00 -0.00 -0.00 -0.00 -0.00 -0.00 -0.00 -0.00 -0.00 -0.00 -0.00 -0.00 -0.00 -0.00 -0.00 -0.01 0.01 0.02 -0.00 0.09 0.32 0.62 0.86 1.04 1.32 1.57 1.76 1.92 2.07 2.27 2.52 2.54 2.77 2.81 3.05 3.14 3.16 3.25 3.07 3.00 2.75 2.79 2.49 2.56 2.62 2.78 3.07 3.16 3.32 3.30 3.39 3.44 3.42 3.41 3.29 3.03 2.93 2.58 2.39 2.21 1.96 1.79 1.62
-0.00 -0.00 -0.00 -0.00 -0.00 -0.00 -0.00 -0.00 -0.00 -0.00 -0.00 -0.00 -0.00 -0.00 -0.00 -0.00 -0.00 -0.00 -0.00 -0.00 -0.00 -0.00 -0.00 -0.00 -0.00 -0.00 -0.00 -0.00 -0.00 -0.00 -0.02 0.02 0.08 0.24 0.52 0.78 1.10 1.31 1.47 1.73 2.03 2.14 2.30 2.50 2.80 2.76 2.96 3.10 3.26 3.26 3.29 3.15 3.11 3.03 2.81 2.81 2.47 2.49 2.46 2.58 2.84 3.13 3.25 3.18 3.26 3.28 3.27 3.07 3.25 2.93 2.85 2.75 2.46 2.26 2.08 1.90 1.70
-0.00 -0.00 -0.00 -0.00 -0.00 -0.00 -0.00 -0.00 -0.00 -0.00 -0.00 -0.00 -0.00 -0.00 -0.00 -0.00 -0.00 -0.00 -0.00 -0.00 -0.00 -0.00 -0.00 -0.00 -0.00 -0.00 -0.00 -0.01 0.00 0.02 0.06 0.15 0.27 0.46 0.74 1.00 1.40 1.52 1.72 2.04 2.23 2.45 2.56 2.64 2.94 3.07 3.21 3.35 3.58 3.57 3.43 3.34 3.17 3.02 2.88 2.82 2.47 2.50 2.52 2.70 2.80 2.89 3.10 3.07 3.17 3.41 3.30 3.23 3.12 3.08 2.83 2.65 2.59 2.29 2.11 1.94 1.71
-0.00 -0.00 -0.00 -0.00 -0.00 -0.00 -0.00 -0.00 -0.00 -0.00 -0.00 -0.00 -0.00 -0.00 -0.00 -0.00 -0.00 -0.00 -0.00 -0.00 -0.00 -0.00 -0.00 -0.00 -0.00 -0.01 -0.01 0.03 0.05 0.09 0.22 0.38 0.51 0.71 0.98 1.21 1.57 1.85 2.16 2.20 2.53 2.72 2.68 3.00 3.06 3.13 3.43 3.49 3.57 3.73 3.57 3.53 3.35 3.14 2.86 2.90 2.49 2.68 2.53 2.66 2.84 2.87 2.93 3.01 3.00 3.09 3.28 3.11 3.00 3.08 2.94 2.79 2.63 2.23 2.04 1.85 1.75
