QPF/QPF_202208082200-40.txt
ncols 525
nrows 625
xllcorner -31082
yllcorner 11395
cellsize 1000.0
NODATA_value -9999.0
[rows 152 to 189 of 625, columns 336 to 419 of 525]
0.00 0.00 0.00 0.00 0.00 0.00 0.00 0.00 0.00 0.00 0.00 0.00 0.00 0.00 0.00 0.00 0.00 0.00 0.00 0.00 0.00 0.00 0.00 0.00 0.00 0.00 0.00 0.00 0.00 0.00 0.00 0.00 0.00 0.00 0.00 0.00 0.00 0.00 0.00 0.00 0.00 0.00 0.01 0.00 0.01 0.00 0.00 0.01 0.01 0.01 0.02 0.02 0.01 0.01 0.01 0.01 0.02 0.01 0.01 0.01 0.01 0.00 0.00 0.00 0.00 0.01 0.01 0.01 0.01 0.01 0.04 0.07 0.07 0.11 0.10 0.12 0.11 0.14 0.14 0.14 0.15 0.16 0.25 0.39
0.00 0.00 0.00 0.00 0.00 0.00 0.00 0.00 0.00 0.00 0.00 0.00 0.00 0.00 0.00 0.00 0.00 0.00 0.00 0.00 0.00 0.00 0.00 0.00 0.00 0.00 0.00 0.00 0.00 0.00 0.00 0.00 0.00 0.01 0.00 0.01 0.00 0.00 0.00 0.00 0.00 0.00 0.01 0.00 0.01 0.00 0.00 0.00 0.01 0.01 0.01 0.01 0.01 0.01 0.01 0.02 0.02 0.05 0.05 0.02 0.01 0.00 0.00 0.00 0.00 0.01 0.00 0.01 0.01 0.02 0.06 0.05 0.05 0.09 0.11 0.13 0.13 0.15 0.17 0.17 0.18 0.24 0.35 0.39
0.00 0.00 0.00 0.00 0.00 0.00 0.00 0.00 0.00 0.00 0.00 0.00 0.00 0.00 0.00 0.00 0.00 0.00 0.00 0.00 0.00 0.00 0.00 0.00 0.00 0.00 0.00 0.00 0.00 0.00 0.00 0.00 0.00 0.01 0.01 0.01 0.01 0.00 0.00 0.00 0.01 0.00 0.02 0.02 0.01 0.01 0.00 0.01 0.01 0.02 0.03 0.02 0.01 0.04 0.06 0.06 0.08 0.08 0.06 0.02 0.01 0.00 0.00 0.00 0.00 0.01 0.00 0.01 0.02 0.04 0.07 0.06 0.06 0.10 0.12 0.12 0.15 0.18 0.18 0.22 0.23 0.22 0.27 0.42
0.00 0.00 0.00 0.00 0.00 0.00 0.00 0.00 0.00 0.00 0.00 0.00 0.00 0.00 0.00 0.00 0.00 0.00 0.00 0.00 0.00 0.00 0.00 0.00 0.00 0.00 0.00 0.00 0.00 0.00 0.00 0.01 0.01 0.04 0.05 0.02 0.03 0.01 0.01 0.00 0.01 0.02 0.04 0.02 0.02 0.01 0.01 0.01 0.05 0.05 0.04 0.03 0.05 0.06 0.07 0.10 0.09 0.11 0.09 0.04 0.03 0.00 0.01 0.01 0.01 0.02 0.05 0.06 0.08 0.10 0.11 0.09 0.08 0.13 0.14 0.15 0.16 0.18 0.22 0.23 0.29 0.37 0.36 0.56
0.00 0.00 0.00 0.00 0.00 0.00 0.00 0.00 0.00 0.00 0.00 0.00 0.00 0.00 0.00 0.00 0.00 0.00 0.00 0.00 0.00 0.00 0.00 0.00 0.00 0.00 0.00 0.00 0.00 0.01 0.01 0.04 0.06 0.11 0.09 0.07 0.05 0.01 0.01 0.01 0.03 0.07 0.09 0.07 0.04 0.02 0.02 0.05 0.09 0.09 0.05 0.07 0.09 0.11 0.13 0.13 0.13 0.13 0.13 0.06 0.03 0.01 0.02 0.04 0.05 0.07 0.10 0.11 0.11 0.11 0.13 0.14 0.16 0.18 0.15 0.19 0.19 0.21 0.28 0.24 0.35 0.41 0.36 0.58
0.00 0.00 0.00 0.00 0.00 0.00 0.00 0.00 0.00 0.00 0.00 0.00 0.00 0.00 0.00 0.00 0.00 0.00 0.00 0.00 0.00 0.00 0.00 0.00 0.00 0.00 0.01 0.01 0.01 0.03 0.06 0.08 0.13 0.12 0.17 0.13 0.09 0.04 0.04 0.03 0.06 0.10 0.11 0.09 0.07 0.06 0.05 0.10 0.12 0.10 0.05 0.06 0.10 0.11 0.12 0.13 0.15 0.15 0.16 0.06 0.04 0.01 0.04 0.05 0.05 0.10 0.12 0.15 0.14 0.13 0.14 0.15 0.14 0.15 0.20 0.24 0.19 0.28 0.31 0.39 0.44 0.42 0.48 0.64
0.00 0.00 0.00 0.00 0.00 0.00 0.00 0.00 0.00 0.00 0.00 0.00 0.00 0.00 0.00 0.00 0.00 0.00 0.00 0.00 0.00 0.00 0.00 0.00 0.00 0.02 0.02 0.01 0.02 0.06 0.07 0.10 0.13 0.21 0.27 0.17 0.15 0.08 0.04 0.04 0.05 0.07 0.14 0.16 0.11 0.08 0.08 0.12 0.10 0.08 0.07 0.10 0.13 0.14 0.14 0.15 0.14 0.15 0.17 0.12 0.06 0.04 0.08 0.08 0.10 0.12 0.15 0.15 0.16 0.18 0.18 0.18 0.16 0.18 0.20 0.18 0.27 0.35 0.37 0.42 0.48 0.48 0.52 0.65
0.00 0.00 0.00 0.00 0.00 0.00 0.00 0.00 0.00 0.00 0.00 0.00 0.00 0.00 0.00 0.01 0.01 0.01 0.01 0.00 0.00 0.00 0.00 0.00 0.04 0.08 0.05 0.02 0.08 0.08 0.09 0.13 0.17 0.25 0.32 0.23 0.20 0.07 0.05 0.06 0.06 0.13 0.13 0.17 0.13 0.10 0.12 0.11 0.12 0.13 0.10 0.12 0.15 0.16 0.16 0.17 0.17 0.17 0.17 0.15 0.06 0.09 0.11 0.11 0.12 0.15 0.18 0.19 0.20 0.18 0.17 0.16 0.18 0.20 0.20 0.26 0.32 0.38 0.43 0.48 0.47 0.55 0.62 0.68
0.00 0.00 0.00 0.00 0.00 0.00 0.00 0.00 0.00 0.00 0.00 0.01 0.00 0.02 0.00 0.01 0.00 0.02 0.02 0.03 0.01 0.01 0.02 0.02 0.05 0.14 0.12 0.08 0.10 0.10 0.13 0.20 0.21 0.33 0.33 0.26 0.25 0.10 0.13 0.09 0.10 0.15 0.23 0.20 0.13 0.12 0.10 0.07 0.11 0.13 0.12 0.14 0.15 0.16 0.16 0.16 0.16 0.20 0.21 0.14 0.09 0.11 0.13 0.15 0.16 0.17 0.17 0.18 0.17 0.21 0.20 0.20 0.21 0.22 0.31 0.32 0.36 0.39 0.46 0.52 0.51 0.48 0.62 0.68
0.00 0.00 0.01 0.00 0.00 0.00 0.00 0.00 0.01 0.00 0.00 0.01 0.08 0.09 0.08 0.06 0.08 0.08 0.05 0.04 0.05 0.06 0.09 0.11 0.13 0.18 0.17 0.17 0.15 0.13 0.15 0.18 0.24 0.37 0.32 0.27 0.25 0.12 0.12 0.11 0.11 0.16 0.17 0.27 0.16 0.08 0.08 0.13 0.16 0.20 0.19 0.18 0.18 0.18 0.18 0.17 0.18 0.19 0.23 0.21 0.19 0.15 0.14 0.13 0.15 0.17 0.20 0.21 0.23 0.19 0.17 0.18 0.22 0.24 0.26 0.37 0.39 0.48 0.48 0.50 0.56 0.61 0.67 0.72
0.00 0.00 0.00 0.01 0.00 0.00 0.00 0.00 0.00 0.00 0.00 0.08 0.13 0.21 0.22 0.19 0.22 0.24 0.10 0.12 0.15 0.13 0.18 0.18 0.24 0.26 0.26 0.21 0.19 0.19 0.18 0.19 0.29 0.37 0.37 0.29 0.28 0.16 0.16 0.12 0.15 0.19 0.21 0.24 0.17 0.11 0.13 0.13 0.18 0.17 0.20 0.18 0.18 0.18 0.18 0.20 0.21 0.23 0.23 0.18 0.20 0.15 0.16 0.17 0.19 0.23 0.25 0.24 0.25 0.21 0.21 0.23 0.27 0.29 0.34 0.40 0.41 0.52 0.56 0.60 0.53 0.65 0.62 0.74
0.00 0.00 0.00 0.03 0.02 0.07 0.06 0.04 0.04 0.06 0.13 0.24 0.29 0.38 0.44 0.36 0.41 0.33 0.32 0.34 0.33 0.25 0.29 0.30 0.32 0.39 0.31 0.26 0.29 0.25 0.23 0.24 0.31 0.41 0.40 0.34 0.31 0.20 0.20 0.19 0.23 0.24 0.29 0.26 0.16 0.14 0.16 0.16 0.19 0.20 0.24 0.20 0.20 0.20 0.23 0.22 0.22 0.25 0.23 0.29 0.25 0.19 0.20 0.22 0.25 0.21 0.29 0.23 0.24 0.24 0.26 0.28 0.30 0.35 0.45 0.45 0.51 0.57 0.57 0.60 0.65 0.72 0.70 0.76
0.00 0.00 0.00 0.03 0.11 0.13 0.13 0.07 0.12 0.13 0.18 0.34 0.38 0.64 0.57 0.49 0.48 0.23 0.35 0.42 0.41 0.36 0.34 0.34 0.41 0.43 0.39 0.30 0.28 0.26 0.27 0.30 0.34 0.38 0.44 0.39 0.44 0.26 0.28 0.23 0.26 0.27 0.31 0.34 0.26 0.19 0.16 0.18 0.21 0.25 0.26 0.25 0.23 0.20 0.17 0.21 0.23 0.27 0.28 0.29 0.26 0.22 0.21 0.21 0.27 0.30 0.33 0.33 0.29 0.26 0.28 0.27 0.25 0.42 0.40 0.51 0.52 0.58 0.61 0.69 0.63 0.73 0.80 0.87
0.00 0.01 0.09 0.26 0.35 0.52 0.62 0.50 0.55 0.41 0.43 0.58 0.54 0.74 0.79 0.75 0.65 0.56 0.57 0.57 0.64 0.50 0.51 0.48 0.46 0.55 0.44 0.35 0.34 0.31 0.29 0.26 0.33 0.40 0.47 0.44 0.50 0.35 0.37 0.35 0.33 0.35 0.34 0.42 0.31 0.14 0.16 0.18 0.18 0.23 0.23 0.23 0.23 0.25 0.22 0.26 0.24 0.31 0.31 0.32 0.32 0.27 0.26 0.27 0.32 0.34 0.38 0.36 0.36 0.38 0.39 0.37 0.35 0.46 0.44 0.49 0.52 0.66 0.59 0.73 0.65 0.80 0.79 0.82
0.02 0.12 0.23 0.32 0.49 0.69 0.68 0.79 0.79 0.71 0.84 0.78 0.68 1.07 0.86 0.87 0.74 0.67 0.58 0.65 0.76 0.59 0.58 0.54 0.61 0.61 0.54 0.45 0.43 0.38 0.33 0.28 0.36 0.43 0.47 0.43 0.54 0.35 0.40 0.43 0.39 0.36 0.38 0.46 0.28 0.17 0.19 0.19 0.21 0.26 0.28 0.29 0.20 0.22 0.15 0.20 0.27 0.36 0.36 0.33 0.34 0.31 0.32 0.28 0.37 0.36 0.36 0.36 0.43 0.43 0.42 0.41 0.49 0.49 0.51 0.56 0.58 0.63 0.73 0.73 0.76 0.83 0.80 0.76
0.35 0.42 0.48 0.64 0.70 0.84 0.81 0.92 0.94 0.80 1.02 0.75 0.77 1.04 1.02 0.83 0.94 0.84 0.59 0.79 0.80 0.67 0.63 0.65 0.62 0.65 0.61 0.46 0.48 0.39 0.35 0.31 0.38 0.43 0.52 0.50 0.47 0.45 0.51 0.43 0.44 0.42 0.42 0.38 0.24 0.16 0.15 0.19 0.25 0.20 0.27 0.27 0.30 0.37 0.26 0.28 0.34 0.44 0.40 0.40 0.42 0.37 0.32 0.39 0.33 0.44 0.43 0.46 0.50 0.48 0.52 0.45 0.53 0.46 0.54 0.62 0.65 0.66 0.69 0.74 0.72 0.86 0.86 0.84
0.64 0.63 0.75 0.97 0.88 1.19 1.03 1.29 1.32 1.26 1.07 0.93 0.73 1.18 1.21 1.09 1.12 0.93 0.80 0.95 0.90 0.69 0.67 0.71 0.62 0.72 0.61 0.54 0.53 0.40 0.39 0.38 0.39 0.48 0.52 0.44 0.52 0.51 0.46 0.54 0.50 0.45 0.48 0.33 0.26 0.14 0.16 0.21 0.26 0.21 0.28 0.30 0.25 0.28 0.21 0.37 0.35 0.47 0.41 0.47 0.49 0.36 0.40 0.40 0.41 0.43 0.44 0.47 0.53 0.55 0.57 0.59 0.53 0.55 0.54 0.64 0.63 0.75 0.70 0.72 0.77 0.80 0.80 0.83
0.98 0.91 1.07 1.15 1.04 1.53 1.48 1.53 1.52 1.22 1.17 1.07 1.31 1.58 1.42 1.30 1.29 1.07 0.98 1.07 1.08 0.82 0.80 0.79 0.71 0.75 0.65 0.56 0.57 0.43 0.43 0.37 0.41 0.49 0.50 0.46 0.56 0.46 0.48 0.53 0.51 0.46 0.47 0.38 0.27 0.15 0.11 0.25 0.14 0.29 0.24 0.30 0.31 0.30 0.36 0.41 0.39 0.48 0.46 0.52 0.46 0.43 0.45 0.43 0.40 0.46 0.41 0.52 0.54 0.48 0.62 0.62 0.63 0.54 0.65 0.66 0.64 0.76 0.69 0.83 0.79 0.78 0.89 0.86
1.36 1.38 1.66 1.55 1.58 2.16 1.84 1.89 1.70 1.43 1.39 1.54 1.53 1.87 1.63 1.42 1.42 1.12 1.16 1.13 1.08 0.89 0.85 0.88 0.73 0.78 0.72 0.61 0.62 0.45 0.47 0.40 0.39 0.47 0.47 0.48 0.53 0.44 0.43 0.53 0.52 0.47 0.43 0.43 0.27 0.10 0.17 0.26 0.25 0.28 0.26 0.27 0.31 0.35 0.35 0.33 0.43 0.50 0.47 0.52 0.43 0.44 0.44 0.41 0.41 0.47 0.54 0.50 0.50 0.56 0.59 0.65 0.64 0.70 0.63 0.74 0.70 0.80 0.70 0.82 0.79 0.84 0.86 0.90
1.54 1.56 1.80 1.89 1.94 2.53 2.25 2.26 1.99 1.62 1.72 1.85 1.97 2.08 1.77 1.74 1.65 1.26 1.08 1.13 1.09 0.91 0.93 0.93 0.81 0.88 0.79 0.68 0.66 0.50 0.50 0.46 0.50 0.44 0.52 0.48 0.53 0.38 0.40 0.47 0.52 0.42 0.44 0.42 0.26 0.15 0.15 0.23 0.24 0.25 0.36 0.28 0.32 0.41 0.53 0.47 0.44 0.55 0.54 0.51 0.47 0.47 0.48 0.49 0.47 0.52 0.50 0.51 0.56 0.58 0.64 0.68 0.71 0.68 0.66 0.74 0.68 0.76 0.80 0.87 0.79 0.82 0.87 0.89
2.19 1.92 2.00 2.26 2.44 3.04 2.60 2.77 2.46 1.94 1.82 1.99 1.82 2.31 2.18 1.94 1.68 1.17 1.09 1.12 1.17 1.02 0.93 1.00 0.90 0.92 0.85 0.67 0.66 0.46 0.47 0.49 0.49 0.62 0.56 0.44 0.56 0.37 0.43 0.49 0.49 0.40 0.46 0.39 0.24 0.14 0.20 0.19 0.29 0.25 0.22 0.25 0.29 0.43 0.42 0.48 0.46 0.58 0.51 0.58 0.50 0.46 0.45 0.49 0.56 0.64 0.62 0.60 0.61 0.67 0.64 0.74 0.68 0.67 0.72 0.79 0.69 0.78 0.71 0.80 0.76 0.74 0.87 0.88
2.56 2.55 2.74 2.62 2.70 3.16 3.11 2.88 2.45 2.01 2.02 1.97 2.35 2.60 2.51 1.84 1.60 1.18 1.06 1.21 1.25 1.06 1.03 1.06 0.92 0.98 0.89 0.72 0.73 0.56 0.52 0.45 0.52 0.65 0.58 0.51 0.51 0.36 0.44 0.51 0.47 0.42 0.46 0.38 0.26 0.12 0.19 0.24 0.39 0.29 0.27 0.35 0.38 0.47 0.44 0.49 0.56 0.64 0.53 0.59 0.63 0.50 0.49 0.53 0.48 0.61 0.60 0.66 0.65 0.64 0.70 0.79 0.64 0.68 0.67 0.75 0.72 0.85 0.82 0.82 0.77 0.80 0.85 0.91
3.31 2.95 3.06 2.87 2.98 3.30 3.06 3.58 3.20 2.42 2.26 2.49 2.42 2.86 2.95 1.90 1.73 1.42 1.21 1.39 1.34 1.18 1.11 1.09 0.99 0.99 0.88 0.73 0.76 0.59 0.56 0.47 0.56 0.62 0.61 0.52 0.48 0.35 0.48 0.50 0.49 0.41 0.51 0.43 0.33 0.15 0.20 0.20 0.28 0.19 0.27 0.27 0.40 0.43 0.42 0.52 0.55 0.64 0.58 0.67 0.53 0.47 0.53 0.51 0.56 0.69 0.64 0.67 0.70 0.72 0.70 0.75 0.71 0.73 0.66 0.73 0.73 0.84 0.74 0.77 0.78 0.77 0.90 0.86
4.08 3.62 3.46 2.90 2.73 3.21 2.88 3.43 3.37 2.98 2.66 2.62 2.63 3.23 2.91 2.06 1.81 1.49 1.30 1.42 1.40 1.24 1.18 1.16 1.04 1.01 0.89 0.75 0.76 0.61 0.59 0.54 0.60 0.61 0.59 0.47 0.44 0.43 0.46 0.51 0.46 0.38 0.44 0.40 0.34 0.14 0.18 0.25 0.34 0.27 0.34 0.40 0.36 0.36 0.46 0.53 0.60 0.55 0.64 0.64 0.57 0.58 0.56 0.56 0.63 0.70 0.73 0.72 0.76 0.72 0.75 0.85 0.79 0.77 0.74 0.70 0.83 0.79 0.78 0.76 0.80 0.83 0.82 0.83
4.51 3.67 3.54 2.76 2.48 2.84 2.65 3.16 3.19 2.96 2.71 2.68 2.61 2.79 2.43 2.19 1.93 1.48 1.23 1.41 1.37 1.22 1.21 1.20 1.07 1.02 0.95 0.75 0.76 0.61 0.59 0.57 0.62 0.60 0.56 0.48 0.48 0.43 0.47 0.46 0.44 0.41 0.34 0.35 0.32 0.23 0.19 0.27 0.21 0.28 0.31 0.31 0.32 0.39 0.45 0.50 0.44 0.53 0.57 0.59 0.55 0.58 0.60 0.60 0.59 0.71 0.70 0.71 0.73 0.70 0.69 0.85 0.74 0.81 0.77 0.74 0.82 0.83 0.76 0.71 0.81 0.82 0.83 0.79
4.57 4.23 4.03 2.89 2.48 2.59 2.78 3.16 3.10 2.76 2.58 2.49 2.45 2.27 2.10 1.99 1.94 1.48 1.29 1.33 1.27 1.14 1.11 1.10 1.05 1.05 0.96 0.79 0.78 0.64 0.63 0.62 0.61 0.55 0.54 0.50 0.51 0.45 0.42 0.39 0.45 0.31 0.33 0.37 0.39 0.24 0.26 0.35 0.32 0.39 0.41 0.39 0.34 0.47 0.48 0.48 0.42 0.48 0.53 0.56 0.56 0.66 0.65 0.65 0.64 0.62 0.68 0.66 0.67 0.70 0.74 0.83 0.68 0.78 0.79 0.77 0.80 0.74 0.74 0.72 0.77 0.83 0.77 0.81
4.87 4.11 3.92 3.13 2.77 2.49 2.60 2.80 2.88 2.62 2.51 2.36 2.23 2.23 2.10 2.10 1.87 1.56 1.43 1.27 1.19 1.08 1.08 1.06 1.00 0.99 0.95 0.78 0.77 0.71 0.69 0.59 0.60 0.55 0.50 0.53 0.54 0.35 0.41 0.43 0.37 0.26 0.32 0.44 0.39 0.25 0.27 0.31 0.36 0.41 0.38 0.39 0.40 0.46 0.47 0.44 0.44 0.51 0.52 0.56 0.52 0.63 0.63 0.59 0.61 0.69 0.67 0.68 0.66 0.66 0.73 0.75 0.75 0.87 0.87 0.83 0.81 0.89 0.75 0.75 0.72 0.75 0.72 0.75
4.48 4.18 3.96 3.27 3.02 2.71 2.61 2.53 2.61 2.42 2.26 2.03 2.08 2.06 1.99 1.90 1.70 1.33 1.19 1.15 1.06 0.96 0.94 0.94 0.93 0.93 0.89 0.81 0.75 0.65 0.68 0.55 0.51 0.46 0.46 0.46 0.45 0.37 0.41 0.38 0.27 0.20 0.29 0.41 0.37 0.26 0.28 0.33 0.38 0.37 0.39 0.40 0.44 0.48 0.43 0.50 0.43 0.49 0.56 0.57 0.55 0.61 0.61 0.68 0.70 0.64 0.74 0.73 0.70 0.74 0.76 0.81 0.81 0.85 0.96 0.82 0.85 0.83 0.86 0.76 0.74 0.70 0.65 0.66
4.38 4.08 3.76 3.04 2.82 2.61 2.77 2.55 2.48 2.43 2.22 2.10 2.02 1.94 1.91 1.78 1.67 1.38 1.19 1.09 0.99 0.91 0.90 0.90 0.86 0.85 0.89 0.79 0.78 0.68 0.59 0.52 0.47 0.40 0.39 0.42 0.44 0.33 0.35 0.33 0.25 0.18 0.28 0.36 0.32 0.25 0.24 0.32 0.36 0.38 0.33 0.38 0.39 0.46 0.55 0.45 0.44 0.51 0.54 0.55 0.58 0.57 0.61 0.67 0.71 0.72 0.77 0.81 0.71 0.72 0.78 0.79 0.86 0.93 0.92 0.88 0.85 0.94 0.89 0.84 0.74 0.76 0.69 0.68
4.08 3.72 3.41 2.92 2.70 2.43 2.61 2.57 2.42 2.41 2.13 2.03 2.00 1.79 1.76 1.68 1.53 1.28 1.14 1.07 0.96 0.92 0.85 0.86 0.84 0.81 0.80 0.72 0.71 0.62 0.57 0.48 0.46 0.44 0.37 0.42 0.48 0.30 0.34 0.26 0.19 0.21 0.28 0.29 0.28 0.20 0.22 0.35 0.34 0.37 0.35 0.37 0.36 0.49 0.45 0.46 0.47 0.53 0.57 0.58 0.56 0.54 0.58 0.65 0.66 0.76 0.79 0.84 0.78 0.77 0.83 0.81 0.85 0.92 0.92 0.86 0.91 0.91 0.88 0.82 0.79 0.80 0.74 0.72
3.94 3.58 3.36 2.86 2.83 2.56 2.57 2.31 2.24 2.33 2.15 2.04 1.96 1.73 1.71 1.60 1.58 1.35 1.15 1.01 0.96 0.90 0.85 0.84 0.81 0.76 0.78 0.74 0.64 0.57 0.54 0.48 0.50 0.41 0.47 0.45 0.43 0.34 0.34 0.27 0.19 0.18 0.18 0.25 0.20 0.24 0.27 0.37 0.30 0.43 0.35 0.36 0.40 0.47 0.50 0.46 0.51 0.53 0.58 0.58 0.55 0.56 0.56 0.58 0.64 0.71 0.78 0.84 0.82 0.83 0.85 0.89 0.92 0.92 0.87 0.93 0.89 0.93 0.89 0.81 0.77 0.86 0.71 0.74
3.98 3.51 3.24 3.07 3.03 2.77 2.63 2.35 2.23 2.28 2.24 2.05 1.97 1.69 1.65 1.53 1.43 1.24 1.11 1.00 0.92 0.87 0.85 0.82 0.75 0.73 0.73 0.66 0.61 0.54 0.47 0.45 0.44 0.49 0.45 0.41 0.44 0.32 0.36 0.26 0.20 0.19 0.20 0.21 0.19 0.21 0.23 0.33 0.38 0.45 0.32 0.33 0.37 0.44 0.49 0.47 0.53 0.53 0.56 0.60 0.64 0.58 0.55 0.62 0.68 0.71 0.77 0.82 0.87 0.91 0.92 0.97 0.92 0.94 0.95 0.93 0.92 0.95 0.96 0.76 0.84 0.78 0.73 0.55
4.07 3.51 3.17 2.99 2.89 2.60 2.38 2.14 2.24 2.22 2.15 1.99 1.88 1.56 1.49 1.45 1.33 1.19 1.01 0.95 0.90 0.87 0.82 0.78 0.77 0.70 0.59 0.67 0.63 0.46 0.43 0.40 0.42 0.44 0.40 0.39 0.43 0.35 0.29 0.25 0.21 0.18 0.19 0.21 0.19 0.18 0.24 0.30 0.36 0.41 0.39 0.33 0.38 0.42 0.46 0.47 0.53 0.54 0.58 0.58 0.62 0.66 0.66 0.69 0.69 0.75 0.78 0.84 0.86 0.84 0.90 0.92 0.97 0.95 1.01 0.93 0.93 0.96 0.85 0.84 0.82 0.88 0.66 0.58
4.15 3.63 3.28 3.12 2.84 2.61 2.31 2.16 2.17 2.13 1.98 2.06 1.77 1.49 1.43 1.35 1.21 1.10 0.97 0.85 0.85 0.79 0.76 0.74 0.70 0.61 0.56 0.59 0.59 0.47 0.43 0.30 0.37 0.35 0.32 0.38 0.40 0.25 0.29 0.24 0.24 0.18 0.22 0.22 0.17 0.18 0.25 0.31 0.36 0.34 0.26 0.35 0.40 0.46 0.47 0.53 0.50 0.59 0.59 0.60 0.56 0.65 0.68 0.71 0.75 0.69 0.79 0.78 0.85 0.81 0.93 0.89 0.96 1.01 0.98 0.95 0.84 1.01 0.94 0.82 0.79 0.81 0.69 0.63
3.98 3.60 3.31 3.29 2.97 2.64 2.36 2.35 2.20 2.14 2.12 1.82 1.73 1.39 1.36 1.29 1.15 0.99 0.93 0.85 0.79 0.72 0.72 0.71 0.70 0.55 0.49 0.59 0.56 0.43 0.36 0.30 0.33 0.27 0.32 0.39 0.32 0.20 0.21 0.24 0.22 0.24 0.20 0.27 0.16 0.20 0.22 0.29 0.33 0.30 0.30 0.36 0.42 0.51 0.51 0.51 0.52 0.53 0.60 0.63 0.60 0.63 0.66 0.73 0.73 0.74 0.74 0.82 0.82 0.83 0.88 0.90 0.91 0.97 0.96 0.93 0.95 0.89 1.02 0.89 0.76 0.83 0.67 0.70
4.19 3.92 3.71 3.44 3.04 2.43 2.10 1.94 2.18 2.13 1.86 1.88 1.56 1.33 1.23 1.13 1.05 0.95 0.87 0.76 0.71 0.63 0.63 0.66 0.58 0.51 0.48 0.48 0.45 0.35 0.33 0.26 0.27 0.26 0.29 0.33 0.23 0.16 0.16 0.23 0.24 0.23 0.23 0.21 0.21 0.18 0.24 0.27 0.31 0.28 0.33 0.37 0.39 0.50 0.52 0.56 0.55 0.63 0.60 0.62 0.63 0.71 0.74 0.75 0.78 0.77 0.81 0.79 0.81 0.85 0.90 0.85 0.93 0.92 0.96 0.91 0.96 0.89 0.99 0.82 0.76 0.79 0.66 0.56
4.21 3.93 3.81 3.44 3.20 2.45 2.28 1.92 2.08 2.09 1.95 1.69 1.48 1.21 1.10 1.10 1.06 0.90 0.84 0.79 0.66 0.58 0.59 0.60 0.59 0.47 0.41 0.46 0.37 0.32 0.27 0.23 0.24 0.20 0.29 0.26 0.17 0.09 0.19 0.19 0.21 0.19 0.23 0.25 0.17 0.19 0.21 0.24 0.30 0.31 0.28 0.35 0.40 0.49 0.53 0.57 0.56 0.54 0.56 0.64 0.65 0.73 0.77 0.80 0.81 0.84 0.82 0.81 0.82 0.85 0.87 0.82 0.93 0.96 0.92 0.86 0.86 0.89 0.88 0.82 0.75 0.74 0.63 0.62
4.12 3.84 3.95 3.71 3.43 2.78 2.58 2.48 2.29 2.12 1.87 1.73 1.52 1.18 1.06 1.03 0.98 0.92 0.83 0.74 0.64 0.54 0.56 0.56 0.56 0.44 0.44 0.38 0.37 0.23 0.22 0.21 0.20 0.21 0.24 0.21 0.13 0.14 0.17 0.21 0.16 0.19 0.22 0.22 0.21 0.20 0.20 0.25 0.28 0.32 0.29 0.32 0.35 0.43 0.51 0.54 0.58 0.59 0.63 0.67 0.69 0.76 0.75 0.77 0.78 0.87 0.87 0.77 0.86 0.86 0.81 0.86 0.85 0.86 0.91 0.86 0.84 0.91 0.84 0.81 0.70 0.71 0.67 0.61
